  0.0000000000000000e+000	 -1.4079019817255922e+001	 -5.1689664399373889e+000	
  3.0000000000000000e+001	 -2.6166507759691413e+001	 -1.0116224159969214e+001	
  6.0000000000000000e+001	 -2.2973318848367953e+001	 -1.0381759797042740e+001	
  9.0000000000000000e+001	 -2.4538544245622802e+001	 -1.3254346177911360e+001	
  1.2000000000000000e+002	 -8.8894186740742711e+000	  3.1361542815213024e+001	
  1.5000000000000000e+002	 -6.0306615754997717e+000	  3.7167061090561084e+001	
  1.8000000000000000e+002	  1.6716862253694296e+000	  3.0361920841162995e+001	
  2.1000000000000000e+002	  1.1018833088742129e+001	  2.2444931457209147e+001	
  2.4000000000000000e+002	  1.6841695942780099e+001	  1.7194378614402879e+001	
  2.7000000000000000e+002	  2.9960359461243158e+001	  4.9561870475551231e+001	
  3.0000000000000000e+002	  3.4975874302879930e+001	  7.4963379000976047e+001	
  3.3000000000000000e+002	  5.0348571239165913e+001	  8.1769527632377120e+001	
  3.6000000000000000e+002	  4.5697661602647734e+001	  9.3597051589426997e+001	
  3.9000000000000000e+002	  2.6762304255692544e+002	  4.3854094048995358e+002	
  4.2000000000000000e+002	  5.1476160881606711e+002	  8.4340124603950073e+002	
  4.5000000000000000e+002	  5.4954606126236945e+002	  1.0920836408336831e+003	
  4.8000000000000000e+002	  5.0105344881127604e+002	  1.3176491914068029e+003	
  5.1000000000000000e+002	  2.1247361472147605e+002	  1.3101080034521510e+003	
  5.4000000000000000e+002	  1.1428747866226391e+002	  1.2811000776299898e+003	
  5.7000000000000000e+002	 -9.1954802437884965e+001	  1.2260352200631974e+003	
  6.0000000000000000e+002	 -2.0684241867208291e+002	  1.2440348526154107e+003	
  6.3000000000000000e+002	 -2.0956229634406910e+002	  1.2359795471222642e+003	
  6.6000000000000000e+002	 -1.6961445737438888e+002	  1.2263320632619466e+003	
  6.9000000000000000e+002	 -1.3193365693843577e+002	  1.2118022511904690e+003	
  7.2000000000000000e+002	 -1.0659002071563771e+002	  1.2276010812367915e+003	
  7.5000000000000000e+002	 -1.1273260723262749e+002	  1.2342429988288816e+003	
  7.8000000000000000e+002	 -1.1503037847029047e+002	  1.2423617279994894e+003	
  8.1000000000000000e+002	 -1.1812169471710797e+002	  1.2567375343617114e+003	
  8.4000000000000000e+002	 -1.1771959163306560e+002	  1.2657952694755095e+003	
  8.7000000000000000e+002	 -1.1696814739229411e+002	  1.2671932065246094e+003	
  9.0000000000000000e+002	 -1.2201761588640477e+002	  1.2739713285231530e+003	
  9.3000000000000000e+002	 -1.2834685532235500e+002	  1.2810258661747514e+003	
  9.6000000000000000e+002	 -1.1753047316288566e+002	  1.3044321401933807e+003	
  9.9000000000000000e+002	 -1.0798044898818165e+002	  1.2869442265832631e+003	
  1.0200000000000000e+003	 -9.8886846575288516e+001	  1.2807176026033856e+003	
  1.0500000000000000e+003	 -9.8284302156123090e+001	  1.2837146003976131e+003	
  1.0800000000000000e+003	 -9.7681757736957664e+001	  1.2867115981918409e+003	
  1.1100000000000000e+003	 -8.8691100950784033e+001	  1.2759794906155275e+003	
  1.1400000000000000e+003	 -8.9194688362337587e+001	  1.2854255435940834e+003	
  1.1700000000000000e+003	 -8.1571248565827744e+001	  1.2899418344808171e+003	
  1.2000000000000000e+003	 -8.8814251503992210e+001	  1.2933988201212271e+003	
  1.2300000000000000e+003	 -8.6505441409213944e+001	  1.2908840540272711e+003	
  1.2600000000000000e+003	 -9.4366535698004398e+001	  1.2954847179768417e+003	
  1.2900000000000000e+003	 -9.2983047757457754e+001	  1.2921637617301760e+003	
  1.3200000000000000e+003	 -8.1861471768235177e+001	  1.2833085260234766e+003	
  1.3500000000000000e+003	 -8.2595839654140249e+001	  1.2861113317539205e+003	
  1.3800000000000000e+003	 -8.2497929784864013e+001	  1.2885583213553341e+003	
  1.4100000000000000e+003	 -7.9813424088438424e+001	  1.2880017385016968e+003	
  1.4400000000000000e+003	 -7.8703711340769900e+001	  1.2862206638381599e+003	
  1.4700000000000000e+003	 -7.7593998593101375e+001	  1.2844395891746228e+003	
  1.5000000000000000e+003	 -8.0906860180942132e+001	  1.2823913537183203e+003	
  1.5300000000000000e+003	 -7.8018296280797173e+001	  1.2809819090222711e+003	
  1.5600000000000000e+003	 -7.5080855576412276e+001	  1.2784644324753399e+003	
  1.5900000000000000e+003	 -7.4128960150216784e+001	  1.2773598260833401e+003	
  1.6200000000000000e+003	 -7.6606642931803037e+001	  1.2786956317771308e+003	
  1.6500000000000000e+003	 -7.9084325713389291e+001	  1.2800314374709214e+003	
  1.6800000000000000e+003	 -8.1562008494975530e+001	  1.2813672431647117e+003	
  1.7100000000000000e+003	 -1.1585284993267298e+002	  1.2848403337343791e+003	
  1.7400000000000000e+003	 -2.1658266672770517e+002	  1.2820621722059416e+003	
  1.7700000000000000e+003	 -3.4440104651133959e+002	  1.2923002889210491e+003	
  1.8000000000000000e+003	 -4.3938224233901298e+002	  1.3727299496442636e+003	
  1.8300000000000000e+003	 -4.6048492231846069e+002	  1.4961242377841656e+003	
  1.8600000000000000e+003	 -4.8828400783603018e+002	  1.5950142980656128e+003	
  1.8900000000000000e+003	 -4.8741364621834589e+002	  1.6184341810069941e+003	
  1.9200000000000000e+003	 -4.8610810261998944e+002	  1.6140742567506275e+003	
  1.9500000000000000e+003	 -4.7902220763195567e+002	  1.6232403176840353e+003	
  1.9800000000000000e+003	 -4.7031652121251238e+002	  1.6289381845214302e+003	
  2.0100000000000000e+003	 -4.5614515267979743e+002	  1.6287519435264981e+003	
  2.0400000000000000e+003	 -4.5128900390936030e+002	  1.6322668055085308e+003	
  2.0700000000000000e+003	 -4.5372266223818599e+002	  1.6343569419863788e+003	
  2.1000000000000000e+003	 -4.5826847602513129e+002	  1.6413222125960144e+003	
  2.1300000000000000e+003	 -4.7038506484316878e+002	  1.6447374184159937e+003	
  2.1600000000000000e+003	 -4.7004935524805131e+002	  1.6441076814540020e+003	
  2.1900000000000000e+003	 -4.6971364565293379e+002	  1.6434779444920098e+003	
  2.2200000000000000e+003	 -4.6937793605781627e+002	  1.6428482075300178e+003	
  2.2500000000000000e+003	 -4.6904222646269864e+002	  1.6422184705680256e+003	
  2.2800000000000000e+003	 -4.6870651686758117e+002	  1.6415887336060334e+003	
  2.3100000000000000e+003	 -4.6610616435294833e+002	  1.6414335276065785e+003	
  2.3400000000000000e+003	 -4.6608657097250398e+002	  1.6437600565099135e+003	
  2.3700000000000000e+003	 -4.6501717562872471e+002	  1.6458471028614954e+003	
  2.4000000000000000e+003	 -4.5297849929894358e+002	  1.6395093339262664e+003	
  2.4300000000000000e+003	 -4.3148081847361925e+002	  1.6321663790779021e+003	
  2.4600000000000000e+003	 -4.1947121341842853e+002	  1.6214954011299801e+003	
  2.4900000000000000e+003	 -4.0556994653962954e+002	  1.6095759655689378e+003	
  2.5200000000000000e+003	 -3.9328240778896463e+002	  1.5975438837010086e+003	
  2.5500000000000000e+003	 -3.9055787705400434e+002	  1.5939233917966676e+003	
  2.5800000000000000e+003	 -3.8915953462096871e+002	  1.5888434596346931e+003	
  2.6100000000000000e+003	 -3.8872849885873535e+002	  1.5851627348133040e+003	
  2.6400000000000000e+003	 -3.9192435010033665e+002	  1.5843897001013092e+003	
  2.6700000000000000e+003	 -3.8866049987820281e+002	  1.5829054703235743e+003	
  2.7000000000000000e+003	 -3.8658443644184496e+002	  1.5782316083328024e+003	
  2.7300000000000000e+003	 -3.7510774694504863e+002	  1.5626448775665187e+003	
  2.7600000000000000e+003	 -3.7714999313302013e+002	  1.5729735127844610e+003	
  2.7900000000000000e+003	 -3.6674819258338908e+002	  1.5623724996907790e+003	
  2.8200000000000000e+003	 -4.1361096776268391e+002	  1.5622171748543151e+003	
  2.8500000000000000e+003	 -4.1367788419304321e+002	  1.5573149065307020e+003	
  2.8800000000000000e+003	 -3.7326274627417996e+002	  1.5834206219331325e+003	
  2.9100000000000000e+003	 -4.0978847148672872e+002	  1.5655115590057940e+003	
  2.9400000000000000e+003	 -4.1148567334854664e+002	  1.5643278856346419e+003	
  2.9700000000000000e+003	 -4.1185707760705498e+002	  1.5637904910296172e+003	
  3.0000000000000000e+003	 -4.1250172503909198e+002	  1.5633728139527652e+003	
  3.0300000000000000e+003	 -4.1697177690053104e+002	  1.5646311822703397e+003	
  3.0600000000000000e+003	 -4.2144182876197010e+002	  1.5658895505879143e+003	
  3.0900000000000000e+003	 -4.1514118276751964e+002	  1.5637898506734402e+003	
  3.1200000000000000e+003	 -4.1219325237207039e+002	  1.5627162369176551e+003	
  3.1500000000000000e+003	 -4.1217477729631912e+002	  1.5628842625509619e+003	
  3.1800000000000000e+003	 -4.1215630222056791e+002	  1.5630522881842689e+003	
  3.2100000000000000e+003	 -4.1213782714481670e+002	  1.5632203138175760e+003	
  3.2400000000000000e+003	 -4.1211935206906543e+002	  1.5633883394508828e+003	
  3.2700000000000000e+003	 -4.1163855846674187e+002	  1.5633084537128370e+003	
  3.3000000000000000e+003	 -4.0988638891634440e+002	  1.5625468117035716e+003	
  3.3300000000000000e+003	 -4.0814620010255578e+002	  1.5623929586092349e+003	
  3.3600000000000000e+003	 -4.0642670528836442e+002	  1.5632889227315936e+003	
  3.3900000000000000e+003	 -4.0716107043124214e+002	  1.5632367437299217e+003	
  3.4200000000000000e+003	 -4.0789543557411992e+002	  1.5631845647282501e+003	
  3.4500000000000000e+003	 -4.1036713619801611e+002	  1.5641553923227164e+003	
  3.4800000000000000e+003	 -4.1310611920360753e+002	  1.5652836055473576e+003	
  3.5100000000000000e+003	 -4.1254196401996393e+002	  1.5643008976520784e+003	
  3.5400000000000000e+003	 -4.0867876029271673e+002	  1.5613965349494665e+003	
  3.5700000000000000e+003	 -4.0867876029271673e+002	  1.5613965349494665e+003	
  3.6000000000000000e+003	 -4.0867876029271673e+002	  1.5613965349494665e+003	
  3.6300000000000000e+003	 -4.0867876029271673e+002	  1.5613965349494665e+003	
  3.6600000000000000e+003	 -4.0867876029271673e+002	  1.5613965349494665e+003	
  3.6900000000000000e+003	 -4.0867876029271673e+002	  1.5613965349494665e+003	
  3.7200000000000000e+003	 -4.0867876029271673e+002	  1.5613965349494665e+003	
  3.7500000000000000e+003	 -4.0867876029271673e+002	  1.5613965349494665e+003	
  3.7800000000000000e+003	 -4.0867876029271673e+002	  1.5613965349494665e+003	
  3.8100000000000000e+003	 -4.0867876029271673e+002	  1.5613965349494665e+003	
  3.8400000000000000e+003	 -4.0867876029271673e+002	  1.5613965349494665e+003	
  3.8700000000000000e+003	 -4.0867876029271673e+002	  1.5613965349494665e+003	
  3.9000000000000000e+003	 -4.0867876029271673e+002	  1.5613965349494665e+003	
  3.9300000000000000e+003	 -4.0867876029271673e+002	  1.5613965349494665e+003	
  3.9600000000000000e+003	 -4.0867876029271673e+002	  1.5613965349494665e+003	
  3.9900000000000000e+003	 -4.0870673359039455e+002	  1.5630821924637016e+003	
  4.0200000000000000e+003	 -4.0741920807364221e+002	  1.5622567133927694e+003	
  4.0500000000000000e+003	 -4.0799673124377620e+002	  1.5615347230285672e+003	
  4.0800000000000000e+003	 -4.0880760114586371e+002	  1.5625917299204034e+003	
  4.1100000000000000e+003	 -4.0672045921123879e+002	  1.5630662930651306e+003	
  4.1400000000000000e+003	 -4.1287351362532962e+002	  1.5630743569437630e+003	
  4.1700000000000000e+003	 -4.1202207892828318e+002	  1.5622999775617800e+003	
  4.2000000000000000e+003	 -4.1117064423123674e+002	  1.5615255981797970e+003	
  4.2300000000000000e+003	 -4.1002403284899634e+002	  1.5591992314889590e+003	
  4.2600000000000000e+003	 -4.1077530452595909e+002	  1.5662470148256225e+003	
  4.2900000000000000e+003	 -4.1042972062453532e+002	  1.5646263671957488e+003	
  4.3200000000000000e+003	 -4.1008413672311156e+002	  1.5630057195658751e+003	
  4.3500000000000000e+003	 -4.0855146729758212e+002	  1.5622425448884208e+003	
  4.3800000000000000e+003	 -4.0820876116830658e+002	  1.5630774222650170e+003	
  4.4100000000000000e+003	 -4.0801783188551303e+002	  1.5647082161973467e+003	
  4.4400000000000000e+003	 -4.0374102589923120e+002	  1.5593292177587541e+003	
  4.4700000000000000e+003	 -4.0501991963323462e+002	  1.5602379284182366e+003	
  4.5000000000000000e+003	 -4.0411404393821874e+002	  1.5620273322349906e+003	
  4.5300000000000000e+003	 -4.1016584878938886e+002	  1.5616817823215179e+003	
  4.5600000000000000e+003	 -4.1112664783709818e+002	  1.5583432653510711e+003	
  4.5900000000000000e+003	 -4.0955555328948685e+002	  1.5595952222981102e+003	
  4.6200000000000000e+003	 -4.0888794513887353e+002	  1.5556485259069914e+003	
  4.6500000000000000e+003	 -4.0826533484781470e+002	  1.5613470631298505e+003	
  4.6800000000000000e+003	 -4.0967015255022966e+002	  1.5629688884740590e+003	
  4.7100000000000000e+003	 -4.0955711694795832e+002	  1.5647818816752417e+003	
  4.7400000000000000e+003	 -4.1050747469651850e+002	  1.5630139088800029e+003	
  4.7700000000000000e+003	 -4.0610669033371994e+002	  1.5620101386613824e+003	
  4.8000000000000000e+003	 -4.1178629243167478e+002	  1.5661538726917991e+003	
  4.8300000000000000e+003	 -4.0833982328225716e+002	  1.5640767106827300e+003	
  4.8600000000000000e+003	 -4.0489269279781911e+002	  1.5700421635945320e+003	
  4.8900000000000000e+003	 -4.0299172924610491e+002	  1.5628887816646718e+003	
  4.9200000000000000e+003	 -4.0807274697112922e+002	  1.5573830982642421e+003	
  4.9500000000000000e+003	 -4.0707295221441376e+002	  1.5526692743912374e+003	
  4.9800000000000000e+003	 -4.0864315852406929e+002	  1.5531691902346085e+003	
  5.0100000000000000e+003	 -4.0956000259237788e+002	  1.5571664869692395e+003	
  5.0400000000000000e+003	 -4.0842026174918146e+002	  1.5566855938300994e+003	
  5.0700000000000000e+003	 -4.0680400757709219e+002	  1.5542484915324330e+003	
  5.1000000000000000e+003	 -4.0441487358457749e+002	  1.5524228910442282e+003	
  5.1300000000000000e+003	 -4.0089122863596771e+002	  1.5519197368112436e+003	
  5.1600000000000000e+003	 -4.0444169660574812e+002	  1.5520914351577164e+003	
  5.1900000000000000e+003	 -4.0522374551419682e+002	  1.5524275564585789e+003	
  5.2200000000000000e+003	 -4.0308967047936534e+002	  1.5542902314692919e+003	
  5.2500000000000000e+003	 -4.0475126390064474e+002	  1.5571912214080107e+003	
  5.2800000000000000e+003	 -4.0641285732192415e+002	  1.5600922113467293e+003	
  5.3100000000000000e+003	 -4.1300483494048325e+002	  1.5646348495475590e+003	
  5.3400000000000000e+003	 -4.3116165052118401e+002	  1.5626552770509438e+003	
  5.3700000000000000e+003	 -4.3795547981663151e+002	  1.5579064168144296e+003	
  5.4000000000000000e+003	 -4.4023766237637176e+002	  1.5345691145228584e+003	
  5.4300000000000000e+003	 -4.3230086084536924e+002	  1.5089522647876233e+003	
  5.4600000000000000e+003	 -4.1146677528332839e+002	  1.4872886420537548e+003	
  5.4900000000000000e+003	 -3.8709540050894236e+002	  1.4775429488041464e+003	
  5.5200000000000000e+003	 -3.9918096339036680e+002	  1.4726768039897515e+003	
  5.5500000000000000e+003	 -4.0627983443757495e+002	  1.4702417439263036e+003	
  5.5800000000000000e+003	 -4.0632878637388035e+002	  1.4690775518948633e+003	
  5.6100000000000000e+003	 -4.0148741828872784e+002	  1.4596197243975300e+003	
  5.6400000000000000e+003	 -3.9455223744598169e+002	  1.4674550220879717e+003	
  5.6700000000000000e+003	 -4.0513204530443755e+002	  1.4550144938060048e+003	
  5.7000000000000000e+003	 -4.2507260665859428e+002	  1.5037978848080031e+003	
  5.7300000000000000e+003	 -4.0702987351565628e+002	  1.4711717991862979e+003	
  5.7600000000000000e+003	 -3.9799707775398133e+002	  1.4583776153367271e+003	
  5.7900000000000000e+003	 -4.0077209427866444e+002	  1.4569254357636032e+003	
  5.8200000000000000e+003	 -3.9344133959973169e+002	  1.4486525505426850e+003	
  5.8500000000000000e+003	 -3.9151863961184984e+002	  1.4671716701674052e+003	
  5.8800000000000000e+003	 -3.8863058272650687e+002	  1.4612876763830495e+003	
  5.9100000000000000e+003	 -4.3630069914280523e+002	  1.4043466605956460e+003	
  5.9400000000000000e+003	 -4.6120880624958346e+002	  1.3942772493853279e+003	
  5.9700000000000000e+003	 -4.6329346430020331e+002	  1.3935231657885201e+003	
  6.0000000000000000e+003	 -4.0268144224225910e+002	  1.4461276779996310e+003	
  6.0300000000000000e+003	 -3.8919359090993515e+002	  1.4471851877400725e+003	
  6.0600000000000000e+003	 -3.8159115377793188e+002	  1.4455631403355408e+003	
  6.0900000000000000e+003	 -3.8431740148163664e+002	  1.4484586597472326e+003	
  6.1200000000000000e+003	 -3.9224529068773245e+002	  1.4454133878540188e+003	
  6.1500000000000000e+003	 -4.1602242289788990e+002	  1.4530849950763061e+003	
  6.1800000000000000e+003	 -4.2170409320792521e+002	  1.4605549588453096e+003	
  6.2100000000000000e+003	 -4.2738576351796053e+002	  1.4680249226143130e+003	
  6.2400000000000000e+003	 -4.3306743382799579e+002	  1.4754948863833167e+003	
  6.2700000000000000e+003	 -4.3874910413803121e+002	  1.4829648501523200e+003	
  6.3000000000000000e+003	 -4.4443077444806647e+002	  1.4904348139213234e+003	
  6.3300000000000000e+003	 -4.1145227427450385e+002	  1.4553398125424283e+003	
  6.3600000000000000e+003	 -3.9908305278365344e+002	  1.4471295311464669e+003	
  6.3900000000000000e+003	 -3.9428519339297156e+002	  1.4331592371176309e+003	
  6.4200000000000000e+003	 -3.9428519339297156e+002	  1.4331592371176309e+003	
  6.4500000000000000e+003	 -3.9428519339297156e+002	  1.4331592371176309e+003	
  6.4800000000000000e+003	 -3.9428519339297156e+002	  1.4331592371176309e+003	
  6.5100000000000000e+003	 -3.9428519339297156e+002	  1.4331592371176309e+003	
  6.5400000000000000e+003	 -3.9428519339297156e+002	  1.4331592371176309e+003	
  6.5700000000000000e+003	 -3.9428519339297156e+002	  1.4331592371176309e+003	
  6.6000000000000000e+003	 -3.9428519339297156e+002	  1.4331592371176309e+003	
  6.6300000000000000e+003	 -3.9428519339297156e+002	  1.4331592371176309e+003	
  6.6600000000000000e+003	 -3.9428519339297156e+002	  1.4331592371176309e+003	
  6.6900000000000000e+003	 -3.9428519339297156e+002	  1.4331592371176309e+003	
  6.7200000000000000e+003	 -3.9428519339297156e+002	  1.4331592371176309e+003	
  6.7500000000000000e+003	 -3.9428519339297156e+002	  1.4331592371176309e+003	
  6.7800000000000000e+003	 -3.9428519339297156e+002	  1.4331592371176309e+003	
  6.8100000000000000e+003	 -3.9428519339297156e+002	  1.4331592371176309e+003	
  6.8400000000000000e+003	 -3.9428519339297156e+002	  1.4331592371176309e+003	
  6.8700000000000000e+003	 -3.9428519339297156e+002	  1.4331592371176309e+003	
  6.9000000000000000e+003	 -3.9428519339297156e+002	  1.4331592371176309e+003	
  6.9300000000000000e+003	 -3.9428519339297156e+002	  1.4331592371176309e+003	
  6.9600000000000000e+003	 -3.9428519339297156e+002	  1.4331592371176309e+003	
  6.9900000000000000e+003	 -3.9428519339297156e+002	  1.4331592371176309e+003	
  7.0200000000000000e+003	 -3.9428519339297156e+002	  1.4331592371176309e+003	
  7.0500000000000000e+003	 -3.9428519339297156e+002	  1.4331592371176309e+003	
  7.0800000000000000e+003	 -3.9428519339297156e+002	  1.4331592371176309e+003	
  7.1100000000000000e+003	 -3.9428519339297156e+002	  1.4331592371176309e+003	
  7.1400000000000000e+003	 -3.9428519339297156e+002	  1.4331592371176309e+003	
  7.1700000000000000e+003	 -3.9428519339297156e+002	  1.4331592371176309e+003	
  7.2000000000000000e+003	 -3.9428519339297156e+002	  1.4331592371176309e+003	
  7.2300000000000000e+003	 -3.9428519339297156e+002	  1.4331592371176309e+003	
  7.2600000000000000e+003	 -3.9428519339297156e+002	  1.4331592371176309e+003	
  7.2900000000000000e+003	 -3.9428519339297156e+002	  1.4331592371176309e+003	
  7.3200000000000000e+003	 -3.9428519339297156e+002	  1.4331592371176309e+003	
  7.3500000000000000e+003	 -3.9428519339297156e+002	  1.4331592371176309e+003	
  7.3800000000000000e+003	 -3.9428519339297156e+002	  1.4331592371176309e+003	
  7.4100000000000000e+003	 -3.9428519339297156e+002	  1.4331592371176309e+003	
  7.4400000000000000e+003	 -3.9428519339297156e+002	  1.4331592371176309e+003	
  7.4700000000000000e+003	 -3.9428519339297156e+002	  1.4331592371176309e+003	
  7.5000000000000000e+003	 -3.9428519339297156e+002	  1.4331592371176309e+003	
  7.5300000000000000e+003	 -3.9428519339297156e+002	  1.4331592371176309e+003	
  7.5600000000000000e+003	 -3.9428519339297156e+002	  1.4331592371176309e+003	
  7.5900000000000000e+003	 -3.9428519339297156e+002	  1.4331592371176309e+003	
  7.6200000000000000e+003	 -3.9428519339297156e+002	  1.4331592371176309e+003	
  7.6500000000000000e+003	 -3.9428519339297156e+002	  1.4331592371176309e+003	
  7.6800000000000000e+003	 -3.9428519339297156e+002	  1.4331592371176309e+003	
  7.7100000000000000e+003	 -3.9428519339297156e+002	  1.4331592371176309e+003	
  7.7400000000000000e+003	 -3.9428519339297156e+002	  1.4331592371176309e+003	
  7.7700000000000000e+003	 -3.9428519339297156e+002	  1.4331592371176309e+003	
  7.8000000000000000e+003	 -3.9428519339297156e+002	  1.4331592371176309e+003	
  7.8300000000000000e+003	 -3.9428519339297156e+002	  1.4331592371176309e+003	
  7.8600000000000000e+003	 -3.9428519339297156e+002	  1.4331592371176309e+003	
  7.8900000000000000e+003	 -4.0285514544831176e+002	  1.4375062720350961e+003	
  7.9200000000000000e+003	 -4.3870667183580520e+002	  1.4556916523084601e+003	
  7.9500000000000000e+003	 -4.4684479055115355e+002	  1.4677311444924187e+003	
  7.9800000000000000e+003	 -4.2178718080508071e+002	  1.4822639868759013e+003	
  8.0100000000000000e+003	 -4.2410277275990586e+002	  1.4927509871299101e+003	
  8.0400000000000000e+003	 -4.3993826438863880e+002	  1.5156730358633022e+003	
  8.0700000000000000e+003	 -4.5012962231021987e+002	  1.5572926449545075e+003	
  8.1000000000000000e+003	 -4.3614403944605272e+002	  1.5815031876931525e+003	
  8.1300000000000000e+003	 -4.3191082318898680e+002	  1.6037564005430613e+003	
  8.1600000000000000e+003	 -4.3719173658074840e+002	  1.6230127750714701e+003	
  8.1900000000000000e+003	 -4.3634966583111736e+002	  1.6243407862661045e+003	
  8.2200000000000000e+003	 -4.3950988424712853e+002	  1.6279293754862445e+003	
  8.2500000000000000e+003	 -4.4604049261517270e+002	  1.6259008193854668e+003	
  8.2800000000000000e+003	 -4.5140081493296969e+002	  1.6314970113443007e+003	
  8.3100000000000000e+003	 -4.5206345606790165e+002	  1.6311181422673583e+003	
  8.3400000000000000e+003	 -4.4779778730594603e+002	  1.6263585338728767e+003	
  8.3700000000000000e+003	 -4.4758019793961984e+002	  1.6264547341250534e+003	
  8.4000000000000000e+003	 -4.4736260857329353e+002	  1.6265509343772299e+003	
  8.4300000000000000e+003	 -4.4714501920696722e+002	  1.6266471346294063e+003	
  8.4600000000000000e+003	 -4.4692742984064097e+002	  1.6267433348815828e+003	
  8.4900000000000000e+003	 -4.4670984047431466e+002	  1.6268395351337597e+003	
  8.5200000000000000e+003	 -4.4649225110798841e+002	  1.6269357353859361e+003	
  8.5500000000000000e+003	 -4.4627466174166210e+002	  1.6270319356381128e+003	
  8.5800000000000000e+003	 -4.4639644559338859e+002	  1.6272282892292355e+003	
  8.6100000000000000e+003	 -4.4677775014127303e+002	  1.6275012306677877e+003	
  8.6400000000000000e+003	 -4.4715905468915753e+002	  1.6277741721063398e+003	
  8.6700000000000000e+003	 -4.4754035923704203e+002	  1.6280471135448920e+003	
  8.7000000000000000e+003	 -4.4792166378492647e+002	  1.6283200549834442e+003	
  8.7300000000000000e+003	 -4.4830296833281096e+002	  1.6285929964219965e+003	
  8.7600000000000000e+003	 -4.4868427288069540e+002	  1.6288659378605485e+003	
  8.7900000000000000e+003	 -4.5021938277178299e+002	  1.6290717670731003e+003	
  8.8200000000000000e+003	 -4.5016374268182813e+002	  1.6280501783682669e+003	
  8.8500000000000000e+003	 -4.4697767926965287e+002	  1.6283458177672330e+003	
  8.8800000000000000e+003	 -4.3984599253681893e+002	  1.6344205508086861e+003	
  8.9100000000000000e+003	 -4.4222179588566462e+002	  1.6306198676867368e+003	
  8.9400000000000000e+003	 -4.4997713358205522e+002	  1.6295742518026389e+003	
  8.9700000000000000e+003	 -4.4931914236023425e+002	  1.6277842721449015e+003	
  9.0000000000000000e+003	 -4.4866115113841323e+002	  1.6259942924871643e+003	
  9.0300000000000000e+003	 -4.4800315991659221e+002	  1.6242043128294270e+003	
  9.0600000000000000e+003	 -4.4734516869477125e+002	  1.6224143331716898e+003	
  9.0900000000000000e+003	 -4.4837510719500386e+002	  1.6263405571937258e+003	
  9.1200000000000000e+003	 -4.4747774633233701e+002	  1.6269066445735971e+003	
  9.1500000000000000e+003	 -4.4506657812581454e+002	  1.6247637933850588e+003	
  9.1800000000000000e+003	 -4.4341745069173021e+002	  1.6241358209703465e+003	
  9.2100000000000000e+003	 -4.4239572932713537e+002	  1.6247166045245631e+003	
  9.2400000000000000e+003	 -4.4202403614712114e+002	  1.6258030717014713e+003	
  9.2700000000000000e+003	 -4.4366873161856955e+002	  1.6280237007501689e+003	
  9.3000000000000000e+003	 -4.4339547651890649e+002	  1.6273247340508008e+003	
  9.3300000000000000e+003	 -4.4315282623603440e+002	  1.6272650889104366e+003	
  9.3600000000000000e+003	 -4.4291782715736002e+002	  1.6273652741598232e+003	
  9.3900000000000000e+003	 -4.4268282807868565e+002	  1.6274654594092103e+003	
  9.4200000000000000e+003	 -4.4113590681808381e+002	  1.6300008491678045e+003	
  9.4500000000000000e+003	 -4.4116831916960336e+002	  1.6321281136033831e+003	
  9.4800000000000000e+003	 -4.4355501106417739e+002	  1.6318150362460883e+003	
  9.5100000000000000e+003	 -4.4420030402141151e+002	  1.6311351526454555e+003	
  9.5400000000000000e+003	 -4.4256838298366256e+002	  1.6299755993419963e+003	
  9.5700000000000000e+003	 -4.4107163940277343e+002	  1.6288741783147166e+003	
  9.6000000000000000e+003	 -4.4349504207082180e+002	  1.6294585932966500e+003	
  9.6300000000000000e+003	 -4.4422206287123635e+002	  1.6287904325881018e+003	
  9.6600000000000000e+003	 -4.4422206287123635e+002	  1.6275854537264904e+003	
  9.6900000000000000e+003	 -4.4422206287123635e+002	  1.6263804748648790e+003	
  9.7200000000000000e+003	 -4.4486177581800342e+002	  1.6247334911139646e+003	
  9.7500000000000000e+003	 -4.4623258927536131e+002	  1.6225813589181334e+003	
  9.7800000000000000e+003	 -4.4114004924473471e+002	  1.6277362252805933e+003	
  9.8100000000000000e+003	 -4.3617341324534902e+002	  1.6423240626604606e+003	
  9.8400000000000000e+003	 -4.2239445179981607e+002	  1.6481639346537236e+003	
  9.8700000000000000e+003	 -4.0672045232982782e+002	  1.6699943134339776e+003	
  9.9000000000000000e+003	 -4.0963343495033268e+002	  1.7012386403900307e+003	
  9.9300000000000000e+003	 -4.1669216064878356e+002	  1.7037666528109964e+003	
  9.9600000000000000e+003	 -4.1432905396724453e+002	  1.6977992712544742e+003	
  9.9900000000000000e+003	 -4.0807168605981838e+002	  1.6809511012244084e+003	
  1.0020000000000000e+004	 -4.1925361466147478e+002	  1.6545689451657056e+003	
  1.0050000000000000e+004	 -4.3559797165469257e+002	  1.6457663326887271e+003	
  1.0080000000000000e+004	 -4.3379030364434107e+002	  1.6441308289106180e+003	
  1.0110000000000000e+004	 -4.3229417544530952e+002	  1.6302917038427920e+003	
  1.0140000000000000e+004	 -4.1565335208399966e+002	  1.6158819709687914e+003	
  1.0170000000000000e+004	 -3.9376764240763924e+002	  1.5957935166048042e+003	
  1.0200000000000000e+004	 -3.8654988076656207e+002	  1.5797221114495489e+003	
  1.0230000000000000e+004	 -3.5623640702286207e+002	  1.5828807335765653e+003	
  1.0260000000000000e+004	 -3.3015057486761856e+002	  1.5803204431916490e+003	
  1.0290000000000000e+004	 -3.0449673827730874e+002	  1.5711924407738354e+003	
  1.0320000000000000e+004	 -2.8112292771891782e+002	  1.5697930243846151e+003	
  1.0350000000000000e+004	 -2.7721393422435602e+002	  1.5546163116690650e+003	
  1.0380000000000000e+004	 -2.7863307848074038e+002	  1.5802727340049398e+003	
  1.0410000000000000e+004	 -2.7409998025523663e+002	  1.5847758409521282e+003	
  1.0440000000000000e+004	 -2.6578750555285762e+002	  1.5897823946541680e+003	
  1.0470000000000000e+004	 -2.4938762390867470e+002	  1.6124845358670957e+003	
  1.0500000000000000e+004	 -2.2874516894041372e+002	  1.6117834244184958e+003	
  1.0530000000000000e+004	 -1.9981861222866186e+002	  1.6009808937648295e+003	
  1.0560000000000000e+004	 -1.8279717833368468e+002	  1.5852077914160320e+003	
  1.0590000000000000e+004	 -1.7386355269105783e+002	  1.5800182930792157e+003	
  1.0620000000000000e+004	 -1.5111220000180529e+002	  1.5680755598643004e+003	
  1.0650000000000000e+004	 -1.3431969963452283e+002	  1.5527509052727248e+003	
  1.0680000000000000e+004	 -1.3050100579968668e+002	  1.5282240392842589e+003	
  1.0710000000000000e+004	 -1.2963004422480108e+002	  1.5236307443728431e+003	
  1.0740000000000000e+004	 -1.2733243480838584e+002	  1.5217631917975971e+003	
  1.0770000000000000e+004	 -1.2913019964280593e+002	  1.5238084612986590e+003	
  1.0800000000000000e+004	 -1.3563028678235162e+002	  1.5427466372108415e+003	
  1.0830000000000000e+004	 -1.4610515020966727e+002	  1.5670028682274324e+003	
  1.0860000000000000e+004	 -1.7399994382450237e+002	  1.5884744181484816e+003	
  1.0890000000000000e+004	 -2.0127987463119891e+002	  1.6003893246590901e+003	
  1.0920000000000000e+004	 -2.2538105788162369e+002	  1.6224205641166216e+003	
  1.0950000000000000e+004	 -2.3360597916649903e+002	  1.6501162642378970e+003	
  1.0980000000000000e+004	 -2.3930954107221447e+002	  1.6791769839965959e+003	
  1.1010000000000000e+004	 -2.4268413391625592e+002	  1.6912558816094370e+003	
  1.1040000000000000e+004	 -2.2187740550405863e+002	  1.7078849966223215e+003	
  1.1070000000000000e+004	 -2.1220985930915384e+002	  1.7090604631142483e+003	
  1.1100000000000000e+004	 -2.1487649271732190e+002	  1.7080896369060554e+003	
  1.1130000000000000e+004	 -2.1367138412708752e+002	  1.7080040089265617e+003	
  1.1160000000000000e+004	 -2.1104021609379882e+002	  1.7067937919137291e+003	
  1.1190000000000000e+004	 -2.1512792426982779e+002	  1.7007337378774148e+003	
  1.1220000000000000e+004	 -2.1614206454699527e+002	  1.7061803249681959e+003	
  1.1250000000000000e+004	 -2.2185610618427080e+002	  1.7136226688745721e+003	
  1.1280000000000000e+004	 -2.1943251558893792e+002	  1.7196721923857574e+003	
  1.1310000000000000e+004	 -2.2126558376346534e+002	  1.7194133151594906e+003	
  1.1340000000000000e+004	 -2.2309865193799280e+002	  1.7191544379332236e+003	
  1.1370000000000000e+004	 -2.2493172011252028e+002	  1.7188955607069570e+003	
  1.1400000000000000e+004	 -2.2676478828704771e+002	  1.7186366834806900e+003	
  1.1430000000000000e+004	 -2.2859785646157516e+002	  1.7183778062544229e+003	
  1.1460000000000000e+004	 -2.3043092463610262e+002	  1.7181189290281561e+003	
  1.1490000000000000e+004	 -2.3226399281063004e+002	  1.7178600518018893e+003	
  1.1520000000000000e+004	 -2.3409706098515750e+002	  1.7176011745756223e+003	
  1.1550000000000000e+004	 -2.2800030307436276e+002	  1.7171291556877422e+003	
  1.1580000000000000e+004	 -2.4545374558321640e+002	  1.6886097166192517e+003	
  1.1610000000000000e+004	 -2.5027116841181797e+002	  1.6806171481268493e+003	
  1.1640000000000000e+004	 -2.6097333508351164e+002	  1.6592442670754303e+003	
  1.1670000000000000e+004	 -2.6283372451719708e+002	  1.6843462712593152e+003	
  1.1700000000000000e+004	 -2.6966681381756911e+002	  1.6894589077763089e+003	
  1.1730000000000000e+004	 -2.6738907701758603e+002	  1.6912673470207442e+003	
  1.1760000000000000e+004	 -2.5980630609531522e+002	  1.6984123537605990e+003	
  1.1790000000000000e+004	 -2.6722800292263219e+002	  1.7061538924236697e+003	
  1.1820000000000000e+004	 -2.7165591047900944e+002	  1.7083796323392544e+003	
  1.1850000000000000e+004	 -2.7139154139909834e+002	  1.7100827850861444e+003	
  1.1880000000000000e+004	 -2.7397382450715952e+002	  1.7103894128934317e+003	
  1.1910000000000000e+004	 -2.7600334875861029e+002	  1.7098979994246442e+003	
  1.1940000000000000e+004	 -2.8199164727078329e+002	  1.7110945987352450e+003	
  1.1970000000000000e+004	 -2.8820752990665585e+002	  1.7138074528635113e+003	
  1.2000000000000000e+004	 -2.9663086654432550e+002	  1.7160159878350353e+003	
  1.2030000000000000e+004	 -2.9330718956250814e+002	  1.7171724505001300e+003	
  1.2060000000000000e+004	 -2.9196900910503547e+002	  1.7174321891245966e+003	
  1.2090000000000000e+004	 -2.9063082864756285e+002	  1.7176919277490633e+003	
  1.2120000000000000e+004	 -2.8909604095872282e+002	  1.7174047991473344e+003	
  1.2150000000000000e+004	 -2.8657821711304643e+002	  1.7143833344146253e+003	
  1.2180000000000000e+004	 -2.8082977184477249e+002	  1.7070642355398093e+003	
  1.2210000000000000e+004	 -2.7537462534167645e+002	  1.7035484713761346e+003	
  1.2240000000000000e+004	 -2.7788101281846247e+002	  1.7044913920002098e+003	
  1.2270000000000000e+004	 -2.8516077218535094e+002	  1.7088227822318440e+003	
  1.2300000000000000e+004	 -2.8852704940164165e+002	  1.7092938714669961e+003	
  1.2330000000000000e+004	 -2.9122762198163332e+002	  1.7098863667332739e+003	
  1.2360000000000000e+004	 -2.9403065808696948e+002	  1.7126764739808330e+003	
  1.2390000000000000e+004	 -2.9337545030252761e+002	  1.7112652583157619e+003	
  1.2420000000000000e+004	 -2.9517931799581021e+002	  1.7124538374998783e+003	
  1.2450000000000000e+004	 -2.9680364113704195e+002	  1.7132136534015019e+003	
  1.2480000000000000e+004	 -2.9801635293507570e+002	  1.7133668421626528e+003	
  1.2510000000000000e+004	 -2.9922906473310951e+002	  1.7135200309238039e+003	
  1.2540000000000000e+004	 -3.0044177653114332e+002	  1.7136732196849550e+003	
  1.2570000000000000e+004	 -3.0272888091038772e+002	  1.7146006675990595e+003	
  1.2600000000000000e+004	 -3.0505303330967382e+002	  1.7155548141046452e+003	
  1.2630000000000000e+004	 -3.0737718570895993e+002	  1.7165089606102310e+003	
  1.2660000000000000e+004	 -3.0904654931450574e+002	  1.7174779509084785e+003	
  1.2690000000000000e+004	 -3.0801744389164099e+002	  1.7206864630931586e+003	
  1.2720000000000000e+004	 -3.0831544504619916e+002	  1.7232913516248652e+003	
  1.2750000000000000e+004	 -3.0161268594238970e+002	  1.7365236286291204e+003	
  1.2780000000000000e+004	 -2.9883164128036140e+002	  1.7287697423983925e+003	
  1.2810000000000000e+004	 -2.8977679256838883e+002	  1.7243029267028030e+003	
  1.2840000000000000e+004	 -2.9136193430191526e+002	  1.7272411557296593e+003	
  1.2870000000000000e+004	 -2.9461356366484972e+002	  1.7313485777043593e+003	
  1.2900000000000000e+004	 -2.9786519302778424e+002	  1.7354559996790592e+003	
  1.2930000000000000e+004	 -3.0111682239071871e+002	  1.7395634216537592e+003	
  1.2960000000000000e+004	 -3.0436845175365318e+002	  1.7436708436284589e+003	
  1.2990000000000000e+004	 -3.0762008111658764e+002	  1.7477782656031591e+003	
  1.3020000000000000e+004	 -3.1281955376210112e+002	  1.7455150154145012e+003	
  1.3050000000000000e+004	 -3.0426174261719655e+002	  1.7747023608753202e+003	
  1.3080000000000000e+004	 -3.0185301561802913e+002	  1.7823609783197683e+003	
  1.3110000000000000e+004	 -3.3099510931386340e+002	  1.7389473083667444e+003	
  1.3140000000000000e+004	 -3.0680319808601882e+002	  1.8239440989153502e+003	
  1.3170000000000000e+004	 -2.8838421768578326e+002	  1.7072837798201519e+003	
  1.3200000000000000e+004	 -3.0367576170530344e+002	  1.7642077273144694e+003	
  1.3230000000000000e+004	 -3.1781324344999695e+002	  1.7568415326708857e+003	
  1.3260000000000000e+004	 -3.1149769106436429e+002	  1.7608211177922140e+003	
  1.3290000000000000e+004	 -3.0609009584229648e+002	  1.7651574244425451e+003	
  1.3320000000000000e+004	 -2.8850091453531661e+002	  1.7454138215948201e+003	
  1.3350000000000000e+004	 -2.6869233235144452e+002	  1.7231031722730440e+003	
  1.3380000000000000e+004	 -2.5370660173515745e+002	  1.8961270506602236e+003	
  1.3410000000000000e+004	 -2.6952134484240298e+002	  1.8476818529219363e+003	
  1.3440000000000000e+004	 -2.6254609484808066e+002	  1.8320084037730076e+003	
  1.3470000000000000e+004	 -2.3308375063528686e+002	  1.8310065502707496e+003	
  1.3500000000000000e+004	 -2.3758132730197971e+002	  1.8134629747375288e+003	
  1.3530000000000000e+004	 -2.3771841201942010e+002	  1.8144203021502140e+003	
  1.3560000000000000e+004	 -2.3771841201942010e+002	  1.8144203021502140e+003	
  1.3590000000000000e+004	 -2.3771841201942010e+002	  1.8144203021502140e+003	
  1.3620000000000000e+004	 -2.3771841201942010e+002	  1.8144203021502140e+003	
  1.3650000000000000e+004	 -2.3771841201942010e+002	  1.8144203021502140e+003	
  1.3680000000000000e+004	 -2.3771841201942010e+002	  1.8144203021502140e+003	
  1.3710000000000000e+004	 -2.3771841201942007e+002	  1.8144203021502142e+003	
  1.3740000000000000e+004	 -2.1880116763291790e+002	  1.7882162549881550e+003	
  1.3770000000000000e+004	 -2.2812271344702796e+002	  1.7510808729543273e+003	
  1.3800000000000000e+004	 -2.2812271344702796e+002	  1.7510808729543271e+003	
  1.3830000000000000e+004	 -2.2812271344702796e+002	  1.7510808729543271e+003	
  1.3860000000000000e+004	 -2.4239388441028720e+002	  1.7500233597990978e+003	
  1.3890000000000000e+004	 -2.7519066078916040e+002	  1.7264018722210901e+003	
  1.3920000000000000e+004	 -2.6900617088397911e+002	  1.7078298949693019e+003	
  1.3950000000000000e+004	 -2.5970743490892448e+002	  1.7001771529970206e+003	
  1.3980000000000000e+004	 -2.3905006396190615e+002	  1.6928842928479894e+003	
  1.4010000000000000e+004	 -2.1473766290698231e+002	  1.7164946496031509e+003	
  1.4040000000000000e+004	 -1.9007031257999336e+002	  1.7357191125293798e+003	
  1.4070000000000000e+004	 -1.7223256832614658e+002	  1.7346504662089567e+003	
  1.4100000000000000e+004	 -1.8301929959200169e+002	  1.7333915712437845e+003	
  1.4130000000000000e+004	 -2.0207720119846590e+002	  1.7360530662379892e+003	
  1.4160000000000000e+004	 -1.8192441998868583e+002	  1.7307806796538919e+003	
  1.4190000000000000e+004	 -1.8170467470271549e+002	  1.7236794743395449e+003	
  1.4220000000000000e+004	 -1.8417893946485424e+002	  1.7225990508684451e+003	
  1.4250000000000000e+004	 -1.8701510876346512e+002	  1.7236354503823209e+003	
  1.4280000000000000e+004	 -1.8087851079255907e+002	  1.7169157980939526e+003	
  1.4310000000000000e+004	 -1.6719625933871131e+002	  1.7088458553691623e+003	
  1.4340000000000000e+004	 -1.6529829307013162e+002	  1.7119502617511953e+003	
  1.4370000000000000e+004	 -1.6570536726660799e+002	  1.7136954531634938e+003	
  1.4400000000000000e+004	 -1.6132477605781952e+002	  1.7137673814532523e+003	
  1.4430000000000000e+004	 -1.6247039335306422e+002	  1.7128156203307890e+003	
  1.4460000000000000e+004	 -1.6107237218662419e+002	  1.7089535361072330e+003	
  1.4490000000000000e+004	 -1.7203974248505449e+002	  1.7160159845265357e+003	
  1.4520000000000000e+004	 -1.8475893553096657e+002	  1.7198394872219239e+003	
  1.4550000000000000e+004	 -1.7861514618479970e+002	  1.7207683677363307e+003	
  1.4580000000000000e+004	 -1.8355160492402314e+002	  1.7239417642407498e+003	
  1.4610000000000000e+004	 -1.8192441203958373e+002	  1.7208026222677142e+003	
  1.4640000000000000e+004	 -1.8572533704993160e+002	  1.7253666201459639e+003	
  1.4670000000000000e+004	 -1.7334602624785001e+002	  1.7244601838634517e+003	
  1.4700000000000000e+004	 -1.7048313527860455e+002	  1.7212107831641235e+003	
  1.4730000000000000e+004	 -1.6888388249900783e+002	  1.7474074093105876e+003	
  1.4760000000000000e+004	 -7.6948194397387311e+001	  1.7055124233021229e+003	
  1.4790000000000000e+004	 -1.2252597366518431e+002	  1.7142963301369186e+003	
  1.4820000000000000e+004	 -1.2775939209111446e+002	  1.7157933532561653e+003	
  1.4850000000000000e+004	 -1.2775939209111446e+002	  1.7157933532561653e+003	
  1.4880000000000000e+004	 -1.2775939209111446e+002	  1.7157933532561653e+003	
  1.4910000000000000e+004	 -1.2775939209111446e+002	  1.7157933532561653e+003	
  1.4940000000000000e+004	 -1.2775939209111446e+002	  1.7157933532561653e+003	
  1.4970000000000000e+004	 -1.2775939209111446e+002	  1.7157933532561653e+003	
  1.5000000000000000e+004	 -1.2775939209111446e+002	  1.7157933532561653e+003	
  1.5030000000000000e+004	 -1.2775939209111446e+002	  1.7157933532561653e+003	
  1.5060000000000000e+004	 -1.2775939209111446e+002	  1.7157933532561653e+003	
  1.5090000000000000e+004	 -1.2775939209111446e+002	  1.7157933532561653e+003	
  1.5120000000000000e+004	 -1.2775939209111446e+002	  1.7157933532561653e+003	
  1.5150000000000000e+004	 -1.5576038363383532e+002	  1.7191639579374807e+003	
  1.5180000000000000e+004	 -1.9539445607790594e+002	  1.7231959391597009e+003	
  1.5210000000000000e+004	 -2.0270548310991612e+002	  1.7273517774441252e+003	
  1.5240000000000000e+004	 -2.0168553187140139e+002	  1.7278155979133410e+003	
  1.5270000000000000e+004	 -2.0168553187140139e+002	  1.7278155979133410e+003	
  1.5300000000000000e+004	 -2.0168553187140139e+002	  1.7278155979133410e+003	
  1.5330000000000000e+004	 -2.0168553187140139e+002	  1.7278155979133410e+003	
  1.5360000000000000e+004	 -2.0168553187140139e+002	  1.7278155979133410e+003	
  1.5390000000000000e+004	 -2.0168553187140139e+002	  1.7278155979133410e+003	
  1.5420000000000000e+004	 -2.0168553187140139e+002	  1.7278155979133410e+003	
  1.5450000000000000e+004	 -2.0168553187140139e+002	  1.7278155979133410e+003	
  1.5480000000000000e+004	 -2.0168553187140139e+002	  1.7278155979133410e+003	
  1.5510000000000000e+004	 -2.0168553187140139e+002	  1.7278155979133410e+003	
  1.5540000000000000e+004	 -2.0168553187140139e+002	  1.7278155979133410e+003	
  1.5570000000000000e+004	 -2.0168553187140139e+002	  1.7278155979133410e+003	
  1.5600000000000000e+004	 -2.0168553187140139e+002	  1.7278155979133410e+003	
  1.5630000000000000e+004	 -2.0168553187140139e+002	  1.7278155979133410e+003	
  1.5660000000000000e+004	 -2.0168553187140139e+002	  1.7278155979133410e+003	
  1.5690000000000000e+004	 -2.0168553187140139e+002	  1.7278155979133410e+003	
  1.5720000000000000e+004	 -2.0168553187140139e+002	  1.7278155979133410e+003	
  1.5750000000000000e+004	 -2.0168553187140139e+002	  1.7278155979133410e+003	
  1.5780000000000000e+004	 -2.0168553187140139e+002	  1.7278155979133410e+003	
  1.5810000000000000e+004	 -2.0168553187140139e+002	  1.7278155979133410e+003	
  1.5840000000000000e+004	 -2.0168553187140139e+002	  1.7278155979133410e+003	
  1.5870000000000000e+004	 -2.0168553187140139e+002	  1.7278155979133410e+003	
  1.5900000000000000e+004	 -2.0168553187140139e+002	  1.7278155979133410e+003	
  1.5930000000000000e+004	 -2.0168553187140139e+002	  1.7278155979133410e+003	
  1.5960000000000000e+004	 -2.0168553187140139e+002	  1.7278155979133410e+003	
  1.5990000000000000e+004	 -2.0168553187140139e+002	  1.7278155979133410e+003	
  1.6020000000000000e+004	 -2.0168553187140139e+002	  1.7278155979133410e+003	
  1.6050000000000000e+004	 -2.0168553187140139e+002	  1.7278155979133410e+003	
  1.6080000000000000e+004	 -2.0168553187140139e+002	  1.7278155979133410e+003	
  1.6110000000000000e+004	 -2.0168553187140139e+002	  1.7278155979133410e+003	
  1.6140000000000000e+004	 -2.0168553187140139e+002	  1.7278155979133410e+003	
  1.6170000000000000e+004	 -2.0168553187140139e+002	  1.7278155979133410e+003	
  1.6200000000000000e+004	 -2.0168553187140139e+002	  1.7278155979133410e+003	
  1.6230000000000000e+004	 -2.0168553187140139e+002	  1.7278155979133410e+003	
  1.6260000000000000e+004	 -2.0600779590691809e+002	  1.7209574267669557e+003	
  1.6290000000000000e+004	 -2.0400053465893311e+002	  1.7305985247080819e+003	
  1.6320000000000000e+004	 -2.0226726587863993e+002	  1.7273441388991466e+003	
  1.6350000000000000e+004	 -1.7545172257691087e+002	  1.7245360266554669e+003	
  1.6380000000000000e+004	 -1.5491865818654986e+002	  1.7205173704984268e+003	
  1.6410000000000000e+004	 -1.2771041018945617e+002	  1.7095595940584983e+003	
  1.6440000000000000e+004	 -1.1986930539712135e+002	  1.6925638078880661e+003	
  1.6470000000000000e+004	 -1.1522739845984140e+002	  1.6936357503798640e+003	
  1.6500000000000000e+004	 -1.1058549152256145e+002	  1.6947076928716622e+003	
  1.6530000000000000e+004	 -1.0808536242937535e+002	  1.6976486647963372e+003	
  1.6560000000000000e+004	 -1.1549545482897452e+002	  1.7076532866499683e+003	
  1.6590000000000000e+004	 -1.1379892293766670e+002	  1.7043509087023808e+003	
  1.6620000000000000e+004	 -1.4548027119180699e+002	  1.6682309007183417e+003	
  1.6650000000000000e+004	 -1.7716161944594728e+002	  1.6321108927343025e+003	
  1.6680000000000000e+004	 -2.0884296770008754e+002	  1.5959908847502629e+003	
  1.6710000000000000e+004	 -2.4052431595422780e+002	  1.5598708767662238e+003	
  1.6740000000000000e+004	 -2.7220566420836809e+002	  1.5237508687821844e+003	
  1.6770000000000000e+004	 -1.4264253459877136e+002	  1.6599280678401992e+003	
  1.6800000000000000e+004	 -1.2057310711781638e+002	  1.6821981406315772e+003	
  1.6830000000000000e+004	 -1.1942091371666359e+002	  1.6828746798803463e+003	
  1.6860000000000000e+004	 -1.1826872031551083e+002	  1.6835512191291159e+003	
  1.6890000000000000e+004	 -1.1711652691435806e+002	  1.6842277583778857e+003	
  1.6920000000000000e+004	 -1.1596433351320529e+002	  1.6849042976266551e+003	
  1.6950000000000000e+004	 -1.1481214011205250e+002	  1.6855808368754249e+003	
  1.6980000000000000e+004	 -1.1365994671089976e+002	  1.6862573761241945e+003	
  1.7010000000000000e+004	 -1.1250775330974697e+002	  1.6869339153729641e+003	
  1.7040000000000000e+004	 -1.5728531874186274e+002	  1.6669150254397318e+003	
  1.7070000000000000e+004	 -1.4988824605414209e+002	  1.6711551942839785e+003	
  1.7100000000000000e+004	 -3.4616067975811887e+001	  1.7247054647374771e+003	
  1.7130000000000000e+004	 -1.5090698526472609e+001	  1.7659231511490495e+003	
  1.7160000000000000e+004	 -1.5977965168967495e+001	  1.5911181996195185e+003	
  1.7190000000000000e+004	 -1.0664304224473177e+001	  1.5005130392230235e+003	
  1.7220000000000000e+004	 -3.3540085325093102e+001	  1.6910252984162148e+003	
  1.7250000000000000e+004	 -1.0266336871326803e+002	  1.6980680463263457e+003	
  1.7280000000000000e+004	 -1.3882382432588665e+002	  1.6828805959894178e+003	
  1.7310000000000000e+004	 -1.3843215991598947e+002	  1.6790587087374365e+003	
  1.7340000000000000e+004	 -1.3843215991598947e+002	  1.6790587087374365e+003	
  1.7370000000000000e+004	 -1.3843215991598947e+002	  1.6790587087374365e+003	
  1.7400000000000000e+004	 -1.3843215991598947e+002	  1.6790587087374365e+003	
  1.7430000000000000e+004	 -1.3843215991598947e+002	  1.6790587087374365e+003	
  1.7460000000000000e+004	 -1.3843215991598947e+002	  1.6790587087374365e+003	
  1.7490000000000000e+004	 -1.3843215991598947e+002	  1.6790587087374365e+003	
  1.7520000000000000e+004	 -1.3843215991598947e+002	  1.6790587087374365e+003	
  1.7550000000000000e+004	 -1.3843215991598947e+002	  1.6790587087374365e+003	
  1.7580000000000000e+004	 -1.3843215991598947e+002	  1.6790587087374365e+003	
  1.7610000000000000e+004	 -1.3843215991598947e+002	  1.6790587087374365e+003	
  1.7640000000000000e+004	 -1.3843215991598947e+002	  1.6790587087374365e+003	
  1.7670000000000000e+004	 -1.3843215991598947e+002	  1.6790587087374365e+003	
  1.7700000000000000e+004	 -1.3843215991598947e+002	  1.6790587087374365e+003	
  1.7730000000000000e+004	 -1.7269862523144789e+002	  1.6960568576349253e+003	
  1.7760000000000000e+004	 -2.0871120582481271e+002	  1.7139211807121196e+003	
  1.7790000000000000e+004	 -2.4472378641817753e+002	  1.7317855037893141e+003	
  1.7820000000000000e+004	 -2.3713090223016789e+002	  1.7352738441272716e+003	
  1.7850000000000000e+004	 -1.9388493768777028e+002	  1.7209263074211212e+003	
  1.7880000000000000e+004	 -1.8130666489811051e+002	  1.7299083589862132e+003	
  1.7910000000000000e+004	 -1.4012876883965441e+002	  1.6945095233626485e+003	
  1.7940000000000000e+004	 -1.2946002256824534e+002	  1.6963304370645617e+003	
  1.7970000000000000e+004	 -1.4559503802099368e+002	  1.7215218989005416e+003	
  1.8000000000000000e+004	 -1.7050273359161901e+002	  1.7324389680141792e+003	
  1.8030000000000000e+004	 -1.9584324442511056e+002	  1.7310066875322543e+003	
  1.8060000000000000e+004	 -2.0093018923092833e+002	  1.7003785821436998e+003	
  1.8090000000000000e+004	 -1.9862110037458410e+002	  1.6900217032196306e+003	
  1.8120000000000000e+004	 -2.0176509962655396e+002	  1.6921871680917870e+003	
  1.8150000000000000e+004	 -2.0490909887852382e+002	  1.6943526329639435e+003	
  1.8180000000000000e+004	 -2.0805309813049365e+002	  1.6965180978361000e+003	
  1.8210000000000000e+004	 -2.1397391842912452e+002	  1.7021755569657278e+003	
  1.8240000000000000e+004	 -2.0594484723086447e+002	  1.7252608718034382e+003	
  1.8270000000000000e+004	 -1.7244798019349304e+002	  1.7286170787554481e+003	
  1.8300000000000000e+004	 -1.4510904961654114e+002	  1.7211471751537060e+003	
  1.8330000000000000e+004	 -1.1738786569847868e+002	  1.7201604092570110e+003	
  1.8360000000000000e+004	 -9.7139824524664419e+001	  1.7148551051526313e+003	
  1.8390000000000000e+004	 -9.0355697672251864e+001	  1.7034742572892890e+003	
  1.8420000000000000e+004	 -1.1070900868436296e+002	  1.7033184138548233e+003	
  1.8450000000000000e+004	 -1.0992094990109791e+002	  1.6956145963830597e+003	
  1.8480000000000000e+004	 -1.0744637777604295e+002	  1.6996017735196074e+003	
  1.8510000000000000e+004	 -9.4560252465013605e+001	  1.7154659520219218e+003	
  1.8540000000000000e+004	 -9.4685693819461136e+001	  1.7164365164161004e+003	
  1.8570000000000000e+004	 -9.7886250157253514e+001	  1.7178982586331110e+003	
  1.8600000000000000e+004	 -9.9968408695345346e+001	  1.7202653944418207e+003	
  1.8630000000000000e+004	 -1.0175059138980727e+002	  1.7051625686431703e+003	
  1.8660000000000000e+004	 -9.9265941715863605e+001	  1.7165248642404356e+003	
  1.8690000000000000e+004	 -1.0454254594601065e+002	  1.7128620013661562e+003	
  1.8720000000000000e+004	 -1.0462578997923617e+002	  1.7098161076008118e+003	
  1.8750000000000000e+004	 -1.0213432109637699e+002	  1.7069796565827803e+003	
  1.8780000000000000e+004	 -1.0572840933355025e+002	  1.6900791031520685e+003	
  1.8810000000000000e+004	 -1.1709268326962919e+002	  1.6932377245424138e+003	
  1.8840000000000000e+004	 -1.1297415182494962e+002	  1.7108953996188002e+003	
  1.8870000000000000e+004	 -1.0129070858003794e+002	  1.7044986422771456e+003	
  1.8900000000000000e+004	 -9.0209557870065638e+001	  1.6947455849386599e+003	
  1.8930000000000000e+004	 -9.9394959702058372e+001	  1.7172210375788684e+003	
  1.8960000000000000e+004	 -1.0631589017156730e+002	  1.7352738428968864e+003	
  1.8990000000000000e+004	 -1.2418349271308814e+002	  1.8033642888413542e+003	
  1.9020000000000000e+004	 -1.4637083884031154e+002	  1.7748427894529425e+003	
  1.9050000000000000e+004	 -1.4646124435337899e+002	  1.8189843028621926e+003	
  1.9080000000000000e+004	 -1.2555626480583545e+002	  1.7607654593702098e+003	
  1.9110000000000000e+004	 -8.8656825370204970e+001	  1.6794260555898225e+003	
  1.9140000000000000e+004	 -8.7124471406450340e+001	  1.7243647694645092e+003	
  1.9170000000000000e+004	 -8.7124471406450340e+001	  1.7243647694645092e+003	
  1.9200000000000000e+004	 -5.7218254444192958e+001	  1.6342615268840279e+003	
  1.9230000000000000e+004	 -7.5864154313089145e+001	  1.6557266455552576e+003	
  1.9260000000000000e+004	 -7.4305659769307951e+001	  1.6444576476771101e+003	
  1.9290000000000000e+004	 -1.0920441425984730e+002	  1.7120642273529800e+003	
  1.9320000000000000e+004	 -1.1373297565869449e+002	  1.6929455175151643e+003	
  1.9350000000000000e+004	 -1.1562766267063861e+002	  1.6769436849120552e+003	
  1.9380000000000000e+004	 -1.1652169299718629e+002	  1.6919029895861786e+003	
  1.9410000000000000e+004	 -1.2726981437301389e+002	  1.7208026188376907e+003	
  1.9440000000000000e+004	 -1.2186738972753159e+002	  1.7109631563280645e+003	
  1.9470000000000000e+004	 -1.2476163689454826e+002	  1.6992413547611757e+003	
  1.9500000000000000e+004	 -1.2747316157523031e+002	  1.6910210171891858e+003	
  1.9530000000000000e+004	 -9.6328536616086780e+001	  1.7064427146093351e+003	
  1.9560000000000000e+004	 -9.3547716342692112e+001	  1.6974482915739045e+003	
  1.9590000000000000e+004	 -8.6112624890868815e+001	  1.6882423683329980e+003	
  1.9620000000000000e+004	 -7.6667081297529847e+001	  1.6884761353562346e+003	
  1.9650000000000000e+004	 -7.7773554600388977e+001	  1.6915818820523857e+003	
  1.9680000000000000e+004	 -8.9696034392203899e+001	  1.6842554587487450e+003	
  1.9710000000000000e+004	 -1.0913585474428689e+002	  1.6965577557176312e+003	
  1.9740000000000000e+004	 -1.0614454807368503e+002	  1.6984835432701407e+003	
  1.9770000000000000e+004	 -1.1077801312827226e+002	  1.6949452477084633e+003	
  1.9800000000000000e+004	 -8.8593178838198583e+001	  1.7075558854563590e+003	
  1.9830000000000000e+004	 -7.4356293016755984e+001	  1.7021458760438632e+003	
  1.9860000000000000e+004	 -6.2125871517533724e+001	  1.7107241444845945e+003	
  1.9890000000000000e+004	 -3.4152155966954084e+001	  1.7143833349867884e+003	
  1.9920000000000000e+004	 -1.2120532161997403e+001	  1.7105243422029753e+003	
  1.9950000000000000e+004	 -1.1567535426867847e+001	  1.7366207785156307e+003	
  1.9980000000000000e+004	  2.5855727850928765e+000	  1.7253409351112603e+003	
  2.0010000000000000e+004	  1.7780269946673783e+001	  1.6990444079556105e+003	
  2.0040000000000000e+004	  1.9529606007741265e+001	  1.6714752299357983e+003	
  2.0070000000000000e+004	  6.6118239057805255e+000	  1.6452925218854366e+003	
  2.0100000000000000e+004	 -1.1658034100394639e+001	  1.6228132135607259e+003	
  2.0130000000000000e+004	 -3.4988890032699622e+001	  1.5987282410453984e+003	
  2.0160000000000000e+004	 -5.5047337205855946e+001	  1.5775152503316720e+003	
  2.0190000000000000e+004	 -6.7262648972487312e+001	  1.5653054769125374e+003	
  2.0220000000000000e+004	 -8.4284888975566773e+001	  1.5669252833171918e+003	
  2.0250000000000000e+004	 -1.0926842050241152e+002	  1.5777943982871379e+003	
  2.0280000000000000e+004	 -1.2487086325379840e+002	  1.5635919516891961e+003	
  2.0310000000000000e+004	 -1.5103714270637749e+002	  1.5752072776089660e+003	
  2.0340000000000000e+004	 -1.8206478848324940e+002	  1.5921885529756614e+003	
  2.0370000000000000e+004	 -2.0956283101532716e+002	  1.6109660382602340e+003	
  2.0400000000000000e+004	 -2.4150447582877683e+002	  1.6232146284831642e+003	
  2.0430000000000000e+004	 -2.5822725067298643e+002	  1.5994568621290541e+003	
  2.0460000000000000e+004	 -2.8001135490487701e+002	  1.5793334310944033e+003	
  2.0490000000000000e+004	 -3.0901308177735206e+002	  1.5664753766898275e+003	
  2.0520000000000000e+004	 -3.4311459274413409e+002	  1.5668288088361262e+003	
  2.0550000000000000e+004	 -3.7881455320094625e+002	  1.5671850254498361e+003	
  2.0580000000000000e+004	 -4.2259253542354583e+002	  1.5722276853698665e+003	
  2.0610000000000000e+004	 -4.3211318790488872e+002	  1.5909141197986414e+003	
  2.0640000000000000e+004	 -4.3330003535656266e+002	  1.6139584458676488e+003	
  2.0670000000000000e+004	 -4.3258519248816890e+002	  1.6338125884336464e+003	
  2.0700000000000000e+004	 -4.3308417612267323e+002	  1.6368556134998971e+003	
  2.0730000000000000e+004	 -4.3122378820152397e+002	  1.6302739884137245e+003	
  2.0760000000000000e+004	 -4.2894725659341339e+002	  1.6311923568252466e+003	
  2.0790000000000000e+004	 -4.3110530914327006e+002	  1.6262810424999591e+003	
  2.0820000000000000e+004	 -4.3114447694609788e+002	  1.6261474637852928e+003	
  2.0850000000000000e+004	 -4.3118364474892576e+002	  1.6260138850706264e+003	
  2.0880000000000000e+004	 -4.3056117345951299e+002	  1.6270659474552797e+003	
  2.0910000000000000e+004	 -4.2949760944193980e+002	  1.6289084372394789e+003	
  2.0940000000000000e+004	 -4.3135681986940637e+002	  1.6250699161310008e+003	
  2.0970000000000000e+004	 -4.3217846322689547e+002	  1.6231527884569825e+003	
  2.1000000000000000e+004	 -4.3250234065482994e+002	  1.6239995589118773e+003	
  2.1030000000000000e+004	 -4.3219123011282971e+002	  1.6253603053337556e+003	
  2.1060000000000000e+004	 -4.3178680188579159e+002	  1.6271849407109273e+003	
  2.1090000000000000e+004	 -4.3138361981355376e+002	  1.6294112812931651e+003	
  2.1120000000000000e+004	 -4.3121355028490069e+002	  1.6311154440742557e+003	
  2.1150000000000000e+004	 -4.3158741002461215e+002	  1.6316011919860030e+003	
  2.1180000000000000e+004	 -4.3185207861415915e+002	  1.6316376239677058e+003	
  2.1210000000000000e+004	 -4.3187021075691348e+002	  1.6309697225490497e+003	
  2.1240000000000000e+004	 -4.3018389104720188e+002	  1.6276302084060999e+003	
  2.1270000000000000e+004	 -4.2887531841674524e+002	  1.6253357122696605e+003	
  2.1300000000000000e+004	 -4.2860555025423980e+002	  1.6259150156511257e+003	
  2.1330000000000000e+004	 -4.2833578209173425e+002	  1.6264943190325907e+003	
  2.1360000000000000e+004	 -4.2806601392922880e+002	  1.6270736224140560e+003	
  2.1390000000000000e+004	 -4.2822624047762747e+002	  1.6274986519464012e+003	
  2.1420000000000000e+004	 -4.2838424084780570e+002	  1.6278528432233554e+003	
  2.1450000000000000e+004	 -4.2853111032688184e+002	  1.6278528432233554e+003	
  2.1480000000000000e+004	 -4.2861678915673144e+002	  1.6281659227833438e+003	
  2.1510000000000000e+004	 -4.2869022985673575e+002	  1.6285416182553301e+003	
  2.1540000000000000e+004	 -4.2883523165548615e+002	  1.6288797692615094e+003	
  2.1570000000000000e+004	 -4.2933803894796682e+002	  1.6290301979386543e+003	
  2.1600000000000000e+004	 -4.2984084624044743e+002	  1.6291806266157992e+003	
  2.1630000000000000e+004	 -4.3034365353292810e+002	  1.6293310552929438e+003	
  2.1660000000000000e+004	 -4.3065751100644923e+002	  1.6299567376290170e+003	
  2.1690000000000000e+004	 -4.3075542582973065e+002	  1.6311255670038652e+003	
  2.1720000000000000e+004	 -4.3080764706881405e+002	  1.6315995026488606e+003	
  2.1750000000000000e+004	 -4.3080764706881405e+002	  1.6312792740311679e+003	
  2.1780000000000000e+004	 -4.3082055899191386e+002	  1.6309281287228216e+003	
  2.1810000000000000e+004	 -4.3120791668490733e+002	  1.6296803993855237e+003	
  2.1840000000000000e+004	 -4.3159527437790081e+002	  1.6284326700482256e+003	
  2.1870000000000000e+004	 -4.3198263207089423e+002	  1.6271849407109273e+003	
  2.1900000000000000e+004	 -4.3198781980030191e+002	  1.6292940676403418e+003	
  2.1930000000000000e+004	 -4.3200727378558065e+002	  1.6292719514950074e+003	
  2.1960000000000000e+004	 -4.3202672777085940e+002	  1.6292498353496728e+003	
  2.1990000000000000e+004	 -4.3204618175613825e+002	  1.6292277192043384e+003	
  2.2020000000000000e+004	 -4.3206563574141700e+002	  1.6292056030590036e+003	
  2.2050000000000000e+004	 -4.3208055046346402e+002	  1.6291246020473882e+003	
  2.2080000000000000e+004	 -4.3208055046346402e+002	  1.6288501221894212e+003	
  2.2110000000000000e+004	 -4.3208055046346402e+002	  1.6285756423314540e+003	
  2.2140000000000000e+004	 -4.3242444929227219e+002	  1.6290420366394080e+003	
  2.2170000000000000e+004	 -4.3202590279282526e+002	  1.6311302264701480e+003	
  2.2200000000000000e+004	 -4.3086458565962693e+002	  1.6364889797010451e+003	
  2.2230000000000000e+004	 -4.3103984333347023e+002	  1.6325027177281388e+003	
  2.2260000000000000e+004	 -4.3171113315651053e+002	  1.6279843989234223e+003	
  2.2290000000000000e+004	 -4.3234240823775241e+002	  1.6254659958211159e+003	
  2.2320000000000000e+004	 -4.3288891196118095e+002	  1.6234467567495180e+003	
  2.2350000000000000e+004	 -4.3306161971076364e+002	  1.6264122693108916e+003	
  2.2380000000000000e+004	 -4.3066893779591720e+002	  1.6285021929647028e+003	
  2.2410000000000000e+004	 -4.0197155112434723e+002	  1.6015541788571390e+003	
  2.2440000000000000e+004	 -3.9715589750038191e+002	  1.5737695967764510e+003	
  2.2470000000000000e+004	 -3.9809054329575957e+002	  1.5709360707685189e+003	
  2.2500000000000000e+004	 -3.9902518909113718e+002	  1.5681025447605869e+003	
  2.2530000000000000e+004	 -4.0154725603935356e+002	  1.5672592351990313e+003	
  2.2560000000000000e+004	 -4.0438680721813762e+002	  1.5668139689267514e+003	
  2.2590000000000000e+004	 -4.0099992937529674e+002	  1.5687734305353645e+003	
  2.2620000000000000e+004	 -4.0237451655113171e+002	  1.5664543251739892e+003	
  2.2650000000000000e+004	 -4.0154181691693287e+002	  1.5670489688132620e+003	
  2.2680000000000000e+004	 -3.9914536167835399e+002	  1.5691431930555309e+003	
  2.2710000000000000e+004	 -3.9634142354834552e+002	  1.5711924407738354e+003	
  2.2740000000000000e+004	 -4.0060074134139080e+002	  1.5709809415479965e+003	
  2.2770000000000000e+004	 -4.0042122752249458e+002	  1.5694336281216304e+003	
  2.2800000000000000e+004	 -3.9944206902659306e+002	  1.5701015296225553e+003	
  2.2830000000000000e+004	 -3.9850293909720233e+002	  1.5707566191958729e+003	
  2.2860000000000000e+004	 -3.9872463759662628e+002	  1.5710401628685686e+003	
  2.2890000000000000e+004	 -3.9894633609605017e+002	  1.5713237065412638e+003	
  2.2920000000000000e+004	 -3.9916803459547413e+002	  1.5716072502139593e+003	
  2.2950000000000000e+004	 -4.0034705221338533e+002	  1.5715668683104036e+003	
  2.2980000000000000e+004	 -4.0248338894978372e+002	  1.5712025608305971e+003	
  2.3010000000000000e+004	 -4.0162885214556945e+002	  1.5704334610962014e+003	
  2.3040000000000000e+004	 -3.9927887857104912e+002	  1.5694619652345116e+003	
  2.3070000000000000e+004	 -3.9872928824755064e+002	  1.5713648016616655e+003	
  2.3100000000000000e+004	 -3.9966049884117655e+002	  1.5680727057389777e+003	
  2.3130000000000000e+004	 -3.9883198264464602e+002	  1.5686721052908979e+003	
  2.3160000000000000e+004	 -3.9800346644811549e+002	  1.5692715048428181e+003	
  2.3190000000000000e+004	 -3.9804514745355829e+002	  1.5706581169276935e+003	
  2.3220000000000000e+004	 -3.9617873204240794e+002	  1.5698977332252227e+003	
  2.3250000000000000e+004	 -3.9577200327756395e+002	  1.5700004883920797e+003	
  2.3280000000000000e+004	 -3.9687909299174584e+002	  1.5696691521550247e+003	
  2.3310000000000000e+004	 -4.0296015770844093e+002	  1.5679115155908326e+003	
  2.3340000000000000e+004	 -4.0627284212443476e+002	  1.5671532207429275e+003	
  2.3370000000000000e+004	 -4.0404876593902600e+002	  1.5683936093275963e+003	
  2.3400000000000000e+004	 -4.0182468975361724e+002	  1.5696339979122652e+003	
  2.3430000000000000e+004	 -3.9901988360720111e+002	  1.5718064770798453e+003	
  2.3460000000000000e+004	 -3.9790261918269999e+002	  1.5720582401931190e+003	
  2.3490000000000000e+004	 -3.9872843478958237e+002	  1.5722845511746805e+003	
  2.3520000000000000e+004	 -3.9983991309029642e+002	  1.5683132354907732e+003	
  2.3550000000000000e+004	 -3.9708558058876423e+002	  1.5684095112383284e+003	
  2.3580000000000000e+004	 -3.9605483592987963e+002	  1.5703914995510315e+003	
  2.3610000000000000e+004	 -3.9520239583651176e+002	  1.5718444401868835e+003	
  2.3640000000000000e+004	 -3.9370368692046281e+002	  1.5723215136679337e+003	
  2.3670000000000000e+004	 -4.0231764142736267e+002	  1.5714035593238887e+003	
  2.3700000000000000e+004	 -3.9814236156433662e+002	  1.5741741469518590e+003	
  2.3730000000000000e+004	 -3.9825620588382037e+002	  1.5703513748214289e+003	
  2.3760000000000000e+004	 -3.9547720388528938e+002	  1.5718506623467281e+003	
  2.3790000000000000e+004	 -3.9637891631940903e+002	  1.5716116526522428e+003	
  2.3820000000000000e+004	 -4.0369132555929957e+002	  1.5682010857370340e+003	
  2.3850000000000000e+004	 -4.0250693410503266e+002	  1.5725210630698496e+003	
  2.3880000000000000e+004	 -4.0321252373094183e+002	  1.5732058259551686e+003	
  2.3910000000000000e+004	 -4.0311093172349899e+002	  1.5714403742561774e+003	
  2.3940000000000000e+004	 -4.0189182841304410e+002	  1.5701683211790892e+003	
  2.3970000000000000e+004	 -4.0268717383489764e+002	  1.5687813570571254e+003	
  2.4000000000000000e+004	 -4.0396902471380531e+002	  1.5675356723789951e+003	
  2.4030000000000000e+004	 -4.0248677642791472e+002	  1.5686851509706989e+003	
  2.4060000000000000e+004	 -4.0191744464440109e+002	  1.5683392051955498e+003	
  2.4090000000000000e+004	 -4.0006220969011025e+002	  1.5698788961648552e+003	
  2.4120000000000000e+004	 -4.0096209848470903e+002	  1.5704715275693604e+003	
  2.4150000000000000e+004	 -3.9978803922759562e+002	  1.5686321448443246e+003	
  2.4180000000000000e+004	 -3.9530840396208782e+002	  1.5699067244832174e+003	
  2.4210000000000000e+004	 -3.9817243152672745e+002	  1.5698232386206821e+003	
  2.4240000000000000e+004	 -4.0047834084025294e+002	  1.5693557082251507e+003	
  2.4270000000000000e+004	 -3.9883029482517532e+002	  1.5707342252898068e+003	
  2.4300000000000000e+004	 -3.9582924311533731e+002	  1.5703018995433438e+003	
  2.4330000000000000e+004	 -3.9581601823006417e+002	  1.5685859911620164e+003	
  2.4360000000000000e+004	 -3.9710563631165888e+002	  1.5689117975434626e+003	
  2.4390000000000000e+004	 -3.9553633738686727e+002	  1.5691145193402840e+003	
  2.4420000000000000e+004	 -3.9908958584803969e+002	  1.5717861306054149e+003	
  2.4450000000000000e+004	 -3.9523823852666555e+002	  1.5710440142730588e+003	
  2.4480000000000000e+004	 -3.9294234843103641e+002	  1.5706040480309373e+003	
  2.4510000000000000e+004	 -3.9469643722044486e+002	  1.5685653533265095e+003	
  2.4540000000000000e+004	 -3.7119347153548625e+002	  1.5640588710719687e+003	
  2.4570000000000000e+004	 -3.4754689450695855e+002	  1.5658046914092090e+003	
  2.4600000000000000e+004	 -3.2421038046447853e+002	  1.5675931846479696e+003	
  2.4630000000000000e+004	 -2.9642571142435281e+002	  1.5688865861462650e+003	
  2.4660000000000000e+004	 -2.6769453044228698e+002	  1.5846300052259012e+003	
  2.4690000000000000e+004	 -2.5004177411638472e+002	  1.6034584962273009e+003	
  2.4720000000000000e+004	 -2.3367590283047304e+002	  1.6187407432451641e+003	
  2.4750000000000000e+004	 -2.0573270209084669e+002	  1.6027786635175398e+003	
  2.4780000000000000e+004	 -1.8246148253236788e+002	  1.5901905568227558e+003	
  2.4810000000000000e+004	 -1.5989523219992049e+002	  1.5771812985120453e+003	
  2.4840000000000000e+004	 -1.4060932316149476e+002	  1.5636949028719698e+003	
  2.4870000000000000e+004	 -1.2420382626634219e+002	  1.5670667486086295e+003	
  2.4900000000000000e+004	 -1.1094586374480397e+002	  1.5668828750913224e+003	
  2.4930000000000000e+004	 -8.5392097297006814e+001	  1.5595983330389163e+003	
  2.4960000000000000e+004	 -5.9326267775276143e+001	  1.5761905765107863e+003	
  2.4990000000000000e+004	 -2.9918640043508045e+001	  1.6026689824201746e+003	
  2.5020000000000000e+004	 -8.5051867484617212e+000	  1.6193242385138278e+003	
  2.5050000000000000e+004	 -3.7666730670876496e+000	  1.5975904963255664e+003	
  2.5080000000000000e+004	  8.6669136392544743e+000	  1.5877493913486799e+003	
  2.5110000000000000e+004	  1.1573717852617859e+001	  1.5771833222839866e+003	
  2.5140000000000000e+004	 -1.6437100951158199e+000	  1.5799493827101057e+003	
  2.5170000000000000e+004	 -3.3582317224926324e+000	  1.5795739611156337e+003	
  2.5200000000000000e+004	 -2.0604114944515981e+000	  1.5781988684947560e+003	
  2.5230000000000000e+004	  2.9373373505070681e+000	  1.5737559127699697e+003	
  2.5260000000000000e+004	  8.3248141577717707e+000	  1.5800775683143484e+003	
  2.5290000000000000e+004	  1.3942088382902684e+001	  1.5803274015494503e+003	
  2.5320000000000000e+004	  1.0202491754322983e+001	  1.5804317568797787e+003	
  2.5350000000000000e+004	  4.6577099027897280e+000	  1.5869153005149192e+003	
  2.5380000000000000e+004	 -6.8060974716314400e+000	  1.5811806183435356e+003	
  2.5410000000000000e+004	  9.5655264941849190e+000	  1.5923542045716219e+003	
  2.5440000000000000e+004	  3.1733247139025259e+001	  1.5941879834644044e+003	
  2.5470000000000000e+004	  3.8031874244437667e+001	  1.6008027891966185e+003	
  2.5500000000000000e+004	  4.8842267387287919e+001	  1.6063857676857153e+003	
  2.5530000000000000e+004	  3.1117967300208136e+001	  1.6066580660836419e+003	
  2.5560000000000000e+004	  2.3703683197584327e+000	  1.6232180032723261e+003	
  2.5590000000000000e+004	 -5.5596138767299772e+000	  1.6365355772047760e+003	
  2.5620000000000000e+004	 -5.5529753831405388e+000	  1.5949745439907131e+003	
  2.5650000000000000e+004	 -9.7848136964872445e+000	  1.5820538058268316e+003	
  2.5680000000000000e+004	  7.2974218673406854e+000	  1.5900050270792156e+003	
  2.5710000000000000e+004	  4.7208426623257731e+000	  1.5865149093074390e+003	
  2.5740000000000000e+004	  1.7889461154021600e+001	  1.5779159907997694e+003	
  2.5770000000000000e+004	 -5.3921563928043428e+000	  1.5909750791496283e+003	
  2.5800000000000000e+004	  2.6228677364009645e+001	  1.5963501042127093e+003	
  2.5830000000000000e+004	  2.8261621482599999e+001	  1.5933127347139409e+003	
  2.5860000000000000e+004	  1.8274150024740873e+001	  1.5892933945574812e+003	
  2.5890000000000000e+004	  1.1979346770170181e+001	  1.5862520523718431e+003	
  2.5920000000000000e+004	  3.0636207358088758e+001	  1.5847553145026131e+003	
  2.5950000000000000e+004	  1.1901615246016007e+001	  1.5773509831385288e+003	
  2.5980000000000000e+004	 -7.4608589731751715e+000	  1.5703019001774931e+003	
  2.6010000000000000e+004	  9.8041434906767506e+000	  1.5609427036258369e+003	
  2.6040000000000000e+004	  2.4400928578996446e+001	  1.5704525064495649e+003	
  2.6070000000000000e+004	  1.3997224182421979e+001	  1.5986877626365231e+003	
  2.6100000000000000e+004	  1.0398624768339873e+001	  1.6130476695255531e+003	
  2.6130000000000000e+004	 -2.9415934429332395e+000	  1.6035022252723359e+003	
  2.6160000000000000e+004	 -2.7077054585678311e+000	  1.5730848267745730e+003	
  2.6190000000000000e+004	 -7.1052121213797435e+000	  1.5593292179266973e+003	
  2.6220000000000000e+004	 -2.6179694273941070e+001	  1.5750651039868712e+003	
  2.6250000000000000e+004	 -1.4037066648394349e+001	  1.5746353196475920e+003	
  2.6280000000000000e+004	 -2.6211632466892848e+001	  1.5527668075717363e+003	
  2.6310000000000000e+004	 -1.8926066454218756e+001	  1.5613965362501747e+003	
  2.6340000000000000e+004	 -1.0901017597762758e+001	  1.5568224141671415e+003	
  2.6370000000000000e+004	 -1.3589666715984764e+001	  1.5558306786222104e+003	
  2.6400000000000000e+004	 -3.2760623892752484e+001	  1.5630955874463941e+003	
  2.6430000000000000e+004	 -2.1829695791422687e+001	  1.5561560667709955e+003	
  2.6460000000000000e+004	 -1.5993194738817857e+001	  1.5527644010520767e+003	
  2.6490000000000000e+004	 -2.5916905755000812e+001	  1.5653219285088833e+003	
  2.6520000000000000e+004	 -1.8186245019418152e+001	  1.5960223341550745e+003	
  2.6550000000000000e+004	  4.8628144025397653e+000	  1.5779057174199556e+003	
  2.6580000000000000e+004	 -1.2414224543192624e+001	  1.5947916617852791e+003	
  2.6610000000000000e+004	 -2.2842672323627621e+001	  1.5730013435435510e+003	
  2.6640000000000000e+004	 -2.5851891953996365e+001	  1.5691544776225783e+003	
  2.6670000000000000e+004	 -2.4048729292862678e+001	  1.5654616716785165e+003	
  2.6700000000000000e+004	 -1.7865277501452926e+001	  1.5376488856347805e+003	
  2.6730000000000000e+004	  1.4038125863123163e+000	  1.5383469363928064e+003	
  2.6760000000000000e+004	  7.4732599720304123e+000	  1.5779410393798462e+003	
  2.6790000000000000e+004	 -8.2037404054303860e+000	  1.5825467817910505e+003	
  2.6820000000000000e+004	 -1.8115794020168281e+001	  1.5588362418673491e+003	
  2.6850000000000000e+004	 -2.1273469957902080e+001	  1.5671850261231739e+003	
  2.6880000000000000e+004	 -2.5045941890181112e+001	  1.5807211866047433e+003	
  2.6910000000000000e+004	 -1.5657538615547731e+001	  1.5673764886259387e+003	
  2.6940000000000000e+004	 -6.3491140305132374e+000	  1.5714412639284963e+003	
  2.6970000000000000e+004	  1.5630364694401660e+001	  1.5862918071724212e+003	
  2.7000000000000000e+004	  9.2445066890821330e+000	  1.5968828345769857e+003	
  2.7030000000000000e+004	 -4.5579393887055714e-001	  1.5962387855860688e+003	
  2.7060000000000000e+004	 -1.4839194675737077e+000	  1.5745796598231009e+003	
  2.7090000000000000e+004	  2.3683747797172572e+000	  1.5721942928547310e+003	
  2.7120000000000000e+004	 -8.7834161175973158e+000	  1.5548266853290681e+003	
  2.7150000000000000e+004	 -2.2286818907585321e+001	  1.5276610326461123e+003	
  2.7180000000000000e+004	 -1.1924556824274021e+001	  1.5335672581028496e+003	
  2.7210000000000000e+004	 -5.3407828755210236e+000	  1.5465269109113096e+003	
  2.7240000000000000e+004	 -3.1417767045042013e+000	  1.5440681720579005e+003	
  2.7270000000000000e+004	 -1.3981362492306147e+001	  1.5417768950178524e+003	
  2.7300000000000000e+004	 -2.7102289680626615e+001	  1.5374633577828135e+003	
  2.7330000000000000e+004	 -2.6416622473401596e+001	  1.5513223373992557e+003	
  2.7360000000000000e+004	 -7.7822604646775764e+000	  1.5339688467241904e+003	
  2.7390000000000000e+004	 -4.0006764257897682e+000	  1.5447905589992902e+003	
  2.7420000000000000e+004	 -2.1909238690196001e-001	  1.5556122712743900e+003	
  2.7450000000000000e+004	 -2.5696310972450178e+001	  1.5554684311099923e+003	
  2.7480000000000000e+004	 -2.9928346500666397e+001	  1.5603361931837737e+003	
  2.7510000000000000e+004	 -3.0237937968399208e+001	  1.5608713450931075e+003	
  2.7540000000000000e+004	 -1.7659498951686526e+001	  1.5471707778906850e+003	
  2.7570000000000000e+004	 -1.5161604323132163e+001	  1.5517529582149020e+003	
  2.7600000000000000e+004	 -1.4338018182845170e+001	  1.5557273126845284e+003	
  2.7630000000000000e+004	  3.2494651472760765e+000	  1.5424726285296599e+003	
  2.7660000000000000e+004	 -8.8666186945397172e+000	  1.5674802583192850e+003	
  2.7690000000000000e+004	 -2.9510363402360880e+000	  1.5687870237979564e+003	
  2.7720000000000000e+004	  1.5808927054292123e+000	  1.5704328631910466e+003	
  2.7750000000000000e+004	 -1.4891716782700756e-001	  1.5842930697145080e+003	
  2.7780000000000000e+004	 -6.4672961315181290e+000	  1.6253569948622046e+003	
  2.7810000000000000e+004	 -2.3255492095063016e+001	  1.6069888394440118e+003	
  2.7840000000000000e+004	 -4.5678190615690319e+001	  1.5792390743959352e+003	
  2.7870000000000000e+004	 -6.9415726889721981e+001	  1.5593292135321717e+003	
  2.7900000000000000e+004	 -6.8289688711113527e+001	  1.5414469216245784e+003	
  2.7930000000000000e+004	 -6.5387241834455082e+001	  1.5340403560927082e+003	
  2.7960000000000000e+004	 -3.8045781681196225e+001	  1.5239939896506019e+003	
  2.7990000000000000e+004	  6.7659502098507118e-001	  1.5169884315744096e+003	
  2.8020000000000000e+004	  3.5992642021302125e+001	  1.5157565236415880e+003	
  2.8050000000000000e+004	  3.1429893645243045e+001	  1.5098487640797514e+003	
  2.8080000000000000e+004	  2.6296271218966474e+001	  1.5139993029455552e+003	
  2.8110000000000000e+004	  2.8143487457552105e+001	  1.5031962418053258e+003	
  2.8140000000000000e+004	  2.9658292834027527e+001	  1.5077845058359501e+003	
  2.8170000000000000e+004	  2.5641256671943548e+001	  1.5069995797230131e+003	
  2.8200000000000000e+004	  3.0324903962728303e+001	  1.5103576409762475e+003	
  2.8230000000000000e+004	  3.8207066911836847e+001	  1.5079643251749608e+003	
  2.8260000000000000e+004	  3.5569515668160150e+001	  1.5126118163962678e+003	
  2.8290000000000000e+004	  3.9871617674985345e+001	  1.5049587646894988e+003	
  2.8320000000000000e+004	  3.8062748211941326e+001	  1.5097922709005209e+003	
  2.8350000000000000e+004	  4.2356291340990246e+001	  1.5170366698252883e+003	
  2.8380000000000000e+004	  4.0285952838923578e+001	  1.5074676812825348e+003	
  2.8410000000000000e+004	  4.0285893521280556e+001	  1.5038027782289423e+003	
  2.8440000000000000e+004	  4.0263327737399223e+001	  1.5358263442423511e+003	
  2.8470000000000000e+004	  3.9907147095272670e+001	  1.5325680117791139e+003	
  2.8500000000000000e+004	  4.0851943191265541e+001	  1.5323141297869670e+003	
  2.8530000000000000e+004	  4.1796739287258418e+001	  1.5320602477948200e+003	
  2.8560000000000000e+004	  4.2741535383251289e+001	  1.5318063658026731e+003	
  2.8590000000000000e+004	  4.3686331479244167e+001	  1.5315524838105262e+003	
  2.8620000000000000e+004	  4.4228891711138381e+001	  1.5334877449745568e+003	
  2.8650000000000000e+004	  4.3788305984558647e+001	  1.5373520380580326e+003	
