  0.0000000000000000e+000	  2.4735455653245671e+002	 -2.2557686044888905e+002	
  3.0000000000000000e+001	  2.4521100392353847e+002	 -2.2756250657413605e+002	
  6.0000000000000000e+001	  2.4306745131462023e+002	 -2.2954815269938302e+002	
  9.0000000000000000e+001	  2.4195833309564412e+002	 -2.2953477514543044e+002	
  1.2000000000000000e+002	  2.4175434496786744e+002	 -2.2777225187217834e+002	
  1.5000000000000000e+002	  2.2438003984525730e+002	 -2.2644713542359725e+002	
  1.8000000000000000e+002	  8.2954547479399480e+001	 -1.8433892621300589e+002	
  2.1000000000000000e+002	  4.3641398478546158e+001	 -8.4816388329827305e+001	
  2.4000000000000000e+002	 -8.9037546255846777e+001	 -2.9255270502727345e+001	
  2.7000000000000000e+002	 -7.0842517197582637e+001	 -5.4099256468655754e-001	
  3.0000000000000000e+002	 -4.5124775414666608e+001	  7.7927052465614999e+000	
  3.3000000000000000e+002	 -3.9353920369160960e+001	  1.1068868594092450e+001	
  3.6000000000000000e+002	 -4.1267322413465855e+001	  1.0155322344314891e+001	
  3.9000000000000000e+002	 -3.7945546406221112e+001	  8.8275590600421534e+000	
  4.2000000000000000e+002	 -3.5516985149810893e+001	  5.5282558044716685e+000	
  4.5000000000000000e+002	 -3.5071895965878632e+001	  2.7172782767742096e+000	
  4.8000000000000000e+002	 -3.4607321875081325e+001	  3.1627637526862373e-002	
  5.1000000000000000e+002	 -3.3577685485197911e+001	  9.8045676333273357e-001	
  5.4000000000000000e+002	 -3.2548049095314504e+001	  1.9292858891386047e+000	
  5.7000000000000000e+002	 -3.1518412705431086e+001	  2.8781150149444756e+000	
  6.0000000000000000e+002	 -3.3199104544479106e+001	  2.5779378537870032e+000	
  6.3000000000000000e+002	 -3.5557378440759976e+001	  1.9655091208886948e+000	
  6.6000000000000000e+002	 -3.0683449517881332e+001	  1.0521513162474875e+001	
  6.9000000000000000e+002	 -1.2533990948513967e+001	  3.0031795561422257e+001	
  7.2000000000000000e+002	  1.6600328273555775e+001	  4.4886466574887478e+001	
  7.5000000000000000e+002	  4.0008727297779579e+001	  2.8070116985522780e+001	
  7.8000000000000000e+002	  6.1657920793945728e+001	  1.1806756491651536e+001	
  8.1000000000000000e+002	  6.5990648426020570e+001	  1.8931051318389706e+001	
  8.4000000000000000e+002	  5.6223551463051514e+001	  3.4412169429206728e+001	
  8.7000000000000000e+002	  3.4579556740295594e+001	  4.7017534757961243e+001	
  9.0000000000000000e+002	  3.7325890276642397e+001	  5.7391175288308141e+001	
  9.3000000000000000e+002	  6.7657059482913695e+001	  8.5093278867350950e+000	
  9.6000000000000000e+002	  5.8358107572530571e+001	  1.3732345876000533e+001	
  9.9000000000000000e+002	  6.3534619869317304e+001	  1.3940457548132176e+001	
  1.0200000000000000e+003	  6.5879559645649735e+001	  1.6803076728770062e+001	
  1.0500000000000000e+003	  6.7380662902924897e+001	  1.5884747172481804e+001	
  1.0800000000000000e+003	  6.8101969519393151e+001	  9.8725402373124265e+000	
  1.1100000000000000e+003	  6.6451286639889759e+001	  1.2919614223761625e+001	
  1.1400000000000000e+003	  6.1650906868939082e+001	  1.4327296301998453e+001	
  1.1700000000000000e+003	  5.7637170207343715e+001	  2.0078869464057497e+001	
  1.2000000000000000e+003	  3.6640470647134407e+001	  2.7688064677878696e+001	
  1.2300000000000000e+003	  3.1493794199838128e+001	  5.9026083847274506e+001	
  1.2600000000000000e+003	  4.0504381847947847e+001	  8.8851096361774736e+001	
  1.2900000000000000e+003	  5.6096848185150748e+001	  9.7380116508464724e+001	
  1.3200000000000000e+003	  1.6453207869274496e+002	  2.6318467976125788e+002	
  1.3500000000000000e+003	  4.3241989337347053e+002	  6.9772816038611040e+002	
  1.3800000000000000e+003	  5.5095265730443100e+002	  9.9477536856324139e+002	
  1.4100000000000000e+003	  5.8768683629074030e+002	  1.1222382031975021e+003	
  1.4400000000000000e+003	  3.2529524650569550e+002	  1.3482242879885043e+003	
  1.4700000000000000e+003	  6.0782030614167397e+001	  1.2604322026569848e+003	
  1.5000000000000000e+003	 -1.4244670294478973e+002	  1.2186998838064708e+003	
  1.5300000000000000e+003	 -2.1253782583818213e+002	  1.2429236100321793e+003	
  1.5600000000000000e+003	 -2.1498570082189067e+002	  1.2330640974920655e+003	
  1.5900000000000000e+003	 -2.0337806508719626e+002	  1.2299578184001389e+003	
  1.6200000000000000e+003	 -1.6792015701813014e+002	  1.2207251974173930e+003	
  1.6500000000000000e+003	 -1.3236139452952705e+002	  1.2083960928769841e+003	
  1.6800000000000000e+003	 -1.0543464915913228e+002	  1.1953636479970319e+003	
  1.7100000000000000e+003	 -1.0501035853776858e+002	  1.1783543948335689e+003	
  1.7400000000000000e+003	 -1.0443917016205950e+002	  1.1750148775222278e+003	
  1.7700000000000000e+003	 -1.0216917826093594e+002	  1.1864415815928298e+003	
  1.8000000000000000e+003	 -1.0230134011608180e+002	  1.2109703058254770e+003	
  1.8300000000000000e+003	 -9.3880629735108485e+001	  1.2310491234232265e+003	
  1.8600000000000000e+003	 -8.7742861039982131e+001	  1.2464687404904521e+003	
  1.8900000000000000e+003	 -8.5759268625291966e+001	  1.2513655660071138e+003	
  1.9200000000000000e+003	 -8.4685959355811590e+001	  1.2538059795807812e+003	
  1.9500000000000000e+003	 -8.3710744216606571e+001	  1.2607745858717497e+003	
  1.9800000000000000e+003	 -8.1804321203646197e+001	  1.2650333113619679e+003	
  2.0100000000000000e+003	 -7.7349226394366653e+001	  1.2725379338097337e+003	
  2.0400000000000000e+003	 -8.5949451593653549e+001	  1.3016714778919497e+003	
  2.0700000000000000e+003	 -9.9187652310590551e+001	  1.3064135849631919e+003	
  2.1000000000000000e+003	 -1.2038306128108815e+002	  1.3072224891241960e+003	
  2.1300000000000000e+003	 -1.2954794432472485e+002	  1.3080239740365787e+003	
  2.1600000000000000e+003	 -1.3252460464743439e+002	  1.3171668167894682e+003	
  2.1900000000000000e+003	 -1.3381523740128591e+002	  1.3180162129988653e+003	
  2.2200000000000000e+003	 -1.3496061051684779e+002	  1.3179865132849129e+003	
  2.2500000000000000e+003	 -1.3464976553903881e+002	  1.3175833165713443e+003	
  2.2800000000000000e+003	 -1.3630002144894516e+002	  1.3179960652370610e+003	
  2.3100000000000000e+003	 -1.3795027735885154e+002	  1.3184088139027776e+003	
  2.3400000000000000e+003	 -1.3884535206482909e+002	  1.3184135664033552e+003	
  2.3700000000000000e+003	 -1.3725911710075474e+002	  1.3170777600756182e+003	
  2.4000000000000000e+003	 -1.3612188941613724e+002	  1.3163454752516598e+003	
  2.4300000000000000e+003	 -1.3536073504936661e+002	  1.3160184924277244e+003	
  2.4600000000000000e+003	 -1.3464611418198709e+002	  1.3156413577529956e+003	
  2.4900000000000000e+003	 -1.3428474885977909e+002	  1.3168885233289591e+003	
  2.5200000000000000e+003	 -1.3648024128014589e+002	  1.3202038400332356e+003	
  2.5500000000000000e+003	 -1.3692724600297828e+002	  1.3179532963321574e+003	
  2.5800000000000000e+003	 -1.3485090989765564e+002	  1.3163430700542613e+003	
  2.6100000000000000e+003	 -1.3276123781922712e+002	  1.3151569262261398e+003	
  2.6400000000000000e+003	 -1.3269713267426496e+002	  1.3144534665404954e+003	
  2.6700000000000000e+003	 -1.3353639837963814e+002	  1.3148709033660257e+003	
  2.7000000000000000e+003	 -1.3382240944582162e+002	  1.3162440569851790e+003	
  2.7300000000000000e+003	 -1.3285277025860637e+002	  1.3197109195641924e+003	
  2.7600000000000000e+003	 -1.3290617097466321e+002	  1.3192251722773376e+003	
  2.7900000000000000e+003	 -1.3295957169072005e+002	  1.3187394249904826e+003	
  2.8200000000000000e+003	 -1.3301297240677687e+002	  1.3182536777036278e+003	
  2.8500000000000000e+003	 -1.3292486055992799e+002	  1.3175070703429908e+003	
  2.8800000000000000e+003	 -1.3259231792260567e+002	  1.3163098864912758e+003	
  2.9100000000000000e+003	 -1.3262556611589500e+002	  1.3163980991765709e+003	
  2.9400000000000000e+003	 -1.3290267486292538e+002	  1.3173432428865394e+003	
  2.9700000000000000e+003	 -1.3308594859320900e+002	  1.3172558693009973e+003	
  3.0000000000000000e+003	 -1.3325045532014329e+002	  1.3169619922563534e+003	
  3.0300000000000000e+003	 -1.3341496204707755e+002	  1.3166681152117094e+003	
  3.0600000000000000e+003	 -1.3357946877401181e+002	  1.3163742381670652e+003	
  3.0900000000000000e+003	 -1.3385029446996069e+002	  1.3162762791521836e+003	
  3.1200000000000000e+003	 -1.3417427965041685e+002	  1.3162762791521839e+003	
  3.1500000000000000e+003	 -1.3449826483087304e+002	  1.3162762791521839e+003	
  3.1800000000000000e+003	 -1.3482225001132917e+002	  1.3162762791521839e+003	
  3.2100000000000000e+003	 -1.3504037393327758e+002	  1.3164365758033280e+003	
  3.2400000000000000e+003	 -1.3472129117815976e+002	  1.3174807551400268e+003	
  3.2700000000000000e+003	 -1.3475428859725534e+002	  1.3181561615340031e+003	
  3.3000000000000000e+003	 -1.3478728601635089e+002	  1.3188315679279799e+003	
  3.3300000000000000e+003	 -1.3479657100440809e+002	  1.3190649874797446e+003	
  3.3600000000000000e+003	 -1.3475843113038854e+002	  1.3184144333470867e+003	
  3.3900000000000000e+003	 -1.3472029125636899e+002	  1.3177638792144289e+003	
  3.4200000000000000e+003	 -1.3460240074188115e+002	  1.3174056099762258e+003	
  3.4500000000000000e+003	 -1.3446023829333782e+002	  1.3171362970102482e+003	
  3.4800000000000000e+003	 -1.3480928429574794e+002	  1.3153857402270116e+003	
  3.5100000000000000e+003	 -1.3732709328327036e+002	  1.3221124754050281e+003	
  3.5400000000000000e+003	 -1.3627801330540825e+002	  1.3309701396274868e+003	
  3.5700000000000000e+003	 -1.2619272885321944e+002	  1.3394595318628781e+003	
  3.6000000000000000e+003	 -1.1008563308346474e+002	  1.3499815068580313e+003	
  3.6300000000000000e+003	 -1.0481836813223072e+002	  1.3611174287153790e+003	
  3.6600000000000000e+003	 -1.0500268031556334e+002	  1.3745671546481217e+003	
  3.6900000000000000e+003	 -1.1162060185775726e+002	  1.3974198989330346e+003	
  3.7200000000000000e+003	 -1.0544074952589608e+002	  1.4173730782552655e+003	
  3.7500000000000000e+003	 -1.0902080164667368e+002	  1.4405757348053567e+003	
  3.7800000000000000e+003	 -1.0054498919855725e+002	  1.4536902858066669e+003	
  3.8100000000000000e+003	 -9.7307659019599228e+001	  1.4568976070507304e+003	
  3.8400000000000000e+003	 -9.9853443302990001e+001	  1.4630264702497045e+003	
  3.8700000000000000e+003	 -1.0377009167055741e+002	  1.4630293234127009e+003	
  3.9000000000000000e+003	 -1.0148538408217854e+002	  1.4675067434332341e+003	
  3.9300000000000000e+003	 -9.8139948298776488e+001	  1.4703335822639212e+003	
  3.9600000000000000e+003	 -9.8197795322166243e+001	  1.4721202201013789e+003	
  3.9900000000000000e+003	 -9.7209768728530733e+001	  1.4771294890904824e+003	
  4.0200000000000000e+003	 -9.9201509406302222e+001	  1.4777349424670431e+003	
  4.0500000000000000e+003	 -9.8126825940037961e+001	  1.4785494619472511e+003	
  4.0800000000000000e+003	 -9.5251428968228282e+001	  1.4782831395910266e+003	
  4.1100000000000000e+003	 -9.7585954878628570e+001	  1.4826543320628141e+003	
  4.1400000000000000e+003	 -9.8021873800303396e+001	  1.4886344393004974e+003	
  4.1700000000000000e+003	 -9.5657060559213249e+001	  1.5093955465760632e+003	
  4.2000000000000000e+003	 -8.0639431642265592e+001	  1.5220074065244471e+003	
  4.2300000000000000e+003	 -7.7057697278627131e+001	  1.5257479868830451e+003	
  4.2600000000000000e+003	 -6.5886543861824620e+001	  1.5339568687025869e+003	
  4.2900000000000000e+003	 -3.3123984844729222e+001	  1.5271108695424437e+003	
  4.3200000000000000e+003	 -2.1178212458265446e+000	  1.5204541049031029e+003	
  4.3500000000000000e+003	  1.8115871532324665e+001	  1.5159026261286735e+003	
  4.3800000000000000e+003	  1.3238508831274142e+001	  1.5026211040620135e+003	
  4.4100000000000000e+003	  2.0920854544086549e+001	  1.5099633953540506e+003	
  4.4400000000000000e+003	  2.1226847875997379e+001	  1.5044671126523472e+003	
  4.4700000000000000e+003	  3.4849221054586735e+001	  1.5121550859723720e+003	
  4.5000000000000000e+003	  5.3468908968113084e+001	  1.5077713770964278e+003	
  4.5300000000000000e+003	  7.4827534127453347e+001	  1.5214114324424002e+003	
  4.5600000000000000e+003	  6.7614425511630273e+001	  1.5204615241003048e+003	
  4.5900000000000000e+003	  6.4657384567527274e+001	  1.5153409403630901e+003	
  4.6200000000000000e+003	  7.2412290866514667e+001	  1.5201720998792773e+003	
  4.6500000000000000e+003	  8.5500315135396164e+001	  1.5305616951431484e+003	
  4.6800000000000000e+003	  1.0527926301584699e+002	  1.5150886208018189e+003	
  4.7100000000000000e+003	  1.2533234435100698e+002	  1.5058567220580128e+003	
  4.7400000000000000e+003	  1.2670875063205382e+002	  1.5037766815401676e+003	
  4.7700000000000000e+003	  1.2477770115462349e+002	  1.5041625646695425e+003	
  4.8000000000000000e+003	  1.2338363827187402e+002	  1.5042757697298455e+003	
  4.8300000000000000e+003	  1.2490933188365501e+002	  1.5049943875227725e+003	
  4.8600000000000000e+003	  1.2708305377094526e+002	  1.5038589537002915e+003	
  4.8900000000000000e+003	  1.2899926417144721e+002	  1.5029272295634501e+003	
  4.9200000000000000e+003	  1.3052920734176675e+002	  1.5023010699550687e+003	
  4.9500000000000000e+003	  1.3196665034497849e+002	  1.5034621691789682e+003	
  4.9800000000000000e+003	  1.3338096830641325e+002	  1.5050700831109380e+003	
  5.0100000000000000e+003	  1.3111834269282417e+002	  1.5063517318490026e+003	
  5.0400000000000000e+003	  1.3397643110977012e+002	  1.5076153297272974e+003	
  5.0700000000000000e+003	  1.2914002700859976e+002	  1.5061762944960526e+003	
  5.1000000000000000e+003	  1.2476104395558687e+002	  1.5053733250003188e+003	
  5.1300000000000000e+003	  1.2344424511223079e+002	  1.5067551915454735e+003	
  5.1600000000000000e+003	  1.2212744626887468e+002	  1.5081370580906280e+003	
  5.1900000000000000e+003	  1.2660130512792348e+002	  1.5070960524624650e+003	
  5.2200000000000000e+003	  1.3121438317772845e+002	  1.5063775514001211e+003	
  5.2500000000000000e+003	  1.2929169795005902e+002	  1.5086848483810334e+003	
  5.2800000000000000e+003	  1.2610260535722840e+002	  1.5095969767886802e+003	
  5.3100000000000000e+003	  1.2580805504849839e+002	  1.5048447337762664e+003	
  5.3400000000000000e+003	  1.2672576020363293e+002	  1.5007769149290107e+003	
  5.3700000000000000e+003	  1.2563556866803613e+002	  1.5068018089123073e+003	
  5.4000000000000000e+003	  1.2454537713243933e+002	  1.5128267028956036e+003	
  5.4300000000000000e+003	  1.2346423777407567e+002	  1.5186416427575502e+003	
  5.4600000000000000e+003	  1.2264561155547325e+002	  1.5183679131003423e+003	
  5.4900000000000000e+003	  1.2182698533687083e+002	  1.5180941834431339e+003	
  5.5200000000000000e+003	  1.1539252285943424e+002	  1.5250117451155104e+003	
  5.5500000000000000e+003	  1.1006468117990984e+002	  1.5530540261682359e+003	
  5.5800000000000000e+003	  1.1734629844569469e+002	  1.5386141576296588e+003	
  5.6100000000000000e+003	  1.2462791571147950e+002	  1.5241742890910818e+003	
  5.6400000000000000e+003	  1.3445806506895937e+002	  1.5187175566470839e+003	
  5.6700000000000000e+003	  1.2231653156864208e+002	  1.5231034508348303e+003	
  5.7000000000000000e+003	  1.1353212136017217e+002	  1.5291304750233710e+003	
  5.7300000000000000e+003	  1.1201813246998506e+002	  1.5264364150198687e+003	
  5.7600000000000000e+003	  1.1402252338009728e+002	  1.5227433073449640e+003	
  5.7900000000000000e+003	  1.1602691429020950e+002	  1.5190501996700591e+003	
  5.8200000000000000e+003	  1.0959367120905209e+002	  1.5142815683126589e+003	
  5.8500000000000000e+003	  1.0445074459204035e+002	  1.5093258209110422e+003	
  5.8800000000000000e+003	  1.0517508863119222e+002	  1.5126538549559780e+003	
  5.9100000000000000e+003	  1.0611852441631700e+002	  1.5134347655839217e+003	
  5.9400000000000000e+003	  1.0772713148971420e+002	  1.5120830575786515e+003	
  5.9700000000000000e+003	  1.0798822953451769e+002	  1.5132704406655471e+003	
  6.0000000000000000e+003	  1.0734122592804681e+002	  1.5134221366679787e+003	
  6.0300000000000000e+003	  1.0675758948677992e+002	  1.5133424677410655e+003	
  6.0600000000000000e+003	  1.0785194463761211e+002	  1.5146520825366306e+003	
  6.0900000000000000e+003	  1.0852827015799940e+002	  1.5151898189012222e+003	
  6.1200000000000000e+003	  1.0929377452379359e+002	  1.5149932072068141e+003	
  6.1500000000000000e+003	  1.1125205353210497e+002	  1.5134029601383511e+003	
  6.1800000000000000e+003	  1.1134052005434258e+002	  1.5158427023162169e+003	
  6.2100000000000000e+003	  1.0594508309145712e+002	  1.5069847354285264e+003	
  6.2400000000000000e+003	  1.0469769039436743e+002	  1.5048002214241044e+003	
  6.2700000000000000e+003	  1.0523572409525609e+002	  1.5045258627603046e+003	
  6.3000000000000000e+003	  1.0383010530737458e+002	  1.5077416937084722e+003	
  6.3300000000000000e+003	  9.6271039720310355e+001	  1.5015079320375412e+003	
  6.3600000000000000e+003	  1.0114233613637039e+002	  1.5028437404956355e+003	
  6.3900000000000000e+003	  9.8686260776031844e+001	  1.5143836108072958e+003	
  6.4200000000000000e+003	  1.0323603354888540e+002	  1.5179457592676581e+003	
  6.4500000000000000e+003	  1.0861591508789290e+002	  1.5224698004011427e+003	
  6.4800000000000000e+003	  9.7837708655887113e+001	  1.5301906386787005e+003	
  6.5100000000000000e+003	  1.1751868427999077e+002	  1.5172407506368093e+003	
  6.5400000000000000e+003	  1.2109871359340111e+002	  1.5034072848715514e+003	
  6.5700000000000000e+003	  1.1611727925201431e+002	  1.4898265936645164e+003	
  6.6000000000000000e+003	  1.0302718515295423e+002	  1.4774634359736403e+003	
  6.6300000000000000e+003	  9.3044055870714260e+001	  1.4804206055526959e+003	
  6.6600000000000000e+003	  9.1887885204780986e+001	  1.4822107868158714e+003	
  6.6900000000000000e+003	  9.2855521747563742e+001	  1.4877373484791938e+003	
  6.7200000000000000e+003	  8.9667194742737536e+001	  1.4901556485260769e+003	
  6.7500000000000000e+003	  8.3584866390421311e+001	  1.4943558097192529e+003	
  6.7800000000000000e+003	  6.5028941348792372e+001	  1.5093160319337039e+003	
  6.8100000000000000e+003	  5.0307834508284429e+001	  1.5115774982130481e+003	
  6.8400000000000000e+003	  4.8420674239139501e+001	  1.5036759665970803e+003	
  6.8700000000000000e+003	  4.8770333119923691e+001	  1.5035169437924262e+003	
  6.9000000000000000e+003	  4.9887037404632615e+001	  1.5019054963271112e+003	
  6.9300000000000000e+003	  5.3794039467231343e+001	  1.5077486483593514e+003	
  6.9600000000000000e+003	  5.0668296065847933e+001	  1.5062323646067000e+003	
  6.9900000000000000e+003	  4.6914034635313108e+001	  1.5125540172015144e+003	
  7.0200000000000000e+003	  3.7423768270879833e+001	  1.5109698891093512e+003	
  7.0500000000000000e+003	  4.6432075920293393e+001	  1.5110812037051978e+003	
  7.0800000000000000e+003	  4.6334068874815358e+001	  1.5216006725511888e+003	
  7.1100000000000000e+003	  4.1589696563898549e+001	  1.5276876905802228e+003	
  7.1400000000000000e+003	  3.3657815105480026e+001	  1.5371722190908806e+003	
  7.1700000000000000e+003	  3.6234770863510320e+001	  1.5306173567629078e+003	
  7.2000000000000000e+003	  2.9900620958678505e+001	  1.5315821035629799e+003	
  7.2300000000000000e+003	  3.8892454997636790e+001	  1.5600607299382229e+003	
  7.2600000000000000e+003	  1.7871070444660624e+001	  1.5449494314444762e+003	
  7.2900000000000000e+003	  2.4664144896841275e+001	  1.5491238236964971e+003	
  7.3200000000000000e+003	  2.1325150025794787e+001	  1.5519149372278609e+003	
  7.3500000000000000e+003	  2.9525178554582848e+001	  1.5461831969122618e+003	
  7.3800000000000000e+003	  3.1779155051306855e+001	  1.5377318301709208e+003	
  7.4100000000000000e+003	  2.8928478171444389e+001	  1.5426638022028953e+003	
  7.4400000000000000e+003	  2.3891806171892689e+001	  1.5510885688115086e+003	
  7.4700000000000000e+003	  2.5282142982877190e+001	  1.5473705791063007e+003	
  7.5000000000000000e+003	  6.4056835516030546e+001	  1.5920087380133966e+003	
  7.5300000000000000e+003	  6.4056835516030546e+001	  1.5920087380133966e+003	
  7.5600000000000000e+003	  6.4056835516030546e+001	  1.5920087380133966e+003	
  7.5900000000000000e+003	  6.4056835516030546e+001	  1.5920087380133966e+003	
  7.6200000000000000e+003	  6.4056835516030546e+001	  1.5920087380133966e+003	
  7.6500000000000000e+003	  6.4056835516030546e+001	  1.5920087380133966e+003	
  7.6800000000000000e+003	  6.4056835516030546e+001	  1.5920087380133966e+003	
  7.7100000000000000e+003	  6.4056835516030546e+001	  1.5920087380133966e+003	
  7.7400000000000000e+003	  6.4056835516030546e+001	  1.5920087380133966e+003	
  7.7700000000000000e+003	  6.4056835516030546e+001	  1.5920087380133966e+003	
  7.8000000000000000e+003	  6.4056835516030546e+001	  1.5920087380133966e+003	
  7.8300000000000000e+003	  6.4056835516030546e+001	  1.5920087380133966e+003	
  7.8600000000000000e+003	  6.4056835516030546e+001	  1.5920087380133966e+003	
  7.8900000000000000e+003	  6.4056835516030546e+001	  1.5920087380133966e+003	
  7.9200000000000000e+003	  6.4056835516030546e+001	  1.5920087380133966e+003	
  7.9500000000000000e+003	  6.4056835516030546e+001	  1.5920087380133966e+003	
  7.9800000000000000e+003	  6.4056835516030546e+001	  1.5920087380133966e+003	
  8.0100000000000000e+003	  6.4056835516030546e+001	  1.5920087380133966e+003	
  8.0400000000000000e+003	  6.4056835516030546e+001	  1.5920087380133966e+003	
  8.0700000000000000e+003	  6.4056835516030546e+001	  1.5920087380133966e+003	
  8.1000000000000000e+003	  6.4056835516030546e+001	  1.5920087380133966e+003	
  8.1300000000000000e+003	  8.8403619196736003e+001	  1.6189206318307195e+003	
  8.1600000000000000e+003	  4.5158911143274480e+001	  1.6093742041559346e+003	
  8.1900000000000000e+003	  4.1732098067795029e+001	  1.5884465894069933e+003	
  8.2200000000000000e+003	  5.4397761947958919e+001	  1.5841379636799538e+003	
  8.2500000000000000e+003	  6.1413163876668726e+001	  1.5770922446961590e+003	
  8.2800000000000000e+003	  6.3877321627638139e+001	  1.5748009687309270e+003	
  8.3100000000000000e+003	  6.5439879808390259e+001	  1.5757633973037846e+003	
  8.3400000000000000e+003	  6.8564843466514830e+001	  1.5721675768975392e+003	
  8.3700000000000000e+003	  5.9530891429708035e+001	  1.5738269469990262e+003	
  8.4000000000000000e+003	  6.9540097256136022e+001	  1.5835486402690410e+003	
  8.4300000000000000e+003	  5.6608270557237155e+001	  1.5805112698470282e+003	
  8.4600000000000000e+003	  5.4041430043943464e+001	  1.5774420988790116e+003	
  8.4900000000000000e+003	  5.7065627096405549e+001	  1.5804317565038086e+003	
  8.5200000000000000e+003	  5.4238560225324029e+001	  1.5775779895465464e+003	
  8.5500000000000000e+003	  5.9518184862060451e+001	  1.5793120439545255e+003	
  8.5800000000000000e+003	  6.1863511619022134e+001	  1.5700570061800468e+003	
  8.6100000000000000e+003	  6.1841484874273810e+001	  1.5744577415099964e+003	
  8.6400000000000000e+003	  5.6953512560840274e+001	  1.5822836707159156e+003	
  8.6700000000000000e+003	  5.5452496989692733e+001	  1.5750815784204733e+003	
  8.7000000000000000e+003	  5.8867274238356003e+001	  1.5796525392908020e+003	
  8.7300000000000000e+003	  5.8671437705675842e+001	  1.5855412113317302e+003	
  8.7600000000000000e+003	  6.3749061482467091e+001	  1.5858226859997724e+003	
  8.7900000000000000e+003	  6.3589813031644034e+001	  1.5814421768197888e+003	
  8.8200000000000000e+003	  5.2288157413470614e+001	  1.5850086004768166e+003	
  8.8500000000000000e+003	  6.1119334467988949e+001	  1.5831033679134141e+003	
  8.8800000000000000e+003	  5.0858814676004933e+001	  1.5826346629126776e+003	
  8.9100000000000000e+003	  5.1103005340620491e+001	  1.5809347462597277e+003	
  8.9400000000000000e+003	  5.6027762255977827e+001	  1.5906983729570388e+003	
  8.9700000000000000e+003	  6.1484897587464317e+001	  1.6042387752250618e+003	
  9.0000000000000000e+003	  6.1537746667542748e+001	  1.6264158383880977e+003	
  9.0300000000000000e+003	  5.7035664866925472e+001	  1.6409489719049825e+003	
  9.0600000000000000e+003	  5.3216135831050863e+001	  1.6556344096244447e+003	
  9.0900000000000000e+003	  5.6315304367717417e+001	  1.6604896264305803e+003	
  9.1200000000000000e+003	  6.0556325142281594e+001	  1.6475768402295275e+003	
  9.1500000000000000e+003	  6.6994294032359988e+001	  1.6190587894774885e+003	
  9.1800000000000000e+003	  7.2954900422557216e+001	  1.6105291196544551e+003	
  9.2100000000000000e+003	  6.9246296805883944e+001	  1.6196599016057366e+003	
  9.2400000000000000e+003	  6.5721382255124510e+001	  1.6257378194720195e+003	
  9.2700000000000000e+003	  6.5837662644581982e+001	  1.6252716769773924e+003	
  9.3000000000000000e+003	  6.7350710679467781e+001	  1.6221222401126483e+003	
  9.3300000000000000e+003	  6.8173210634331923e+001	  1.6222558207262964e+003	
  9.3600000000000000e+003	  6.9896457175485196e+001	  1.6156302239990216e+003	
  9.3900000000000000e+003	  7.0081876353514247e+001	  1.6121571313686409e+003	
  9.4200000000000000e+003	  6.6564959587051575e+001	  1.6106586332405334e+003	
  9.4500000000000000e+003	  6.4185279248732755e+001	  1.6120875592555558e+003	
  9.4800000000000000e+003	  6.1601913105903357e+001	  1.6160055233786679e+003	
  9.5100000000000000e+003	  6.6690003531230531e+001	  1.6223267434457880e+003	
  9.5400000000000000e+003	  7.0605608473937096e+001	  1.6265432284585793e+003	
  9.5700000000000000e+003	  6.7205835644437968e+001	  1.6214108133340242e+003	
  9.6000000000000000e+003	  6.2511937535928496e+001	  1.6237093717807863e+003	
  9.6300000000000000e+003	  6.6089735072303341e+001	  1.6176169688430903e+003	
  9.6600000000000000e+003	  7.3928167412313528e+001	  1.6117448457723251e+003	
  9.6900000000000000e+003	  7.8450402409300736e+001	  1.6200606463220117e+003	
  9.7200000000000000e+003	  7.9515746775707186e+001	  1.6157816153916058e+003	
  9.7500000000000000e+003	  7.9441795052335195e+001	  1.6109883031420563e+003	
  9.7800000000000000e+003	  8.1746889155793085e+001	  1.6155832257599964e+003	
  9.8100000000000000e+003	  7.8548287295914477e+001	  1.6198751172704217e+003	
  9.8400000000000000e+003	  7.3260866694548568e+001	  1.6178039447741487e+003	
  9.8700000000000000e+003	  6.8487535605584029e+001	  1.6193092557334164e+003	
  9.9000000000000000e+003	  6.6574689164860544e+001	  1.6185658161402905e+003	
  9.9300000000000000e+003	  7.2957356425510483e+001	  1.6269066494896899e+003	
  9.9600000000000000e+003	  7.7132953310959834e+001	  1.6349771376963195e+003	
  9.9900000000000000e+003	  8.0114962210067887e+001	  1.6365603154149317e+003	
  1.0020000000000000e+004	  8.2698835792713879e+001	  1.6332207993442942e+003	
  1.0050000000000000e+004	  8.3853586512132566e+001	  1.6277617633656432e+003	
  1.0080000000000000e+004	  8.2905547870708190e+001	  1.6269511744555548e+003	
  1.0110000000000000e+004	  8.2094240342481655e+001	  1.6298207716147158e+003	
  1.0140000000000000e+004	  8.0669816765980372e+001	  1.6333815937566535e+003	
  1.0170000000000000e+004	  7.8450402409300736e+001	  1.6344205513394784e+003	
  1.0200000000000000e+004	  7.5598573718855278e+001	  1.6364312202274155e+003	
  1.0230000000000000e+004	  7.4079813968759723e+001	  1.6345318686597057e+003	
  1.0260000000000000e+004	  7.2808028356510633e+001	  1.6367512520744458e+003	
  1.0290000000000000e+004	  7.1229133855277752e+001	  1.6389010651002377e+003	
  1.0320000000000000e+004	  7.1703116720864813e+001	  1.6417978390697651e+003	
  1.0350000000000000e+004	  7.1807555290052235e+001	  1.6425291243362801e+003	
  1.0380000000000000e+004	  7.0492059313642500e+001	  1.6465479311737899e+003	
  1.0410000000000000e+004	  6.9139885571344124e+001	  1.6498016711466069e+003	
  1.0440000000000000e+004	  6.8501302081968532e+001	  1.6512536343242075e+003	
  1.0470000000000000e+004	  6.8690033259632642e+001	  1.6515937437801510e+003	
  1.0500000000000000e+004	  7.0102042291734946e+001	  1.6511907151572598e+003	
  1.0530000000000000e+004	  7.4132619317257436e+001	  1.6495919964594075e+003	
  1.0560000000000000e+004	  7.4619445743463984e+001	  1.6508537401831643e+003	
  1.0590000000000000e+004	  7.5476219576008631e+001	  1.6546802645838968e+003	
  1.0620000000000000e+004	  7.5791645065577441e+001	  1.6553995440493777e+003	
  1.0650000000000000e+004	  7.5135283411854473e+001	  1.6555708038412720e+003	
  1.0680000000000000e+004	  7.5994981316357709e+001	  1.6561787628950785e+003	
  1.0710000000000000e+004	  7.8948131905741079e+001	  1.6559789634331119e+003	
  1.0740000000000000e+004	  8.1877446894312968e+001	  1.6550884257508808e+003	
  1.0770000000000000e+004	  8.0534021635254575e+001	  1.6527477971779074e+003	
  1.0800000000000000e+004	  8.1635229128936246e+001	  1.6510067998901498e+003	
  1.0830000000000000e+004	  8.4352285522533847e+001	  1.6477479907186400e+003	
  1.0860000000000000e+004	  8.5160050985112960e+001	  1.6468296223416073e+003	
  1.0890000000000000e+004	  8.6342424476096568e+001	  1.6441867719877350e+003	
  1.0920000000000000e+004	  8.6146589026984714e+001	  1.6451515200848446e+003	
  1.0950000000000000e+004	  8.7948205436918073e+001	  1.6398633719467737e+003	
  1.0980000000000000e+004	  8.8503061851518467e+001	  1.6380321715326459e+003	
  1.1010000000000000e+004	  8.8647601502182511e+001	  1.6377123570030478e+003	
  1.1040000000000000e+004	  9.8895169700182251e+001	  1.6104428478446678e+003	
  1.1070000000000000e+004	  1.4659141458285634e+002	  1.5756822290138814e+003	
  1.1100000000000000e+004	  1.5635849424776086e+002	  1.6328992191589834e+003	
  1.1130000000000000e+004	  1.6864834720220125e+002	  1.6938132860731823e+003	
  1.1160000000000000e+004	  1.6574205589380145e+002	  1.6358398462973773e+003	
  1.1190000000000000e+004	  1.3122684477014764e+002	  1.6050884948002385e+003	
  1.1220000000000000e+004	  1.1232025848398693e+002	  1.6505210493965233e+003	
  1.1250000000000000e+004	  9.7276897204484243e+001	  1.6957259117631884e+003	
  1.1280000000000000e+004	  7.6143273560253036e+001	  1.7047381724697216e+003	
  1.1310000000000000e+004	  7.5630453958870703e+001	  1.6817525839534042e+003	
  1.1340000000000000e+004	  8.0631723883124238e+001	  1.6632826023301320e+003	
  1.1370000000000000e+004	  8.0408730394813631e+001	  1.6608027033891517e+003	
  1.1400000000000000e+004	  8.6620938802282907e+001	  1.6469664012798321e+003	
  1.1430000000000000e+004	  9.2955875205053047e+001	  1.6331006516804405e+003	
  1.1460000000000000e+004	  9.7759329330191022e+001	  1.6185968262760307e+003	
  1.1490000000000000e+004	  9.6288318506459021e+001	  1.6026362468486539e+003	
  1.1520000000000000e+004	  7.7647498674947812e+001	  1.5990217160273105e+003	
  1.1550000000000000e+004	  8.1544510707947083e+001	  1.5817972464480583e+003	
  1.1580000000000000e+004	  8.4901934133503744e+001	  1.5672839730842252e+003	
  1.1610000000000000e+004	  8.3306990405389982e+001	  1.5640347487595313e+003	
  1.1640000000000000e+004	  8.2941283218506413e+001	  1.5645675671501990e+003	
  1.1670000000000000e+004	  8.3264155408337373e+001	  1.5610956779915923e+003	
  1.1700000000000000e+004	  8.3725584594169831e+001	  1.5585092466495369e+003	
  1.1730000000000000e+004	  8.5663519353210461e+001	  1.5556451490461088e+003	
  1.1760000000000000e+004	  8.9968365204302359e+001	  1.5511905137259405e+003	
  1.1790000000000000e+004	  1.0366653948233098e+002	  1.5451049482176718e+003	
  1.1820000000000000e+004	  1.2478620081071037e+002	  1.5399370717423380e+003	
  1.1850000000000000e+004	  1.4863622036584678e+002	  1.5441201183498213e+003	
  1.1880000000000000e+004	  1.7108359888760654e+002	  1.5523329783432473e+003	
  1.1910000000000000e+004	  1.7220447777582132e+002	  1.5536878264452507e+003	
  1.1940000000000000e+004	  1.4696819526646328e+002	  1.5490010482432244e+003	
  1.1970000000000000e+004	  1.2096633020693631e+002	  1.5560826089150105e+003	
  1.2000000000000000e+004	  9.9502246535558683e+001	  1.5443650175524456e+003	
  1.2030000000000000e+004	  8.3835777240140388e+001	  1.5265821098918686e+003	
  1.2060000000000000e+004	  7.3629519687403501e+001	  1.5522816289947887e+003	
  1.2090000000000000e+004	  8.5989889843425360e+001	  1.5607008027151910e+003	
  1.2120000000000000e+004	  8.8535676815659528e+001	  1.5615635082526071e+003	
  1.2150000000000000e+004	  7.3946310486950949e+001	  1.5745319516932220e+003	
  1.2180000000000000e+004	  6.7727520041219790e+001	  1.5660045418789232e+003	
  1.2210000000000000e+004	  7.1393650085518800e+001	  1.5656680019697428e+003	
  1.2240000000000000e+004	  7.5059780129817796e+001	  1.5653314620605631e+003	
  1.2270000000000000e+004	  7.8725910174116805e+001	  1.5649949221513834e+003	
  1.2300000000000000e+004	  8.2392040218415801e+001	  1.5646583822422033e+003	
  1.2330000000000000e+004	  9.1142682730207710e+001	  1.5460347744262624e+003	
  1.2360000000000000e+004	  8.1965080414646366e+001	  1.5232967935610097e+003	
  1.2390000000000000e+004	  7.7883546067363028e+001	  1.4977407282699676e+003	
  1.2420000000000000e+004	  8.2092883568814088e+001	  1.4910663901270493e+003	
  1.2450000000000000e+004	  6.7121011820475076e+001	  1.5100597074837522e+003	
  1.2480000000000000e+004	  4.8156847222478397e+001	  1.5222557269546355e+003	
  1.2510000000000000e+004	  1.7024425684269477e+001	  1.5267101255488426e+003	
  1.2540000000000000e+004	  2.2120796533365206e+000	  1.5267451114027951e+003	
  1.2570000000000000e+004	 -1.1827307877274050e+001	  1.5291550536296706e+003	
  1.2600000000000000e+004	 -4.2589217095469721e+001	  1.5344763482156886e+003	
  1.2630000000000000e+004	 -6.6790628981113130e+001	  1.5359208219323245e+003	
  1.2660000000000000e+004	 -6.7729611316863995e+001	  1.5314008562909980e+003	
  1.2690000000000000e+004	 -6.7850164320079301e+001	  1.5309898396440947e+003	
  1.2720000000000000e+004	 -6.7983958458895273e+001	  1.5307175410220214e+003	
  1.2750000000000000e+004	 -6.7748914701515872e+001	  1.5303835878983286e+003	
  1.2780000000000000e+004	 -6.9808422618581460e+001	  1.5309127722620194e+003	
  1.2810000000000000e+004	 -7.7398133134720467e+001	  1.5326643545195964e+003	
  1.2840000000000000e+004	 -8.3092616248263084e+001	  1.5272614760612614e+003	
  1.2870000000000000e+004	 -9.3704342884274865e+001	  1.5159123670264264e+003	
  1.2900000000000000e+004	 -9.5292659970354904e+001	  1.4996858506291157e+003	
  1.2930000000000000e+004	 -9.4859763562766091e+001	  1.4760163195369200e+003	
  1.2960000000000000e+004	 -9.5041614063703562e+001	  1.4624038257097016e+003	
  1.2990000000000000e+004	 -1.0225524751468112e+002	  1.4439569907633263e+003	
  1.3020000000000000e+004	 -1.0966230677153833e+002	  1.4400870882287397e+003	
  1.3050000000000000e+004	 -1.0612006082853732e+002	  1.4209873527696082e+003	
  1.3080000000000000e+004	 -1.0318257855213942e+002	  1.4187427597737262e+003	
  1.3110000000000000e+004	 -1.0040176317809647e+002	  1.4162909832513874e+003	
  1.3140000000000000e+004	 -1.0072294532160595e+002	  1.4097069472762016e+003	
  1.3170000000000000e+004	 -9.8085839702906966e+001	  1.4041699193910622e+003	
  1.3200000000000000e+004	 -1.0568270078953756e+002	  1.3780795352776122e+003	
  1.3230000000000000e+004	 -1.0272566960699019e+002	  1.3581908775869931e+003	
  1.3260000000000000e+004	 -8.0330179342179463e+001	  1.3374388950937657e+003	
  1.3290000000000000e+004	 -7.7594008955617923e+001	  1.3177481416879214e+003	
  1.3320000000000000e+004	 -7.4917617248393256e+001	  1.3019534790706746e+003	
  1.3350000000000000e+004	 -7.2926658647593968e+001	  1.2999126701671630e+003	
  1.3380000000000000e+004	 -7.7724564168544319e+001	  1.2882243700184160e+003	
  1.3410000000000000e+004	 -7.5578586034872558e+001	  1.2607568760760939e+003	
  1.3440000000000000e+004	 -7.7142843805921018e+001	  1.2464411689598599e+003	
  1.3470000000000000e+004	 -9.1933811865988318e+001	  1.2419295503716771e+003	
  1.3500000000000000e+004	 -1.0260397234637048e+002	  1.2261701477828428e+003	
  1.3530000000000000e+004	 -8.9311210103462884e+001	  1.2083729031976991e+003	
  1.3560000000000000e+004	 -6.4659860323507928e+001	  1.2125764507271203e+003	
  1.3590000000000000e+004	 -4.0235958854710063e+001	  1.2066437798903148e+003	
  1.3620000000000000e+004	 -2.5185681438346055e+001	  1.1818370311983185e+003	
  1.3650000000000000e+004	 -8.7915488509864872e+000	  1.1743469752144151e+003	
  1.3680000000000000e+004	 -9.5679430837535637e+000	  1.1743946821149318e+003	
  1.3710000000000000e+004	 -1.0232305497219990e+001	  1.1761280485595894e+003	
  1.3740000000000000e+004	 -9.9422202664347203e+000	  1.1761280485595892e+003	
  1.3770000000000000e+004	 -9.6521350356494509e+000	  1.1761280485595892e+003	
  1.3800000000000000e+004	 -9.3620498048641831e+000	  1.1761280485595892e+003	
  1.3830000000000000e+004	 -9.0719645740789137e+000	  1.1761280485595889e+003	
  1.3860000000000000e+004	 -8.7838687598331706e+000	  1.1761324139730689e+003	
  1.3890000000000000e+004	 -8.5534660252336678e+000	  1.1762633763774627e+003	
  1.3920000000000000e+004	 -8.3230632906341633e+000	  1.1763943387818567e+003	
  1.3950000000000000e+004	 -8.0926605560346605e+000	  1.1765253011862503e+003	
  1.3980000000000000e+004	 -8.3712043498147111e+000	  1.1761090452913004e+003	
  1.4010000000000000e+004	 -8.6212090858901096e+000	  1.1753133371295044e+003	
  1.4040000000000000e+004	 -7.9824349667786958e+000	  1.1743453643683638e+003	
  1.4070000000000000e+004	 -7.3436608476672811e+000	  1.1733773916072230e+003	
  1.4100000000000000e+004	 -7.6778438763031280e+000	  1.1732442457771749e+003	
  1.4130000000000000e+004	 -8.1549551017796365e+000	  1.1734484876050960e+003	
  1.4160000000000000e+004	 -8.4540631901292862e+000	  1.1739078898993782e+003	
  1.4190000000000000e+004	 -8.5630150357557877e+000	  1.1745881637130867e+003	
  1.4220000000000000e+004	 -7.9859767992383652e+000	  1.1742727680398925e+003	
  1.4250000000000000e+004	 -2.1315161138178955e+000	  1.1722319530864663e+003	
  1.4280000000000000e+004	  7.5585517203516499e+000	  1.1445279092195110e+003	
  1.4310000000000000e+004	  1.4070516082402859e+001	  1.1317681884598162e+003	
  1.4340000000000000e+004	  1.6133955583073753e+001	  1.1207080377746304e+003	
  1.4370000000000000e+004	  1.7204023439310003e+001	  1.1132756304326549e+003	
  1.4400000000000000e+004	  1.9001628505977447e+001	  1.0948877693679660e+003	
  1.4430000000000000e+004	  2.4205113394783353e+001	  1.0121950702344449e+003	
  1.4460000000000000e+004	  7.4176347783997720e-001	  9.0802924920602447e+002	
  1.4490000000000000e+004	 -2.2467241382784458e+001	  8.0514525675832749e+002	
  1.4520000000000000e+004	 -4.6629365834223513e+001	  7.0101075996167287e+002	
  1.4550000000000000e+004	 -9.5093524677062874e+001	  5.9773516638063495e+002	
  1.4580000000000000e+004	 -1.4213167180571858e+002	  4.9859893462135364e+002	
  1.4610000000000000e+004	 -1.4278167497815866e+002	  4.0459509234054752e+002	
  1.4640000000000000e+004	 -1.1688739344667600e+002	  3.3839009327431307e+002	
  1.4670000000000000e+004	 -8.9675383088612122e+001	  2.8146078735123371e+002	
  1.4700000000000000e+004	 -6.5932688285059371e+001	  2.3172966446912733e+002	
  1.4730000000000000e+004	 -5.1000401954444378e+001	  2.0028011696839690e+002	
  1.4760000000000000e+004	 -4.4996249211767463e+001	  1.8718692716475164e+002	
  1.4790000000000000e+004	 -4.5671564394095626e+001	  1.8805127555510845e+002	
  1.4820000000000000e+004	 -5.1229706472796536e+001	  1.8534034986922779e+002	
  1.4850000000000000e+004	 -5.0104931396733981e+001	  1.7162821316047859e+002	
  1.4880000000000000e+004	 -3.6382420983525101e+001	  1.4872068396671924e+002	
  1.4910000000000000e+004	 -2.1378583937922482e+001	  1.2743996411860648e+002	
  1.4940000000000000e+004	 -1.4831526784056438e+001	  1.0031267163340547e+002	
  1.4970000000000000e+004	 -6.3952026936923865e+000	  6.8981227286627046e+001	
  1.5000000000000000e+004	  9.1625244409477813e-001	  3.6825305962507926e+001	
  1.5030000000000000e+004	 -1.2302591831901823e+001	  5.1210131691302312e+000	
  1.5060000000000000e+004	 -7.7910977797322163e+000	 -2.1770824606022380e+001	
  1.5090000000000000e+004	 -1.1034351709328291e+001	 -4.0431257652114340e+001	
  1.5120000000000000e+004	 -9.5179527965258419e+000	 -4.0862203936235289e+001	
  1.5150000000000000e+004	 -8.8967428274896054e+000	 -4.2217564405121401e+001	
  1.5180000000000000e+004	 -1.4094260992933755e+001	 -4.9581617074981033e+001	
  1.5210000000000000e+004	 -1.7842687517877625e+001	 -5.3367498096319515e+001	
  1.5240000000000000e+004	 -2.1301295714721437e+001	 -5.6437744787953768e+001	
  1.5270000000000000e+004	 -2.3746222474403975e+001	 -5.6223051639645199e+001	
  1.5300000000000000e+004	 -2.5882637492341779e+001	 -5.5008594192223612e+001	
  1.5330000000000000e+004	 -1.5363068337117877e+001	 -5.3064088303901642e+001	
  1.5360000000000000e+004	 -1.2316707610916565e+001	 -5.0513323156853964e+001	
  1.5390000000000000e+004	 -1.1786842365918476e+001	 -5.1481896366116274e+001	
  1.5420000000000000e+004	  6.9099476201731292e+001	 -1.2361035593391725e+002	
  1.5450000000000000e+004	 -6.9597549615960119e+001	 -1.6624483725338575e+002	
  1.5480000000000000e+004	 -1.7824899761718592e+002	 -2.1419019119818782e+002	
  1.5510000000000000e+004	 -1.9672447517035991e+002	 -2.4579946211487413e+002	
  1.5540000000000000e+004	 -1.9717163745047941e+002	 -4.1639662605567554e+002	
  1.5570000000000000e+004	 -1.8974835407522684e+002	 -4.6282747788289657e+002	
  1.5600000000000000e+004	 -1.8719403341321487e+002	 -4.7437057012487145e+002	
  1.5630000000000000e+004	 -1.2901826529295516e+002	 -6.2048221760393972e+002	
  1.5660000000000000e+004	 -1.1647414493933579e+002	 -6.4342076871001075e+002	
  1.5690000000000000e+004	 -1.0522480753330227e+002	 -6.6073130271783486e+002	
  1.5720000000000000e+004	 -1.4005666261595385e+002	 -5.6129911166773320e+002	
  1.5750000000000000e+004	 -1.8645522314996563e+002	 -3.9714686991839227e+002	
  1.5780000000000000e+004	 -1.6894260234775192e+002	 -2.3290151674432479e+002	
  1.5810000000000000e+004	 -2.2297671269529108e+001	 -1.7372534020864856e+002	
  1.5840000000000000e+004	  1.2861574719840979e+002	 -2.2631895944670148e+002	
  1.5870000000000000e+004	  2.6654598809759415e+002	 -2.5769690409722716e+002	
  1.5900000000000000e+004	  2.5783152644919403e+002	 -2.4533562384236600e+002	
  1.5930000000000000e+004	  2.7467298513534183e+002	 -2.1428081472478806e+002	
  1.5960000000000000e+004	  2.9660603384829176e+002	 -1.8995538277370946e+002	
