  0.0000000000000000e+000	  3.5160652688529831e+003	 -2.7054992092126540e+003	
  3.0000000000000000e+001	  3.5228214320434076e+003	 -2.7301002898230659e+003	
  6.0000000000000000e+001	  3.5232130951682957e+003	 -2.7323266304068247e+003	
  9.0000000000000000e+001	  3.5232402937089969e+003	 -2.7331244057757121e+003	
  1.2000000000000000e+002	  3.5242248863339119e+003	 -2.7342004698972664e+003	
  1.5000000000000000e+002	  3.5243104227342715e+003	 -2.7350750121356618e+003	
  1.8000000000000000e+002	  3.5234578833667310e+003	 -2.7351373886973606e+003	
  2.1000000000000000e+002	  3.5233996004646456e+003	 -2.7348763207600550e+003	
  2.4000000000000000e+002	  3.5232476533141280e+003	 -2.7346315500732126e+003	
  2.7000000000000000e+002	  3.5234823625706922e+003	 -2.7358331207883252e+003	
  3.0000000000000000e+002	  3.5231431550980747e+003	 -2.7404686824004425e+003	
  3.3000000000000000e+002	  3.5241634499497527e+003	 -2.7399027437207765e+003	
  3.6000000000000000e+002	  3.5241202523272050e+003	 -2.7394116382702136e+003	
  3.9000000000000000e+002	  3.5023931826635931e+003	 -2.7789626374614977e+003	
  4.2000000000000000e+002	  3.4190844894160405e+003	 -2.9315640008240885e+003	
  4.5000000000000000e+002	  3.3387404330466911e+003	 -3.0783001779457786e+003	
  4.8000000000000000e+002	  3.2308656087537634e+003	 -3.1018198896185254e+003	
  5.1000000000000000e+002	  3.0631886204620673e+003	 -3.0935405019172290e+003	
  5.4000000000000000e+002	  2.9267212206027066e+003	 -3.1007457529976750e+003	
  5.7000000000000000e+002	  2.9452128946928101e+003	 -3.1207923874768248e+003	
  6.0000000000000000e+002	  2.9551287750121960e+003	 -3.1365667279833210e+003	
  6.3000000000000000e+002	  2.9717534161071912e+003	 -3.1380774607682965e+003	
  6.6000000000000000e+002	  2.9769988843649703e+003	 -3.1444742180824314e+003	
  6.9000000000000000e+002	  2.9739774937650668e+003	 -3.1407172657750593e+003	
  7.2000000000000000e+002	  2.9697559400199134e+003	 -3.1378102985959385e+003	
  7.5000000000000000e+002	  2.9716946652718116e+003	 -3.1443557451994379e+003	
  7.8000000000000000e+002	  2.9765839089572414e+003	 -3.1426043559121208e+003	
  8.1000000000000000e+002	  2.9880617739956183e+003	 -3.1350471617730655e+003	
  8.4000000000000000e+002	  2.9766491863588953e+003	 -3.1465216575681297e+003	
  8.7000000000000000e+002	  2.9772226914380840e+003	 -3.1646822469399581e+003	
  9.0000000000000000e+002	  2.9818759400971330e+003	 -3.1901001746177094e+003	
  9.3000000000000000e+002	  2.9814208398364176e+003	 -3.1903823861720489e+003	
  9.6000000000000000e+002	  2.9809657395757017e+003	 -3.1906645977263884e+003	
  9.9000000000000000e+002	  2.9795557284716419e+003	 -3.1860814948120151e+003	
  1.0200000000000000e+003	  2.9604050174304421e+003	 -3.1931237660253037e+003	
  1.0500000000000000e+003	  2.9380460300215254e+003	 -3.1794039335715884e+003	
  1.0800000000000000e+003	  2.9707322973092409e+003	 -3.1828905448254786e+003	
  1.1100000000000000e+003	  2.9764444548884030e+003	 -3.1878362028978840e+003	
  1.1400000000000000e+003	  2.9747086812573907e+003	 -3.1911757166986376e+003	
  1.1700000000000000e+003	  2.9763109331205237e+003	 -3.1973689962220014e+003	
  1.2000000000000000e+003	  2.9855035388319907e+003	 -3.2067601105911390e+003	
  1.2300000000000000e+003	  2.9913365013654088e+003	 -3.2144409914677221e+003	
  1.2600000000000000e+003	  3.0046040410927421e+003	 -3.2295244557631881e+003	
  1.2900000000000000e+003	  3.0199278047104267e+003	 -3.2562962200888260e+003	
  1.3200000000000000e+003	  3.0287793580436582e+003	 -3.2792052786262725e+003	
  1.3500000000000000e+003	  3.0281363823614192e+003	 -3.3190790629017024e+003	
  1.3800000000000000e+003	  3.0328696700214700e+003	 -3.3641963684433545e+003	
  1.4100000000000000e+003	  3.0237073401974449e+003	 -3.4075538965944020e+003	
  1.4400000000000000e+003	  3.0181163679761171e+003	 -3.4316067384443536e+003	
  1.4700000000000000e+003	  3.0393028193207647e+003	 -3.4417087637416539e+003	
  1.5000000000000000e+003	  3.0548416481663849e+003	 -3.4401602646827837e+003	
  1.5300000000000000e+003	  3.0946617547682818e+003	 -3.4398581177629021e+003	
  1.5600000000000000e+003	  3.1251085552466070e+003	 -3.4401698052399825e+003	
  1.5900000000000000e+003	  3.1641045029882921e+003	 -3.4446361912242437e+003	
  1.6200000000000000e+003	  3.2068728317144378e+003	 -3.4540093035340233e+003	
  1.6500000000000000e+003	  3.2288174837279598e+003	 -3.4524721020037969e+003	
  1.6800000000000000e+003	  3.2415410131412063e+003	 -3.4606117999363596e+003	
  1.7100000000000000e+003	  3.2446856721625541e+003	 -3.4546950960967461e+003	
  1.7400000000000000e+003	  3.2439347998819326e+003	 -3.4524191401825346e+003	
  1.7700000000000000e+003	  3.2404927918440580e+003	 -3.4541544130639095e+003	
  1.8000000000000000e+003	  3.2354208278209671e+003	 -3.4592615434146987e+003	
  1.8300000000000000e+003	  3.2373979654159134e+003	 -3.4629007566705054e+003	
  1.8600000000000000e+003	  3.2154649110655278e+003	 -3.4673534422497323e+003	
  1.8900000000000000e+003	  3.1969309190144522e+003	 -3.5061076945877862e+003	
  1.9200000000000000e+003	  3.1879094482763066e+003	 -3.5147452319106746e+003	
  1.9500000000000000e+003	  3.1837990615880817e+003	 -3.5138617232909810e+003	
  1.9800000000000000e+003	  3.1830793837118863e+003	 -3.5138700726255156e+003	
  2.0100000000000000e+003	  3.1825870867635717e+003	 -3.5136572319262054e+003	
  2.0400000000000000e+003	  3.1812038375115685e+003	 -3.5143345577585446e+003	
  2.0700000000000000e+003	  3.1798867976733786e+003	 -3.5149674747296822e+003	
  2.1000000000000000e+003	  3.1797562429612640e+003	 -3.5131864004346912e+003	
  2.1300000000000000e+003	  3.1806722954205511e+003	 -3.5113979066449983e+003	
  2.1600000000000000e+003	  3.1823415206455661e+003	 -3.4978861304820853e+003	
  2.1900000000000000e+003	  3.1691278754937584e+003	 -3.4827151995488052e+003	
  2.2200000000000000e+003	  3.1533484522089352e+003	 -3.4615525838684935e+003	
  2.2500000000000000e+003	  3.1436719225657948e+003	 -3.4405816782559909e+003	
  2.2800000000000000e+003	  3.1174896470977228e+003	 -3.4376812501793506e+003	
  2.3100000000000000e+003	  3.1085847832799118e+003	 -3.4368092662857639e+003	
  2.3400000000000000e+003	  3.0548087360380241e+003	 -3.4340499841358528e+003	
  2.3700000000000000e+003	  3.0248935169578326e+003	 -3.4404624104069339e+003	
  2.4000000000000000e+003	  2.9955048993070563e+003	 -3.4432612399947066e+003	
  2.4300000000000000e+003	  2.9701810084340286e+003	 -3.4465371441106977e+003	
  2.4600000000000000e+003	  2.9497084555092174e+003	 -3.4438655324272518e+003	
  2.4900000000000000e+003	  2.8952814669883373e+003	 -3.4396354830103446e+003	
  2.5200000000000000e+003	  2.8644870655312870e+003	 -3.4396800095908111e+003	
  2.5500000000000000e+003	  2.8321438206777548e+003	 -3.4405462613413551e+003	
  2.5800000000000000e+003	  2.7974219925244133e+003	 -3.4374409447184516e+003	
  2.6100000000000000e+003	  2.7703591855377845e+003	 -3.4269250941854671e+003	
  2.6400000000000000e+003	  2.7568780127136424e+003	 -3.4330121151207350e+003	
  2.6700000000000000e+003	  2.7437309825842208e+003	 -3.4417419446819572e+003	
  2.7000000000000000e+003	  2.7621444635686235e+003	 -3.4415755804370851e+003	
  2.7300000000000000e+003	  2.7636691459647127e+003	 -3.4438178253159576e+003	
  2.7600000000000000e+003	  2.7605837343330195e+003	 -3.4707571754554406e+003	
  2.7900000000000000e+003	  2.7576683294678978e+003	 -3.4680531486716441e+003	
  2.8200000000000000e+003	  2.7535978450498278e+003	 -3.4402964293036662e+003	
  2.8500000000000000e+003	  2.7647881791567779e+003	 -3.4432294338664360e+003	
  2.8800000000000000e+003	  2.7616393215176836e+003	 -3.4463505684827069e+003	
  2.9100000000000000e+003	  2.7592397041762861e+003	 -3.4486553031681101e+003	
  2.9400000000000000e+003	  2.7568400868348872e+003	 -3.4509600378535129e+003	
  2.9700000000000000e+003	  2.7544404694934892e+003	 -3.4532647725389161e+003	
  3.0000000000000000e+003	  2.7470570955776102e+003	 -3.4481623725841550e+003	
  3.0300000000000000e+003	  2.7499880299978909e+003	 -3.4373349299831766e+003	
  3.0600000000000000e+003	  2.7482124968724406e+003	 -3.4351897566685425e+003	
  3.0900000000000000e+003	  2.7588274200584101e+003	 -3.4483485749241995e+003	
  3.1200000000000000e+003	  2.7603540107608010e+003	 -3.4482068983162726e+003	
  3.1500000000000000e+003	  2.7603540107608010e+003	 -3.4482068983162726e+003	
  3.1800000000000000e+003	  2.7603540107608010e+003	 -3.4482068983162726e+003	
  3.2100000000000000e+003	  2.7603540107608010e+003	 -3.4482068983162726e+003	
  3.2400000000000000e+003	  2.7603540107608010e+003	 -3.4482068983162726e+003	
  3.2700000000000000e+003	  2.7603540107608010e+003	 -3.4482068983162726e+003	
  3.3000000000000000e+003	  2.7603540107608010e+003	 -3.4482068983162726e+003	
  3.3300000000000000e+003	  2.7603540107608010e+003	 -3.4482068983162726e+003	
  3.3600000000000000e+003	  2.7603540107608010e+003	 -3.4482068983162726e+003	
  3.3900000000000000e+003	  2.7603540107608010e+003	 -3.4482068983162726e+003	
  3.4200000000000000e+003	  2.7603540107608010e+003	 -3.4482068983162726e+003	
  3.4500000000000000e+003	  2.7603540107608010e+003	 -3.4482068983162726e+003	
  3.4800000000000000e+003	  2.7603540107608010e+003	 -3.4482068983162726e+003	
  3.5100000000000000e+003	  2.7603540107608010e+003	 -3.4482068983162726e+003	
  3.5400000000000000e+003	  2.7603540107608010e+003	 -3.4482068983162726e+003	
  3.5700000000000000e+003	  2.7603540107608010e+003	 -3.4482068983162726e+003	
  3.6000000000000000e+003	  2.7603540107608010e+003	 -3.4482068983162726e+003	
  3.6300000000000000e+003	  2.7603540107608010e+003	 -3.4482068983162726e+003	
  3.6600000000000000e+003	  2.7603540107608010e+003	 -3.4482068983162726e+003	
  3.6900000000000000e+003	  2.7603540107608010e+003	 -3.4482068983162726e+003	
  3.7200000000000000e+003	  2.7603540107608010e+003	 -3.4482068983162726e+003	
  3.7500000000000000e+003	  2.7603540107608010e+003	 -3.4482068983162726e+003	
  3.7800000000000000e+003	  2.7603540107608010e+003	 -3.4482068983162726e+003	
  3.8100000000000000e+003	  2.7603540107608010e+003	 -3.4482068983162726e+003	
  3.8400000000000000e+003	  2.7603540107608010e+003	 -3.4482068983162726e+003	
  3.8700000000000000e+003	  2.7603540107608010e+003	 -3.4482068983162726e+003	
  3.9000000000000000e+003	  2.7603540107608010e+003	 -3.4482068983162726e+003	
  3.9300000000000000e+003	  2.7603540107608010e+003	 -3.4482068983162726e+003	
  3.9600000000000000e+003	  2.7603540107608010e+003	 -3.4482068983162726e+003	
  3.9900000000000000e+003	  2.7603540107608010e+003	 -3.4482068983162726e+003	
  4.0200000000000000e+003	  2.7603540107608010e+003	 -3.4482068983162726e+003	
  4.0500000000000000e+003	  2.7603540107608010e+003	 -3.4482068983162726e+003	
  4.0800000000000000e+003	  2.7603540107608010e+003	 -3.4482068983162726e+003	
  4.1100000000000000e+003	  2.7603540107608010e+003	 -3.4482068983162726e+003	
  4.1400000000000000e+003	  2.7603540107608010e+003	 -3.4482068983162726e+003	
  4.1700000000000000e+003	  2.7603540107608010e+003	 -3.4482068983162726e+003	
  4.2000000000000000e+003	  2.7603540107608010e+003	 -3.4482068983162726e+003	
  4.2300000000000000e+003	  2.7603540107608010e+003	 -3.4482068983162726e+003	
  4.2600000000000000e+003	  2.7603540107608010e+003	 -3.4482068983162726e+003	
  4.2900000000000000e+003	  2.7603540107608010e+003	 -3.4482068983162726e+003	
  4.3200000000000000e+003	  2.7603540107608010e+003	 -3.4482068983162726e+003	
  4.3500000000000000e+003	  2.7337882421599093e+003	 -3.4442390154068462e+003	
  4.3800000000000000e+003	  2.6940292800023967e+003	 -3.4383005873187522e+003	
  4.4100000000000000e+003	  2.6619816448345869e+003	 -3.4326225061735654e+003	
  4.4400000000000000e+003	  2.6436477217962056e+003	 -3.4281799431789336e+003	
  4.4700000000000000e+003	  2.6356604018070966e+003	 -3.4344381268253210e+003	
  4.5000000000000000e+003	  2.6350448603440013e+003	 -3.4447046934100890e+003	
  4.5300000000000000e+003	  2.6361082360581840e+003	 -3.4564848452198917e+003	
  4.5600000000000000e+003	  2.6368968712422989e+003	 -3.4709945870336915e+003	
  4.5900000000000000e+003	  2.6378918178583376e+003	 -3.4854298997691217e+003	
  4.6200000000000000e+003	  2.6372057788370494e+003	 -3.4999971814063451e+003	
  4.6500000000000000e+003	  2.6511338021523279e+003	 -3.5060782992868239e+003	
  4.6800000000000000e+003	  2.6644901441077636e+003	 -3.5082227191621482e+003	
  4.7100000000000000e+003	  2.6794572174180503e+003	 -3.5106080852001087e+003	
  4.7400000000000000e+003	  2.6934503576355801e+003	 -3.5090216577784577e+003	
  4.7700000000000000e+003	  2.7068700772578673e+003	 -3.5060989736491192e+003	
  4.8000000000000000e+003	  2.7149729292765496e+003	 -3.5002105382196560e+003	
  4.8300000000000000e+003	  2.7115529607368439e+003	 -3.4947745527952243e+003	
  4.8600000000000000e+003	  2.7267423149327306e+003	 -3.4835551390803357e+003	
  4.8900000000000000e+003	  2.7228368242422202e+003	 -3.4498564168336784e+003	
  4.9200000000000000e+003	  2.7189313335517095e+003	 -3.4161576945870211e+003	
  4.9500000000000000e+003	  2.7333392853901537e+003	 -3.4334001117421153e+003	
  4.9800000000000000e+003	  2.7336372890305661e+003	 -3.4366912262334795e+003	
  5.0100000000000000e+003	  2.7339352926709789e+003	 -3.4399823407248446e+003	
  5.0400000000000000e+003	  2.7342332963113918e+003	 -3.4432734552162092e+003	
  5.0700000000000000e+003	  2.7345312999518046e+003	 -3.4465645697075743e+003	
  5.1000000000000000e+003	  2.7348293035922175e+003	 -3.4498556841989384e+003	
  5.1300000000000000e+003	  2.7351273072326303e+003	 -3.4531467986903031e+003	
  5.1600000000000000e+003	  2.7454904486992591e+003	 -3.4570677407189710e+003	
  5.1900000000000000e+003	  2.7497702429236451e+003	 -3.4497248604401084e+003	
  5.2200000000000000e+003	  2.7424882107878580e+003	 -3.4497653389569177e+003	
  5.2500000000000000e+003	  2.7719713876295068e+003	 -3.4480431986043559e+003	
  5.2800000000000000e+003	  2.8137272426540108e+003	 -3.4530200385519352e+003	
  5.3100000000000000e+003	  2.8341332838242952e+003	 -3.4688005640886927e+003	
  5.3400000000000000e+003	  2.8401830579094844e+003	 -3.4985964404037659e+003	
  5.3700000000000000e+003	  2.8401410951714192e+003	 -3.5255404788740320e+003	
  5.4000000000000000e+003	  2.8368455414814302e+003	 -3.5415351565867477e+003	
  5.4300000000000000e+003	  2.8354551403504988e+003	 -3.5412679948066584e+003	
  5.4600000000000000e+003	  2.8382876943995589e+003	 -3.5425799471225159e+003	
  5.4900000000000000e+003	  2.8441607136871930e+003	 -3.5452956505436382e+003	
  5.5200000000000000e+003	  2.8519329082760014e+003	 -3.5687553674493242e+003	
  5.5500000000000000e+003	  2.8562132121576765e+003	 -3.5588189919658689e+003	
  5.5800000000000000e+003	  2.8514002916627328e+003	 -3.5371749501596300e+003	
  5.6100000000000000e+003	  2.8689030507021744e+003	 -3.5222550361538729e+003	
  5.6400000000000000e+003	  2.9041456934028029e+003	 -3.5201242948630843e+003	
  5.6700000000000000e+003	  2.9363297891416564e+003	 -3.5219977687372248e+003	
  5.7000000000000000e+003	  2.9700154162371587e+003	 -3.5372327512712573e+003	
  5.7300000000000000e+003	  3.0008342961310323e+003	 -3.5481696554326131e+003	
  5.7600000000000000e+003	  3.0045224439246645e+003	 -3.5497121926147324e+003	
  5.7900000000000000e+003	  3.0055734039383492e+003	 -3.5478839415947091e+003	
  5.8200000000000000e+003	  3.0080273155099353e+003	 -3.5476644472669732e+003	
  5.8500000000000000e+003	  3.0202495265190664e+003	 -3.5418722876270890e+003	
  5.8800000000000000e+003	  3.0567440048837552e+003	 -3.5434943369284993e+003	
  5.9100000000000000e+003	  3.0856290552241426e+003	 -3.5326594725435061e+003	
  5.9400000000000000e+003	  3.1102058276425219e+003	 -3.5163440964997703e+003	
  5.9700000000000000e+003	  3.1291230883191351e+003	 -3.5297800707783576e+003	
  6.0000000000000000e+003	  3.1490782517401003e+003	 -3.5332531635528107e+003	
  6.0300000000000000e+003	  3.1756329149452627e+003	 -3.5209414934453607e+003	
  6.0600000000000000e+003	  3.1787164972256642e+003	 -3.5128906964008283e+003	
  6.0900000000000000e+003	  3.1799038080789223e+003	 -3.5139345856790487e+003	
  6.1200000000000000e+003	  3.1814747513571870e+003	 -3.5117728023302134e+003	
  6.1500000000000000e+003	  3.1830170012175558e+003	 -3.5083971335249539e+003	
  6.1800000000000000e+003	  3.1829025910742889e+003	 -3.5093076188322020e+003	
  6.2100000000000000e+003	  3.1815372147587541e+003	 -3.5119359393936047e+003	
  6.2400000000000000e+003	  3.1814709787257775e+003	 -3.5105706679849627e+003	
  6.2700000000000000e+003	  3.1768079004291162e+003	 -3.5025593288632926e+003	
  6.3000000000000000e+003	  3.1692085105158039e+003	 -3.4895382827466124e+003	
  6.3300000000000000e+003	  3.1575549299723766e+003	 -3.4690391010683088e+003	
  6.3600000000000000e+003	  3.1611316413078484e+003	 -3.4456688705332754e+003	
  6.3900000000000000e+003	  3.1929536872257240e+003	 -3.4463357126863134e+003	
  6.4200000000000000e+003	  3.2233909074243265e+003	 -3.4438362392334034e+003	
  6.4500000000000000e+003	  3.2326619516079686e+003	 -3.4434729935798127e+003	
  6.4800000000000000e+003	  3.2487561545828630e+003	 -3.4496540226736633e+003	
  6.5100000000000000e+003	  3.2406567430783916e+003	 -3.4471899160718935e+003	
  6.5400000000000000e+003	  3.2325573315739198e+003	 -3.4447258094701233e+003	
  6.5700000000000000e+003	  3.2244579200694484e+003	 -3.4422617028683535e+003	
  6.6000000000000000e+003	  3.2210762182836170e+003	 -3.4439597247547531e+003	
  6.6300000000000000e+003	  3.2228441737123444e+003	 -3.4494010289293760e+003	
  6.6600000000000000e+003	  3.2268790518348860e+003	 -3.4520870960039151e+003	
  6.6900000000000000e+003	  3.2291870574147010e+003	 -3.4510136800669425e+003	
  6.7200000000000000e+003	  3.2198164537190723e+003	 -3.4495478822863079e+003	
  6.7500000000000000e+003	  3.2043093832500190e+003	 -3.4462860322271549e+003	
  6.7800000000000000e+003	  3.1885582538723552e+003	 -3.4441138553032561e+003	
  6.8100000000000000e+003	  3.1862603462935208e+003	 -3.4438479564958093e+003	
  6.8400000000000000e+003	  3.2130803814916026e+003	 -3.4523027137072982e+003	
  6.8700000000000000e+003	  3.2199690202902862e+003	 -3.4616762684789151e+003	
  6.9000000000000000e+003	  3.2199690202902862e+003	 -3.4616762684789151e+003	
  6.9300000000000000e+003	  3.2199690202902862e+003	 -3.4616762684789151e+003	
  6.9600000000000000e+003	  3.2199690202902862e+003	 -3.4616762684789151e+003	
  6.9900000000000000e+003	  3.2199690202902862e+003	 -3.4616762684789151e+003	
  7.0200000000000000e+003	  3.2199690202902862e+003	 -3.4616762684789151e+003	
  7.0500000000000000e+003	  3.2199690202902862e+003	 -3.4616762684789151e+003	
  7.0800000000000000e+003	  3.2199690202902862e+003	 -3.4616762684789151e+003	
  7.1100000000000000e+003	  3.2199690202902862e+003	 -3.4616762684789151e+003	
  7.1400000000000000e+003	  3.2199690202902862e+003	 -3.4616762684789151e+003	
  7.1700000000000000e+003	  3.2199690202902862e+003	 -3.4616762684789151e+003	
  7.2000000000000000e+003	  3.2199690202902862e+003	 -3.4616762684789151e+003	
  7.2300000000000000e+003	  3.2199690202902862e+003	 -3.4616762684789151e+003	
  7.2600000000000000e+003	  3.2199690202902862e+003	 -3.4616762684789151e+003	
  7.2900000000000000e+003	  3.2199690202902862e+003	 -3.4616762684789151e+003	
  7.3200000000000000e+003	  3.2199690202902862e+003	 -3.4616762684789151e+003	
  7.3500000000000000e+003	  3.2199690202902862e+003	 -3.4616762684789151e+003	
  7.3800000000000000e+003	  3.2199690202902862e+003	 -3.4616762684789151e+003	
  7.4100000000000000e+003	  3.2199690202902862e+003	 -3.4616762684789151e+003	
  7.4400000000000000e+003	  3.2199690202902862e+003	 -3.4616762684789151e+003	
  7.4700000000000000e+003	  3.2199690202902862e+003	 -3.4616762684789151e+003	
  7.5000000000000000e+003	  3.2199690202902862e+003	 -3.4616762684789151e+003	
  7.5300000000000000e+003	  3.2199690202902862e+003	 -3.4616762684789151e+003	
  7.5600000000000000e+003	  3.2199690202902862e+003	 -3.4616762684789151e+003	
  7.5900000000000000e+003	  3.2199690202902862e+003	 -3.4616762684789151e+003	
  7.6200000000000000e+003	  3.2199690202902862e+003	 -3.4616762684789151e+003	
  7.6500000000000000e+003	  3.2199690202902862e+003	 -3.4616762684789151e+003	
  7.6800000000000000e+003	  3.2199690202902862e+003	 -3.4616762684789151e+003	
  7.7100000000000000e+003	  3.2199690202902862e+003	 -3.4616762684789151e+003	
  7.7400000000000000e+003	  3.2199690202902862e+003	 -3.4616762684789151e+003	
  7.7700000000000000e+003	  3.2199690202902862e+003	 -3.4616762684789151e+003	
  7.8000000000000000e+003	  3.2199690202902862e+003	 -3.4616762684789151e+003	
  7.8300000000000000e+003	  3.2199690202902862e+003	 -3.4616762684789151e+003	
  7.8600000000000000e+003	  3.2199690202902862e+003	 -3.4616762684789151e+003	
  7.8900000000000000e+003	  3.2199690202902862e+003	 -3.4616762684789151e+003	
  7.9200000000000000e+003	  3.2199690202902862e+003	 -3.4616762684789151e+003	
  7.9500000000000000e+003	  3.2199690202902862e+003	 -3.4616762684789151e+003	
  7.9800000000000000e+003	  3.2199690202902862e+003	 -3.4616762684789151e+003	
  8.0100000000000000e+003	  3.2199690202902862e+003	 -3.4616762684789151e+003	
  8.0400000000000000e+003	  3.2199690202902862e+003	 -3.4616762684789151e+003	
  8.0700000000000000e+003	  3.2199690202902862e+003	 -3.4616762684789151e+003	
  8.1000000000000000e+003	  3.2199690202902862e+003	 -3.4616762684789151e+003	
  8.1300000000000000e+003	  3.2199690202902862e+003	 -3.4616762684789151e+003	
  8.1600000000000000e+003	  3.2199690202902862e+003	 -3.4616762684789151e+003	
  8.1900000000000000e+003	  3.2199690202902862e+003	 -3.4616762684789151e+003	
  8.2200000000000000e+003	  3.2199690202902862e+003	 -3.4616762684789151e+003	
  8.2500000000000000e+003	  3.2199690202902862e+003	 -3.4616762684789151e+003	
  8.2800000000000000e+003	  3.2199690202902862e+003	 -3.4616762684789151e+003	
  8.3100000000000000e+003	  3.2199690202902862e+003	 -3.4616762684789151e+003	
  8.3400000000000000e+003	  3.2199690202902862e+003	 -3.4616762684789151e+003	
  8.3700000000000000e+003	  3.2199690202902862e+003	 -3.4616762684789151e+003	
  8.4000000000000000e+003	  3.2199690202902862e+003	 -3.4616762684789151e+003	
  8.4300000000000000e+003	  3.2199690202902862e+003	 -3.4616762684789151e+003	
  8.4600000000000000e+003	  3.2199690202902862e+003	 -3.4616762684789151e+003	
  8.4900000000000000e+003	  3.2199690202902862e+003	 -3.4616762684789151e+003	
  8.5200000000000000e+003	  3.2223890780331849e+003	 -3.4521444744190212e+003	
  8.5500000000000000e+003	  3.2322817156132451e+003	 -3.4131806999392620e+003	
  8.5800000000000000e+003	  3.2313321056072045e+003	 -3.4053553824529286e+003	
  8.6100000000000000e+003	  3.2161160487139960e+003	 -3.4336076618383568e+003	
  8.6400000000000000e+003	  3.2112153803502706e+003	 -3.4431658256785117e+003	
  8.6700000000000000e+003	  3.2064371075896302e+003	 -3.4454239722200418e+003	
  8.7000000000000000e+003	  3.1782407297922100e+003	 -3.4414289262230645e+003	
  8.7300000000000000e+003	  3.1554862714700134e+003	 -3.4472421513898139e+003	
  8.7600000000000000e+003	  3.1384312372343243e+003	 -3.4753565549685704e+003	
  8.7900000000000000e+003	  3.1199864907036986e+003	 -3.5004146202919683e+003	
  8.8200000000000000e+003	  3.1237671142604790e+003	 -3.5248487229727248e+003	
  8.8500000000000000e+003	  3.1314425953218515e+003	 -3.5315050737680353e+003	
  8.8800000000000000e+003	  3.1327481347819203e+003	 -3.5319998171006846e+003	
  8.9100000000000000e+003	  3.1332055366586724e+003	 -3.5325142092481478e+003	
  8.9400000000000000e+003	  3.1313305601813099e+003	 -3.5330826356363505e+003	
  8.9700000000000000e+003	  3.1327100568104197e+003	 -3.5464813465165280e+003	
  9.0000000000000000e+003	  3.1368388235197463e+003	 -3.5757133781585035e+003	
  9.0300000000000000e+003	  3.1278428440711250e+003	 -3.6044126198828044e+003	
  9.0600000000000000e+003	  3.1128495434290880e+003	 -3.6303216735836249e+003	
  9.0900000000000000e+003	  3.1465736782916015e+003	 -3.6472770272376893e+003	
  9.1200000000000000e+003	  3.1534648625434629e+003	 -3.6731064032240611e+003	
  9.1500000000000000e+003	  3.1392727212538553e+003	 -3.7025823753084537e+003	
  9.1800000000000000e+003	  3.1621366084325377e+003	 -3.7170984144197064e+003	
  9.2100000000000000e+003	  3.1848586098380069e+003	 -3.7288958952565904e+003	
  9.2400000000000000e+003	  3.2033233973793958e+003	 -3.7479838492815979e+003	
  9.2700000000000000e+003	  3.2070441837864851e+003	 -3.7713975453426765e+003	
  9.3000000000000000e+003	  3.2209303713960371e+003	 -3.8002016879145726e+003	
  9.3300000000000000e+003	  3.2389156552736208e+003	 -3.8267406986770593e+003	
  9.3600000000000000e+003	  3.2478110581028000e+003	 -3.8507392119121832e+003	
  9.3900000000000000e+003	  3.2506899853170435e+003	 -3.8629131895812666e+003	
  9.4200000000000000e+003	  3.2515580431376447e+003	 -3.8706124780429582e+003	
  9.4500000000000000e+003	  3.2514390383891373e+003	 -3.8707777424115020e+003	
  9.4800000000000000e+003	  3.2513631535400332e+003	 -3.8707805249579410e+003	
  9.5100000000000000e+003	  3.2510147380419539e+003	 -3.8748111327213805e+003	
  9.5400000000000000e+003	  3.2544772132936378e+003	 -3.8973077879238781e+003	
  9.5700000000000000e+003	  3.2687597013987875e+003	 -3.9170352361958144e+003	
  9.6000000000000000e+003	  3.2815833659131345e+003	 -3.9384183680222427e+003	
  9.6300000000000000e+003	  3.2984068084456540e+003	 -3.9640160892126614e+003	
  9.6600000000000000e+003	  3.2955401461262350e+003	 -3.9949519673885948e+003	
  9.6900000000000000e+003	  3.2792701627903643e+003	 -4.0156609956115421e+003	
  9.7200000000000000e+003	  3.2646699888793655e+003	 -4.0343558759805223e+003	
  9.7500000000000000e+003	  3.2397746413689615e+003	 -4.0536403665014413e+003	
  9.7800000000000000e+003	  3.2112700079121223e+003	 -4.0678388884539077e+003	
  9.8100000000000000e+003	  3.1795817868246409e+003	 -4.0778491570075207e+003	
  9.8400000000000000e+003	  3.1583802170362337e+003	 -4.0774546349788425e+003	
  9.8700000000000000e+003	  3.1526032084181943e+003	 -4.0690737423150722e+003	
  9.9000000000000000e+003	  3.1496657444228895e+003	 -4.0711288273595364e+003	
  9.9300000000000000e+003	  3.1500737243372500e+003	 -4.0712858122792572e+003	
  9.9600000000000000e+003	  3.1475360846196591e+003	 -4.0708730119667634e+003	
  9.9900000000000000e+003	  3.1470611947158282e+003	 -4.0679314578228259e+003	
  1.0020000000000000e+004	  3.1479815988725745e+003	 -4.0722282976717174e+003	
  1.0050000000000000e+004	  3.1479277460768662e+003	 -4.0733219888886724e+003	
  1.0080000000000000e+004	  3.1301805745078682e+003	 -4.0919536879751399e+003	
  1.0110000000000000e+004	  3.1012302474253029e+003	 -4.0936605506232854e+003	
  1.0140000000000000e+004	  3.0712097202718096e+003	 -4.0972969097267332e+003	
  1.0170000000000000e+004	  3.0359043374705307e+003	 -4.1064805691460606e+003	
  1.0200000000000000e+004	  3.0150381542731675e+003	 -4.1213970603893440e+003	
  1.0230000000000000e+004	  2.9973950168971551e+003	 -4.1158938209796197e+003	
  1.0260000000000000e+004	  2.9963954635427863e+003	 -4.1147365867885601e+003	
  1.0290000000000000e+004	  2.9944543329221719e+003	 -4.1139476029369325e+003	
  1.0320000000000000e+004	  2.9704856674730995e+003	 -4.1013570535220742e+003	
  1.0350000000000000e+004	  2.9422025397956290e+003	 -4.1067254667941152e+003	
  1.0380000000000000e+004	  2.9339580609993714e+003	 -4.1300937086759768e+003	
  1.0410000000000000e+004	  2.9287685420003882e+003	 -4.1513970182685644e+003	
  1.0440000000000000e+004	  2.9254994316591724e+003	 -4.1537849502040926e+003	
  1.0470000000000000e+004	  2.9241507248319508e+003	 -4.1507722068713711e+003	
  1.0500000000000000e+004	  2.9224879676107275e+003	 -4.1545510041790094e+003	
  1.0530000000000000e+004	  2.9221552826392567e+003	 -4.1531971474099328e+003	
  1.0560000000000000e+004	  2.9219965007128617e+003	 -4.1535882612812429e+003	
  1.0590000000000000e+004	  2.9218377187864671e+003	 -4.1539793751525522e+003	
  1.0620000000000000e+004	  2.9216789368600721e+003	 -4.1543704890238614e+003	
  1.0650000000000000e+004	  2.9198981304562890e+003	 -4.1536522209400964e+003	
  1.0680000000000000e+004	  2.9189827596487153e+003	 -4.1537455917195939e+003	
  1.0710000000000000e+004	  2.9187235715316542e+003	 -4.1543676579997218e+003	
  1.0740000000000000e+004	  2.9184643834145932e+003	 -4.1549897242798479e+003	
  1.0770000000000000e+004	  2.9189288188711807e+003	 -4.1551040555040836e+003	
  1.0800000000000000e+004	  2.9208405014750656e+003	 -4.1542029166165366e+003	
  1.0830000000000000e+004	  2.9238292539614558e+003	 -4.1554168027271653e+003	
  1.0860000000000000e+004	  2.9212516512099437e+003	 -4.1559867085926699e+003	
  1.0890000000000000e+004	  2.9227397502787353e+003	 -4.1529554583163699e+003	
  1.0920000000000000e+004	  2.9237841813699424e+003	 -4.1545404025687485e+003	
  1.0950000000000000e+004	  2.9230847854375343e+003	 -4.1542223537691079e+003	
  1.0980000000000000e+004	  2.9224026210504044e+003	 -4.1542880377231377e+003	
  1.1010000000000000e+004	  2.9218066143896626e+003	 -4.1562723854455216e+003	
  1.1040000000000000e+004	  2.9212106077289213e+003	 -4.1582567331679038e+003	
  1.1070000000000000e+004	  2.9211655425097720e+003	 -4.1598781783148061e+003	
  1.1100000000000000e+004	  2.9197430436092741e+003	 -4.1598112822478215e+003	
  1.1130000000000000e+004	  2.9188790845656567e+003	 -4.1569628738762376e+003	
  1.1160000000000000e+004	  2.9232325554125541e+003	 -4.1566802998100402e+003	
  1.1190000000000000e+004	  2.9249121810641873e+003	 -4.1572111962610506e+003	
  1.1220000000000000e+004	  2.9170676501818634e+003	 -4.1484934983856328e+003	
  1.1250000000000000e+004	  2.9136659329554732e+003	 -4.1455893378053561e+003	
  1.1280000000000000e+004	  2.9139775530064544e+003	 -4.1561574627998016e+003	
  1.1310000000000000e+004	  2.8964338576229929e+003	 -4.1635733978373646e+003	
  1.1340000000000000e+004	  2.9158437065154126e+003	 -4.1580315184031351e+003	
  1.1370000000000000e+004	  2.9128984108379041e+003	 -4.1553109279784421e+003	
  1.1400000000000000e+004	  2.9154275669748349e+003	 -4.1576029468307343e+003	
  1.1430000000000000e+004	  2.9133118933426440e+003	 -4.1558974116451327e+003	
  1.1460000000000000e+004	  2.9141138674102599e+003	 -4.1502096360636478e+003	
  1.1490000000000000e+004	  2.9168303929263325e+003	 -4.1545395857848298e+003	
  1.1520000000000000e+004	  2.9143162262711794e+003	 -4.1534675175038310e+003	
  1.1550000000000000e+004	  2.9186614950382891e+003	 -4.1579152544531917e+003	
  1.1580000000000000e+004	  2.9168823419930141e+003	 -4.1516206920958330e+003	
  1.1610000000000000e+004	  2.9164980012284655e+003	 -4.1494047541093441e+003	
  1.1640000000000000e+004	  2.9161136604639164e+003	 -4.1471888161228553e+003	
  1.1670000000000000e+004	  2.9157293196993674e+003	 -4.1449728781363656e+003	
  1.1700000000000000e+004	  2.9150178915859628e+003	 -4.1448125076932283e+003	
  1.1730000000000000e+004	  2.9140202620423092e+003	 -4.1464507588505239e+003	
  1.1760000000000000e+004	  2.9148230986525309e+003	 -4.1472254712756276e+003	
  1.1790000000000000e+004	  2.9161739032226278e+003	 -4.1477373675648460e+003	
  1.1820000000000000e+004	  2.9175247077927247e+003	 -4.1482492638540643e+003	
  1.1850000000000000e+004	  2.9188755123628216e+003	 -4.1487611601432827e+003	
  1.1880000000000000e+004	  2.9194398741987638e+003	 -4.1477741534813949e+003	
  1.1910000000000000e+004	  2.9176481469833429e+003	 -4.1426665775117208e+003	
  1.1940000000000000e+004	  2.9197929614155150e+003	 -4.1500241082034518e+003	
  1.1970000000000000e+004	  2.9174062730482442e+003	 -4.1499777271788698e+003	
  1.2000000000000000e+004	  2.9152439748610509e+003	 -4.1491428481505636e+003	
  1.2030000000000000e+004	  2.9132795473689730e+003	 -4.1483288413507789e+003	
  1.2060000000000000e+004	  2.9162120551356065e+003	 -4.1494993275751931e+003	
  1.2090000000000000e+004	  2.9150114258273102e+003	 -4.1491150183133086e+003	
  1.2120000000000000e+004	  2.9128083293940499e+003	 -4.1482801399849559e+003	
  1.2150000000000000e+004	  2.9181336635914618e+003	 -4.1507398904899865e+003	
  1.2180000000000000e+004	  2.9201964928227148e+003	 -4.1525101905497677e+003	
  1.2210000000000000e+004	  2.9118291752073906e+003	 -4.1469443348524837e+003	
  1.2240000000000000e+004	  2.9121351599920667e+003	 -4.1528580564016556e+003	
  1.2270000000000000e+004	  2.9145847938471165e+003	 -4.1559769232463477e+003	
  1.2300000000000000e+004	  2.9211311401741555e+003	 -4.1545138974433421e+003	
  1.2330000000000000e+004	  2.9186890132798230e+003	 -4.1508142415766833e+003	
  1.2360000000000000e+004	  2.9174103531219116e+003	 -4.1483218848636234e+003	
  1.2390000000000000e+004	  2.9183895071863553e+003	 -4.1491954142754967e+003	
  1.2420000000000000e+004	  2.9215018199785577e+003	 -4.1500771155838211e+003	
  1.2450000000000000e+004	  2.9270060643296465e+003	 -4.1596221154108916e+003	
  1.2480000000000000e+004	  2.9219022225531235e+003	 -4.1717889207230310e+003	
  1.2510000000000000e+004	  2.9224155597804106e+003	 -4.1759260693812694e+003	
  1.2540000000000000e+004	  2.9289643734234623e+003	 -4.1694582182831655e+003	
  1.2570000000000000e+004	  2.9503086814047824e+003	 -4.2013755425380577e+003	
  1.2600000000000000e+004	  2.9419105506678811e+003	 -4.1856198912365026e+003	
  1.2630000000000000e+004	  2.9335124199309803e+003	 -4.1698642399349474e+003	
  1.2660000000000000e+004	  2.9300465974168292e+003	 -4.1513735844033845e+003	
  1.2690000000000000e+004	  2.9301393595590584e+003	 -4.1478348721080029e+003	
  1.2720000000000000e+004	  2.9292915535221441e+003	 -4.1473678828608627e+003	
  1.2750000000000000e+004	  2.9287825301585440e+003	 -4.1468171155583377e+003	
  1.2780000000000000e+004	  2.9293070772812907e+003	 -4.1475565800273480e+003	
  1.2810000000000000e+004	  2.9295073589091203e+003	 -4.1490947792932529e+003	
  1.2840000000000000e+004	  2.9254720572397905e+003	 -4.1450890491299260e+003	
  1.2870000000000000e+004	  2.9106813880775808e+003	 -4.1383234429812674e+003	
  1.2900000000000000e+004	  2.9085000499881462e+003	 -4.1153650658366096e+003	
  1.2930000000000000e+004	  2.9036165173910836e+003	 -4.1108775945016432e+003	
  1.2960000000000000e+004	  2.8914627659856360e+003	 -4.0978534938951243e+003	
  1.2990000000000000e+004	  2.8674289793123462e+003	 -4.0907494394606560e+003	
  1.3020000000000000e+004	  2.8424762538637251e+003	 -4.0859491132116859e+003	
  1.3050000000000000e+004	  2.8191032642862961e+003	 -4.0769753529814425e+003	
  1.3080000000000000e+004	  2.8137878566674649e+003	 -4.0695630485931429e+003	
  1.3110000000000000e+004	  2.8098196588382043e+003	 -4.0691754263888233e+003	
  1.3140000000000000e+004	  2.8059282009711060e+003	 -4.0734008365510504e+003	
  1.3170000000000000e+004	  2.8057488648706158e+003	 -4.0705233504043567e+003	
  1.3200000000000000e+004	  2.8064068981393348e+003	 -4.0680576170553832e+003	
  1.3230000000000000e+004	  2.8060805138235773e+003	 -4.0679091942712980e+003	
  1.3260000000000000e+004	  2.8105356657648085e+003	 -4.0699129022726706e+003	
  1.3290000000000000e+004	  2.8115917540447754e+003	 -4.0709306584976321e+003	
  1.3320000000000000e+004	  2.8126408480386781e+003	 -4.0690780231289386e+003	
  1.3350000000000000e+004	  2.8077031137085369e+003	 -4.0678455843679089e+003	
  1.3380000000000000e+004	  2.7983509548776774e+003	 -4.0667436403784086e+003	
  1.3410000000000000e+004	  2.7826268884807582e+003	 -4.0577073104428864e+003	
  1.3440000000000000e+004	  2.7766918969104854e+003	 -4.0403661634276441e+003	
  1.3470000000000000e+004	  2.7748501564858834e+003	 -4.0410287658182892e+003	
  1.3500000000000000e+004	  2.7557468302069296e+003	 -4.0357971395501072e+003	
  1.3530000000000000e+004	  2.7358207554047426e+003	 -4.0205870583270103e+003	
  1.3560000000000000e+004	  2.7211095067184497e+003	 -3.9974009427697865e+003	
  1.3590000000000000e+004	  2.7167643657306539e+003	 -3.9778405641884706e+003	
  1.3620000000000000e+004	  2.7169162782797139e+003	 -3.9735540369955124e+003	
  1.3650000000000000e+004	  2.7288532180036814e+003	 -3.9577052646825255e+003	
  1.3680000000000000e+004	  2.7475270899846273e+003	 -3.9480206779705377e+003	
  1.3710000000000000e+004	  2.7531953046310805e+003	 -3.9288988743254313e+003	
  1.3740000000000000e+004	  2.7477555574298299e+003	 -3.9073528307679667e+003	
  1.3770000000000000e+004	  2.7491916508191216e+003	 -3.9051218513497492e+003	
  1.3800000000000000e+004	  2.7485023259707841e+003	 -3.9036897564487026e+003	
  1.3830000000000000e+004	  2.7431466631462581e+003	 -3.8868548601061598e+003	
  1.3860000000000000e+004	  2.7531572255281840e+003	 -3.8653677311642541e+003	
  1.3890000000000000e+004	  2.7712128304289445e+003	 -3.8489039332013767e+003	
  1.3920000000000000e+004	  2.7807950202353263e+003	 -3.8297701131501872e+003	
  1.3950000000000000e+004	  2.7907166940025368e+003	 -3.8125174084617656e+003	
  1.3980000000000000e+004	  2.8072091165474872e+003	 -3.7914033770124570e+003	
  1.4010000000000000e+004	  2.8194310701171803e+003	 -3.7678999301860977e+003	
  1.4040000000000000e+004	  2.8344759869757986e+003	 -3.7455753521304300e+003	
  1.4070000000000000e+004	  2.8503662629120895e+003	 -3.7213154529325070e+003	
  1.4100000000000000e+004	  2.8583673527737647e+003	 -3.7056833517779996e+003	
  1.4130000000000000e+004	  2.8551606204977043e+003	 -3.6918382871367367e+003	
  1.4160000000000000e+004	  2.8564702407113759e+003	 -3.6909060067003002e+003	
  1.4190000000000000e+004	  2.8577064229025559e+003	 -3.6946629593611005e+003	
  1.4220000000000000e+004	  2.8822118867253880e+003	 -3.6974362076102534e+003	
  1.4250000000000000e+004	  2.9068790054637598e+003	 -3.6965615349382870e+003	
  1.4280000000000000e+004	  2.9197603222573284e+003	 -3.6843327315416805e+003	
  1.4310000000000000e+004	  2.9291602044497477e+003	 -3.6600433405839040e+003	
  1.4340000000000000e+004	  2.9410213226244150e+003	 -3.6336864875543415e+003	
  1.4370000000000000e+004	  2.9334293173405440e+003	 -3.6056983323612458e+003	
  1.4400000000000000e+004	  2.9342518070539927e+003	 -3.5732160029944935e+003	
  1.4430000000000000e+004	  2.9321955839742136e+003	 -3.5470286548666245e+003	
  1.4460000000000000e+004	  2.9105073150837393e+003	 -3.5228450157539196e+003	
  1.4490000000000000e+004	  2.8838144827727765e+003	 -3.5155042703213571e+003	
  1.4520000000000000e+004	  2.8858097817193297e+003	 -3.5141066227510687e+003	
  1.4550000000000000e+004	  2.8665470549805032e+003	 -3.5214021756149809e+003	
  1.4580000000000000e+004	  2.8553537325537677e+003	 -3.5307361606075365e+003	
  1.4610000000000000e+004	  2.8536293324085909e+003	 -3.5363947808440739e+003	
  1.4640000000000000e+004	  2.8535810142534688e+003	 -3.5410911971281762e+003	
  1.4670000000000000e+004	  2.8546171899644469e+003	 -3.5462271726644931e+003	
  1.4700000000000000e+004	  2.8548557485418150e+003	 -3.5479672597261915e+003	
  1.4730000000000000e+004	  2.8586393389758823e+003	 -3.5594621564649619e+003	
  1.4760000000000000e+004	  2.8561769463161736e+003	 -3.5718760749554535e+003	
  1.4790000000000000e+004	  2.8543829478275120e+003	 -3.5736013307875005e+003	
  1.4820000000000000e+004	  2.8509702860319867e+003	 -3.5803074087028745e+003	
  1.4850000000000000e+004	  2.8501691612908508e+003	 -3.5835710239955501e+003	
  1.4880000000000000e+004	  2.8501787219977214e+003	 -3.5829047154370605e+003	
  1.4910000000000000e+004	  2.8506464322264687e+003	 -3.5845359696875935e+003	
  1.4940000000000000e+004	  2.8507328287308110e+003	 -3.5856655108144391e+003	
  1.4970000000000000e+004	  2.8508192252351537e+003	 -3.5867950519412843e+003	
  1.5000000000000000e+004	  2.8506809908282057e+003	 -3.5859061521443323e+003	
  1.5030000000000000e+004	  2.8496267670736197e+003	 -3.5842735024164390e+003	
  1.5060000000000000e+004	  2.8486915260948713e+003	 -3.5834571776524435e+003	
  1.5090000000000000e+004	  2.8497813936498974e+003	 -3.5863270690055451e+003	
  1.5120000000000000e+004	  2.8510682015845255e+003	 -3.5849785091226408e+003	
  1.5150000000000000e+004	  2.8524034111409078e+003	 -3.5838653394591852e+003	
  1.5180000000000000e+004	  2.8537058771715006e+003	 -3.5849758595125681e+003	
  1.5210000000000000e+004	  2.8525577030748545e+003	 -3.5864874748457346e+003	
  1.5240000000000000e+004	  2.8573418151174301e+003	 -3.5579186904670005e+003	
  1.5270000000000000e+004	  2.8315483166882404e+003	 -3.5415128932801586e+003	
  1.5300000000000000e+004	  2.8367280415157761e+003	 -3.5432021308957824e+003	
  1.5330000000000000e+004	  2.8319721499248858e+003	 -3.5465873627239293e+003	
  1.5360000000000000e+004	  2.8330533349893999e+003	 -3.5403185261615608e+003	
  1.5390000000000000e+004	  2.8348023725596818e+003	 -3.5514844316697449e+003	
  1.5420000000000000e+004	  2.8332574849487519e+003	 -3.5720657262054465e+003	
  1.5450000000000000e+004	  2.8284541893614733e+003	 -3.5784479062627729e+003	
  1.5480000000000000e+004	  2.8247221039743958e+003	 -3.5622469876340942e+003	
  1.5510000000000000e+004	  2.8282828362066939e+003	 -3.5508412654845279e+003	
  1.5540000000000000e+004	  2.8065700905232079e+003	 -3.5017225954263108e+003	
  1.5570000000000000e+004	  2.7863104987987185e+003	 -3.5031773078412293e+003	
  1.5600000000000000e+004	  2.7729850991247927e+003	 -3.5036428143089379e+003	
  1.5630000000000000e+004	  2.7900419664910974e+003	 -3.5442290307916392e+003	
  1.5660000000000000e+004	  2.7942327463617953e+003	 -3.5482809727336225e+003	
  1.5690000000000000e+004	  2.7942327463617953e+003	 -3.5482809727336225e+003	
  1.5720000000000000e+004	  2.7942327463617953e+003	 -3.5482809727336225e+003	
  1.5750000000000000e+004	  2.7942327463617953e+003	 -3.5482809727336225e+003	
  1.5780000000000000e+004	  2.7942327463617953e+003	 -3.5482809727336225e+003	
  1.5810000000000000e+004	  2.7942327463617953e+003	 -3.5482809727336225e+003	
  1.5840000000000000e+004	  2.7942327463617953e+003	 -3.5482809727336225e+003	
  1.5870000000000000e+004	  2.7942327463617953e+003	 -3.5482809727336225e+003	
  1.5900000000000000e+004	  2.7942327463617953e+003	 -3.5482809727336225e+003	
  1.5930000000000000e+004	  2.7942327463617953e+003	 -3.5482809727336225e+003	
  1.5960000000000000e+004	  2.7942327463617953e+003	 -3.5482809727336225e+003	
  1.5990000000000000e+004	  2.7942327463617953e+003	 -3.5482809727336225e+003	
  1.6020000000000000e+004	  2.7942327463617953e+003	 -3.5482809727336225e+003	
  1.6050000000000000e+004	  2.7942327463617953e+003	 -3.5482809727336225e+003	
  1.6080000000000000e+004	  2.7942327463617953e+003	 -3.5482809727336225e+003	
  1.6110000000000000e+004	  2.7942327463617953e+003	 -3.5482809727336225e+003	
  1.6140000000000000e+004	  2.7942327463617953e+003	 -3.5482809727336225e+003	
  1.6170000000000000e+004	  2.7689705674511915e+003	 -3.5648548511061217e+003	
  1.6200000000000000e+004	  2.7656414432762217e+003	 -3.5446075085469079e+003	
  1.6230000000000000e+004	  2.7424354866063318e+003	 -3.5614998778163331e+003	
  1.6260000000000000e+004	  2.7309467435095153e+003	 -3.5559432997057957e+003	
  1.6290000000000000e+004	  2.7275523427290045e+003	 -3.5723254658285150e+003	
  1.6320000000000000e+004	  2.7275523427290045e+003	 -3.5723254658285150e+003	
  1.6350000000000000e+004	  2.7275523427290045e+003	 -3.5723254658285150e+003	
  1.6380000000000000e+004	  2.7275523427290045e+003	 -3.5723254658285150e+003	
  1.6410000000000000e+004	  2.7275523427290045e+003	 -3.5723254658285150e+003	
  1.6440000000000000e+004	  2.7275523427290045e+003	 -3.5723254658285150e+003	
  1.6470000000000000e+004	  2.7275523427290045e+003	 -3.5723254658285150e+003	
  1.6500000000000000e+004	  2.7275523427290045e+003	 -3.5723254658285150e+003	
  1.6530000000000000e+004	  2.7275523427290045e+003	 -3.5723254658285150e+003	
  1.6560000000000000e+004	  2.7275523427290045e+003	 -3.5723254658285150e+003	
  1.6590000000000000e+004	  2.7275523427290045e+003	 -3.5723254658285150e+003	
  1.6620000000000000e+004	  2.7275523427290045e+003	 -3.5723254658285150e+003	
  1.6650000000000000e+004	  2.7275523427290045e+003	 -3.5723254658285150e+003	
  1.6680000000000000e+004	  2.7275523427290045e+003	 -3.5723254658285150e+003	
  1.6710000000000000e+004	  2.7275523427290045e+003	 -3.5723254658285150e+003	
  1.6740000000000000e+004	  2.7275523427290045e+003	 -3.5723254658285150e+003	
  1.6770000000000000e+004	  2.7275523427290045e+003	 -3.5723254658285150e+003	
  1.6800000000000000e+004	  2.7275523427290045e+003	 -3.5723254658285150e+003	
  1.6830000000000000e+004	  2.7275523427290045e+003	 -3.5723254658285150e+003	
  1.6860000000000000e+004	  2.7275523427290045e+003	 -3.5723254658285150e+003	
  1.6890000000000000e+004	  2.7275523427290045e+003	 -3.5723254658285150e+003	
  1.6920000000000000e+004	  2.7275523427290045e+003	 -3.5723254658285150e+003	
  1.6950000000000000e+004	  2.7275523427290045e+003	 -3.5723254658285150e+003	
  1.6980000000000000e+004	  2.7275523427290045e+003	 -3.5723254658285150e+003	
  1.7010000000000000e+004	  2.7275523427290045e+003	 -3.5723254658285150e+003	
  1.7040000000000000e+004	  2.7400204380116952e+003	 -3.5687653329754125e+003	
  1.7070000000000000e+004	  2.7999385456938367e+003	 -3.5853799265257603e+003	
  1.7100000000000000e+004	  2.8034796345581244e+003	 -3.5806046759816804e+003	
  1.7130000000000000e+004	  2.8126539018621183e+003	 -3.6140768001901256e+003	
  1.7160000000000000e+004	  2.8253372141212099e+003	 -3.5862401041652302e+003	
  1.7190000000000000e+004	  2.8534171818471664e+003	 -3.5563947525889421e+003	
  1.7220000000000000e+004	  2.8513577583963242e+003	 -3.5389827203577111e+003	
  1.7250000000000000e+004	  2.8573147601638984e+003	 -3.5428264341336699e+003	
  1.7280000000000000e+004	  2.8585707141938237e+003	 -3.5663485941720669e+003	
  1.7310000000000000e+004	  2.8480862306014133e+003	 -3.5839233172078311e+003	
  1.7340000000000000e+004	  2.8576518156433394e+003	 -3.5835684940326687e+003	
  1.7370000000000000e+004	  2.8633919592161660e+003	 -3.5879098587383160e+003	
  1.7400000000000000e+004	  2.8640464457424446e+003	 -3.5874645918412953e+003	
  1.7430000000000000e+004	  2.8615409637806392e+003	 -3.5906076615250399e+003	
  1.7460000000000000e+004	  2.8641163848988658e+003	 -3.5883869319746814e+003	
  1.7490000000000000e+004	  2.8647318532910344e+003	 -3.5877985426527953e+003	
  1.7520000000000000e+004	  2.8782982055128946e+003	 -3.5827892756453757e+003	
  1.7550000000000000e+004	  2.8800518528194830e+003	 -3.5826865208697654e+003	
  1.7580000000000000e+004	  2.8857779118489443e+003	 -3.5803795859571856e+003	
  1.7610000000000000e+004	  2.8826503778863821e+003	 -3.5738130670803121e+003	
  1.7640000000000000e+004	  2.8841018298391027e+003	 -3.5751345859099411e+003	
  1.7670000000000000e+004	  2.8851961779146350e+003	 -3.5791232303645697e+003	
  1.7700000000000000e+004	  2.8673153146198997e+003	 -3.5864798633677001e+003	
  1.7730000000000000e+004	  2.8507691146362431e+003	 -3.5834571757310182e+003	
  1.7760000000000000e+004	  2.8487716399446731e+003	 -3.5788931754093815e+003	
  1.7790000000000000e+004	  2.8487716399446731e+003	 -3.5788931754093815e+003	
  1.7820000000000000e+004	  2.8487716399446731e+003	 -3.5788931754093815e+003	
  1.7850000000000000e+004	  2.8487716399446731e+003	 -3.5788931754093815e+003	
  1.7880000000000000e+004	  2.8487716399446731e+003	 -3.5788931754093815e+003	
  1.7910000000000000e+004	  2.8487716399446731e+003	 -3.5788931754093815e+003	
  1.7940000000000000e+004	  2.8487716399446731e+003	 -3.5788931754093815e+003	
  1.7970000000000000e+004	  2.8487716399446731e+003	 -3.5788931754093815e+003	
  1.8000000000000000e+004	  2.8487716399446731e+003	 -3.5788931754093815e+003	
  1.8030000000000000e+004	  2.8487716399446731e+003	 -3.5788931754093815e+003	
  1.8060000000000000e+004	  2.8487716399446731e+003	 -3.5788931754093815e+003	
  1.8090000000000000e+004	  2.8487716399446731e+003	 -3.5788931754093815e+003	
  1.8120000000000000e+004	  2.8487716399446731e+003	 -3.5788931754093815e+003	
  1.8150000000000000e+004	  2.8487716399446731e+003	 -3.5788931754093815e+003	
  1.8180000000000000e+004	  2.8487716399446731e+003	 -3.5788931754093815e+003	
  1.8210000000000000e+004	  2.8487716399446731e+003	 -3.5788931754093815e+003	
  1.8240000000000000e+004	  2.8487716399446731e+003	 -3.5788931754093815e+003	
  1.8270000000000000e+004	  2.8487716399446731e+003	 -3.5788931754093815e+003	
  1.8300000000000000e+004	  2.8487716399446731e+003	 -3.5788931754093815e+003	
  1.8330000000000000e+004	  2.8487716399446731e+003	 -3.5788931754093815e+003	
  1.8360000000000000e+004	  2.8487716399446731e+003	 -3.5788931754093815e+003	
  1.8390000000000000e+004	  2.8487716399446731e+003	 -3.5788931754093815e+003	
  1.8420000000000000e+004	  2.8487716399446731e+003	 -3.5788931754093815e+003	
  1.8450000000000000e+004	  2.8487716399446731e+003	 -3.5788931754093815e+003	
  1.8480000000000000e+004	  2.8458341762041282e+003	 -3.5768894675125166e+003	
  1.8510000000000000e+004	  2.8837274463413278e+003	 -3.6385591404501856e+003	
  1.8540000000000000e+004	  2.8837274463413278e+003	 -3.6385591404501856e+003	
  1.8570000000000000e+004	  2.8837274463413278e+003	 -3.6385591404501856e+003	
  1.8600000000000000e+004	  2.8837274463413278e+003	 -3.6385591404501856e+003	
  1.8630000000000000e+004	  2.8837274463413278e+003	 -3.6385591404501856e+003	
  1.8660000000000000e+004	  2.8837274463413278e+003	 -3.6385591404501856e+003	
  1.8690000000000000e+004	  2.8837274463413278e+003	 -3.6385591404501856e+003	
  1.8720000000000000e+004	  2.8837274463413278e+003	 -3.6385591404501856e+003	
  1.8750000000000000e+004	  2.8837274463413278e+003	 -3.6385591404501856e+003	
  1.8780000000000000e+004	  2.8837274463413278e+003	 -3.6385591404501856e+003	
  1.8810000000000000e+004	  2.8837274463413278e+003	 -3.6385591404501856e+003	
  1.8840000000000000e+004	  2.8837274463413278e+003	 -3.6385591404501856e+003	
  1.8870000000000000e+004	  2.8837274463413278e+003	 -3.6385591404501856e+003	
  1.8900000000000000e+004	  2.8837274463413278e+003	 -3.6385591404501856e+003	
  1.8930000000000000e+004	  2.8837274463413278e+003	 -3.6385591404501856e+003	
  1.8960000000000000e+004	  2.8837274463413278e+003	 -3.6385591404501856e+003	
  1.8990000000000000e+004	  2.8837274463413278e+003	 -3.6385591404501856e+003	
  1.9020000000000000e+004	  2.8837274463413278e+003	 -3.6385591404501856e+003	
  1.9050000000000000e+004	  2.8837274463413278e+003	 -3.6385591404501856e+003	
  1.9080000000000000e+004	  2.8837274463413278e+003	 -3.6385591404501856e+003	
  1.9110000000000000e+004	  2.8837274463413278e+003	 -3.6385591404501856e+003	
  1.9140000000000000e+004	  2.8837274463413278e+003	 -3.6385591404501856e+003	
  1.9170000000000000e+004	  2.8837274463413278e+003	 -3.6385591404501856e+003	
  1.9200000000000000e+004	  2.8837274463413278e+003	 -3.6385591404501856e+003	
  1.9230000000000000e+004	  2.8833924724647404e+003	 -3.6307376490837119e+003	
  1.9260000000000000e+004	  2.8887478378825531e+003	 -3.6162653608389464e+003	
  1.9290000000000000e+004	  2.8883417100234365e+003	 -3.6002382286372458e+003	
  1.9320000000000000e+004	  2.9003241114148832e+003	 -3.5967734849136882e+003	
  1.9350000000000000e+004	  2.8963492103601575e+003	 -3.6122246951377756e+003	
  1.9380000000000000e+004	  2.9054646707095371e+003	 -3.6024924000025471e+003	
  1.9410000000000000e+004	  2.9147026521420839e+003	 -3.6720259101519346e+003	
  1.9440000000000000e+004	  2.9069081960416188e+003	 -3.6574775370154957e+003	
  1.9470000000000000e+004	  2.8991137399411532e+003	 -3.6429291638790573e+003	
  1.9500000000000000e+004	  2.8913192838406885e+003	 -3.6283807907426190e+003	
  1.9530000000000000e+004	  2.8790601451401894e+003	 -3.6014534392847149e+003	
  1.9560000000000000e+004	  2.8726054051771298e+003	 -3.6342439654506184e+003	
  1.9590000000000000e+004	  2.8839232772954865e+003	 -3.6258133327793025e+003	
  1.9620000000000000e+004	  2.8915549214461803e+003	 -3.6082154084903527e+003	
  1.9650000000000000e+004	  2.8753123152812186e+003	 -3.6105358555430926e+003	
  1.9680000000000000e+004	  2.8601214359669275e+003	 -3.6146386864197584e+003	
  1.9710000000000000e+004	  2.8590613482358267e+003	 -3.6164812497574221e+003	
  1.9740000000000000e+004	  2.8764799879596671e+003	 -3.6153680786210061e+003	
  1.9770000000000000e+004	  2.8913648506556328e+003	 -3.6159617695877728e+003	
  1.9800000000000000e+004	  2.8916585963439097e+003	 -3.6159617698218649e+003	
  1.9830000000000000e+004	  2.8908566224141859e+003	 -3.6188825190153493e+003	
  1.9860000000000000e+004	  2.8752238687672871e+003	 -3.6219985817383499e+003	
  1.9890000000000000e+004	  2.8594954488632920e+003	 -3.5901079801092615e+003	
  1.9920000000000000e+004	  2.8580474035312850e+003	 -3.6031838197836564e+003	
  1.9950000000000000e+004	  2.8565993581992784e+003	 -3.6162596594580514e+003	
  1.9980000000000000e+004	  2.8836138634273784e+003	 -3.6117139070003277e+003	
  2.0010000000000000e+004	  2.8858301804058492e+003	 -3.6182827308008746e+003	
  2.0040000000000000e+004	  2.8907206702147610e+003	 -3.6328526754466998e+003	
  2.0070000000000000e+004	  2.9181758742467036e+003	 -3.6750812698221630e+003	
  2.0100000000000000e+004	  2.9109133766158143e+003	 -3.6540125732496303e+003	
  2.0130000000000000e+004	  2.8889449408250316e+003	 -3.6081854750522070e+003	
  2.0160000000000000e+004	  2.8960647904565462e+003	 -3.6155907125201361e+003	
  2.0190000000000000e+004	  2.8997937356885936e+003	 -3.6144126063460862e+003	
  2.0220000000000000e+004	  2.9004639903651819e+003	 -3.6013023676554826e+003	
  2.0250000000000000e+004	  2.8946939747168749e+003	 -3.5886413719544025e+003	
  2.0280000000000000e+004	  2.8931692916113379e+003	 -3.5816522490354805e+003	
  2.0310000000000000e+004	  2.8768537833550340e+003	 -3.5775351065198520e+003	
  2.0340000000000000e+004	  2.8617634698378470e+003	 -3.5703041820732992e+003	
  2.0370000000000000e+004	  2.8587100547923083e+003	 -3.5483242631401131e+003	
  2.0400000000000000e+004	  2.8580192079200674e+003	 -3.5218246086607433e+003	
  2.0430000000000000e+004	  2.8647421609867124e+003	 -3.4955401035637656e+003	
  2.0460000000000000e+004	  2.8800015070897002e+003	 -3.4682849896413591e+003	
  2.0490000000000000e+004	  2.8948310563030209e+003	 -3.4385223123165765e+003	
  2.0520000000000000e+004	  2.8987357046668985e+003	 -3.4251828132367423e+003	
  2.0550000000000000e+004	  2.8948734861005969e+003	 -3.4193139275992994e+003	
  2.0580000000000000e+004	  2.9000513466844591e+003	 -3.4169904053455516e+003	
  2.0610000000000000e+004	  2.8962606219008694e+003	 -3.4134203060226610e+003	
  2.0640000000000000e+004	  2.9039176075675177e+003	 -3.4261438507719126e+003	
  2.0670000000000000e+004	  2.9053341162594224e+003	 -3.4349972704241313e+003	
  2.0700000000000000e+004	  2.9058236944656915e+003	 -3.4096679930054852e+003	
  2.0730000000000000e+004	  2.9265056085321989e+003	 -3.4222452787484667e+003	
  2.0760000000000000e+004	  2.9159416227039719e+003	 -3.4342922626027475e+003	
  2.0790000000000000e+004	  2.8979251840157572e+003	 -3.3965875711044278e+003	
  2.0820000000000000e+004	  2.9100666962814234e+003	 -3.4016763523004170e+003	
  2.0850000000000000e+004	  2.9100666962814234e+003	 -3.4016763523004170e+003	
  2.0880000000000000e+004	  2.9100666962814234e+003	 -3.4016763523004170e+003	
  2.0910000000000000e+004	  2.9100666962814234e+003	 -3.4016763523004170e+003	
  2.0940000000000000e+004	  2.9100666962814234e+003	 -3.4016763523004170e+003	
  2.0970000000000000e+004	  2.9100666962814234e+003	 -3.4016763523004170e+003	
  2.1000000000000000e+004	  2.9100666962814234e+003	 -3.4016763523004170e+003	
  2.1030000000000000e+004	  2.9100666962814234e+003	 -3.4016763523004170e+003	
  2.1060000000000000e+004	  2.9100666962814234e+003	 -3.4016763523004170e+003	
  2.1090000000000000e+004	  2.9100666962814234e+003	 -3.4016763523004170e+003	
  2.1120000000000000e+004	  2.9100666962814234e+003	 -3.4016763523004170e+003	
  2.1150000000000000e+004	  2.9100666962814234e+003	 -3.4016763523004170e+003	
  2.1180000000000000e+004	  2.9100666962814234e+003	 -3.4016763523004170e+003	
  2.1210000000000000e+004	  2.9100666962814234e+003	 -3.4016763523004170e+003	
  2.1240000000000000e+004	  2.9100666962814234e+003	 -3.4016763523004170e+003	
  2.1270000000000000e+004	  2.9100666962814234e+003	 -3.4016763523004170e+003	
  2.1300000000000000e+004	  2.9100666962814234e+003	 -3.4016763523004170e+003	
  2.1330000000000000e+004	  2.9100666962814234e+003	 -3.4016763523004170e+003	
  2.1360000000000000e+004	  2.9100666962814234e+003	 -3.4016763523004170e+003	
  2.1390000000000000e+004	  2.9100666962814234e+003	 -3.4016763523004170e+003	
  2.1420000000000000e+004	  2.9100666962814234e+003	 -3.4016763523004170e+003	
  2.1450000000000000e+004	  2.9100666962814234e+003	 -3.4016763523004170e+003	
  2.1480000000000000e+004	  2.9100666962814234e+003	 -3.4016763523004170e+003	
  2.1510000000000000e+004	  2.9100666962814234e+003	 -3.4016763523004170e+003	
  2.1540000000000000e+004	  2.9100666962814234e+003	 -3.4016763523004170e+003	
  2.1570000000000000e+004	  2.9100666962814234e+003	 -3.4016763523004170e+003	
  2.1600000000000000e+004	  2.9100666962814234e+003	 -3.4016763523004170e+003	
  2.1630000000000000e+004	  2.9100666962814234e+003	 -3.4016763523004170e+003	
  2.1660000000000000e+004	  2.9100666962814234e+003	 -3.4016763523004170e+003	
  2.1690000000000000e+004	  2.9100666962814234e+003	 -3.4016763523004170e+003	
  2.1720000000000000e+004	  2.9100666962814234e+003	 -3.4016763523004170e+003	
  2.1750000000000000e+004	  2.9100666962814234e+003	 -3.4016763523004170e+003	
  2.1780000000000000e+004	  2.9100666962814234e+003	 -3.4016763523004170e+003	
  2.1810000000000000e+004	  2.9348549593084845e+003	 -3.4100844629145245e+003	
  2.1840000000000000e+004	  3.0031036298571412e+003	 -3.4060111713445949e+003	
  2.1870000000000000e+004	  3.0200365995242810e+003	 -3.4189552393714957e+003	
  2.1900000000000000e+004	  3.0209069590576023e+003	 -3.4224926492291429e+003	
  2.1930000000000000e+004	  3.0213615663669175e+003	 -3.4226755282631470e+003	
  2.1960000000000000e+004	  3.0297605746166978e+003	 -3.3997722428126876e+003	
  2.1990000000000000e+004	  3.0436478166958364e+003	 -3.3669361400554935e+003	
  2.2020000000000000e+004	  3.0338737594705722e+003	 -3.3272211163074930e+003	
  2.2050000000000000e+004	  3.0295159853501827e+003	 -3.2999410856568729e+003	
  2.2080000000000000e+004	  3.0283415380587517e+003	 -3.2890154963455907e+003	
  2.2110000000000000e+004	  3.0222777747309106e+003	 -3.2921403258103692e+003	
  2.2140000000000000e+004	  3.0242152509953607e+003	 -3.2934903407957859e+003	
  2.2170000000000000e+004	  3.0200903032127571e+003	 -3.2869534225937109e+003	
  2.2200000000000000e+004	  3.0185134701844013e+003	 -3.2820228375637435e+003	
  2.2230000000000000e+004	  3.0242621949863610e+003	 -3.2891941329287797e+003	
  2.2260000000000000e+004	  3.0189853684714808e+003	 -3.2875484962752007e+003	
  2.2290000000000000e+004	  3.0308868015514049e+003	 -3.2822331021535015e+003	
  2.2320000000000000e+004	  3.0252905571860470e+003	 -3.2890063218838354e+003	
  2.2350000000000000e+004	  3.0125645655559833e+003	 -3.2828119528760526e+003	
  2.2380000000000000e+004	  3.0116426540767206e+003	 -3.2849304032444338e+003	
  2.2410000000000000e+004	  3.0186318661678902e+003	 -3.2836212943192836e+003	
  2.2440000000000000e+004	  3.0237465071257593e+003	 -3.2845438923120023e+003	
  2.2470000000000000e+004	  3.0199127405261470e+003	 -3.2839456746090332e+003	
  2.2500000000000000e+004	  3.0282862217859129e+003	 -3.2852487852743916e+003	
  2.2530000000000000e+004	  3.0187528193656417e+003	 -3.2883555456402423e+003	
  2.2560000000000000e+004	  3.0239307200586718e+003	 -3.2883555456402423e+003	
  2.2590000000000000e+004	  3.0284790854746711e+003	 -3.2880339629297032e+003	
  2.2620000000000000e+004	  3.0151144884328864e+003	 -3.2685411012087643e+003	
  2.2650000000000000e+004	  3.0074286874646064e+003	 -3.2356977158965842e+003	
  2.2680000000000000e+004	  3.0105048847299176e+003	 -3.2041670770383994e+003	
  2.2710000000000000e+004	  3.0062588110425718e+003	 -3.1710139626931586e+003	
  2.2740000000000000e+004	  2.9852596249919698e+003	 -3.1429197542113598e+003	
  2.2770000000000000e+004	  2.9596194347668516e+003	 -3.1311501118192832e+003	
  2.2800000000000000e+004	  2.9613254223324820e+003	 -3.1136866472760939e+003	
  2.2830000000000000e+004	  2.9571862703986039e+003	 -3.1143011399931174e+003	
  2.2860000000000000e+004	  2.9595773443568924e+003	 -3.1122322499517159e+003	
  2.2890000000000000e+004	  2.9597685677876239e+003	 -3.1175283233601408e+003	
  2.2920000000000000e+004	  2.9599274080483756e+003	 -3.1168158939668178e+003	
  2.2950000000000000e+004	  2.9597098177416287e+003	 -3.1145895522338778e+003	
  2.2980000000000000e+004	  2.9660043808910423e+003	 -3.1130629187876634e+003	
  2.3010000000000000e+004	  2.9608675230546519e+003	 -3.1151003010763411e+003	
  2.3040000000000000e+004	  2.9620770677946593e+003	 -3.1144127539912033e+003	
  2.3070000000000000e+004	  2.9565830511855402e+003	 -3.1178993793994987e+003	
  2.3100000000000000e+004	  2.9615019674286846e+003	 -3.1160737802180179e+003	
  2.3130000000000000e+004	  2.9544296370856573e+003	 -3.1162386938758077e+003	
  2.3160000000000000e+004	  2.9542092744855718e+003	 -3.1186558996693302e+003	
  2.3190000000000000e+004	  2.9899004076042329e+003	 -3.1169643169310434e+003	
  2.3220000000000000e+004	  3.1577408865004527e+003	 -3.1168027979557119e+003	
  2.3250000000000000e+004	  3.3122587599897438e+003	 -3.1274213789341502e+003	
  2.3280000000000000e+004	  3.3815049946053027e+003	 -3.0282909694604641e+003	
  2.3310000000000000e+004	  3.3896956201030989e+003	 -3.0130164088500328e+003	
  2.3340000000000000e+004	  3.4030269735375859e+003	 -2.9886438508329097e+003	
  2.3370000000000000e+004	  3.4402900267141372e+003	 -2.9202513031529606e+003	
  2.3400000000000000e+004	  3.4684783708411865e+003	 -2.8661952677267441e+003	
  2.3430000000000000e+004	  3.4607212937885724e+003	 -2.8402671121008771e+003	
  2.3460000000000000e+004	  3.4731896091227027e+003	 -2.8065965449604168e+003	
  2.3490000000000000e+004	  3.4916235524476324e+003	 -2.7731531383369597e+003	
  2.3520000000000000e+004	  3.5076641246829963e+003	 -2.7378479594461664e+003	
  2.3550000000000000e+004	  3.5094974021975181e+003	 -2.7057475315860697e+003	
