  0.0000000000000000e+000	 -1.3813839191584000e+002	  1.7025466177510284e+003	
  3.0000000000000000e+001	 -1.3600385159169645e+002	  1.7039826053754689e+003	
  6.0000000000000000e+001	 -1.3220473332674365e+002	  1.7046171157280703e+003	
  9.0000000000000000e+001	 -1.3107869930368230e+002	  1.7037599738184188e+003	
  1.2000000000000000e+002	 -1.3066743239065494e+002	  1.7037265787794167e+003	
  1.5000000000000000e+002	 -1.3028560888627726e+002	  1.7034037557466841e+003	
  1.8000000000000000e+002	 -1.2962956693996517e+002	  1.7030141500415436e+003	
  2.1000000000000000e+002	 -1.2961977295854931e+002	  1.7036820500290100e+003	
  2.4000000000000000e+002	 -1.2922811018443275e+002	  1.7039826061108718e+003	
  2.7000000000000000e+002	 -1.2933579266855071e+002	  1.7039937378855288e+003	
  3.0000000000000000e+002	 -1.2952186369200064e+002	  1.7041941092775869e+003	
  3.3000000000000000e+002	 -1.2961977295854931e+002	  1.7036709185873447e+003	
  3.6000000000000000e+002	 -1.2969812786463717e+002	  1.7039826061108718e+003	
  3.9000000000000000e+002	 -1.2910080672663943e+002	  1.7032701777515176e+003	
  4.2000000000000000e+002	 -1.2823914212933445e+002	  1.7019455048816640e+003	
  4.5000000000000000e+002	 -1.2973729249038888e+002	  1.7025577495058230e+003	
  4.8000000000000000e+002	 -1.3043244128672072e+002	  1.7029918867159456e+003	
  5.1000000000000000e+002	 -1.3129410126598160e+002	  1.7031254651397717e+003	
  5.4000000000000000e+002	 -1.3158786235049448e+002	  1.7036820500290100e+003	
  5.7000000000000000e+002	 -1.3176412134150280e+002	  1.7041050563111355e+003	
  6.0000000000000000e+002	 -1.3177391329649816e+002	  1.7040827926939178e+003	
  6.3000000000000000e+002	 -1.3166620136920582e+002	  1.7036486548474852e+003	
  6.6000000000000000e+002	 -1.3147035217953362e+002	  1.7037822371639686e+003	
  6.9000000000000000e+002	 -1.3158786235049448e+002	  1.7037822371639686e+003	
  7.2000000000000000e+002	 -1.3176412134150280e+002	  1.7038601567934086e+003	
  7.5000000000000000e+002	 -1.3186200627619399e+002	  1.7038935519136153e+003	
  7.8000000000000000e+002	 -1.3137245044581115e+002	  1.7036375230794322e+003	
  8.1000000000000000e+002	 -1.3120598558717103e+002	  1.7034371506431762e+003	
  8.4000000000000000e+002	 -1.3167599374654475e+002	  1.7029696231317726e+003	
  8.7000000000000000e+002	 -1.3209701968468107e+002	  1.7026690668565011e+003	
  9.0000000000000000e+002	 -1.3297823835872796e+002	  1.7024353008828082e+003	
  9.3000000000000000e+002	 -1.3352660493536689e+002	  1.7025577495058230e+003	
  9.6000000000000000e+002	 -1.3280202886622965e+002	  1.7023128504905976e+003	
  9.9000000000000000e+002	 -1.3217537347575268e+002	  1.7027803824997209e+003	
  1.0200000000000000e+003	 -1.3267472224712435e+002	  1.7035818635052321e+003	
  1.0500000000000000e+003	 -1.3292927855500815e+002	  1.7045725916948431e+003	
  1.0800000000000000e+003	 -1.3275304866320772e+002	  1.7050289865062211e+003	
  1.1100000000000000e+003	 -1.3316430303363751e+002	  1.7055521807845282e+003	
  1.1400000000000000e+003	 -1.3366368106875578e+002	  1.7056523640002665e+003	
  1.1700000000000000e+003	 -1.3399658769412932e+002	  1.7053184134487924e+003	
  1.2000000000000000e+003	 -1.3333074480444716e+002	  1.7052516205019976e+003	
  1.2300000000000000e+003	 -1.3314472187263343e+002	  1.7057970791382372e+003	
  1.2600000000000000e+003	 -1.3335032851831218e+002	  1.7066764818335337e+003	
  1.2900000000000000e+003	 -1.3329160286959166e+002	  1.7082237880848400e+003	
  1.3200000000000000e+003	 -1.3353639616829034e+002	  1.7079900228265803e+003	
  1.3500000000000000e+003	 -1.3406512581078030e+002	  1.7073109885601218e+003	
  1.3800000000000000e+003	 -1.3567094739616405e+002	  1.7036486548474852e+003	
  1.4100000000000000e+003	 -1.3569053226069462e+002	  1.7031032016782531e+003	
  1.4400000000000000e+003	 -1.3529888527310715e+002	  1.7030030182121761e+003	
  1.4700000000000000e+003	 -1.3571011548666132e+002	  1.7021792712270078e+003	
  1.5000000000000000e+003	 -1.3678715811890970e+002	  1.7006097006532145e+003	
  1.5300000000000000e+003	 -1.3678715811890970e+002	  1.6998527433865850e+003	
  1.5600000000000000e+003	 -1.3706134741982800e+002	  1.6991848391266035e+003	
  1.5900000000000000e+003	 -1.3707113686324814e+002	  1.6988842855721632e+003	
  1.6200000000000000e+003	 -1.3707113686324814e+002	  1.6995521859749799e+003	
  1.6500000000000000e+003	 -1.3786423501726659e+002	  1.6990067334803857e+003	
  1.6800000000000000e+003	 -1.3795239956153785e+002	  1.6999084016960594e+003	
  1.7100000000000000e+003	 -1.3782507289418808e+002	  1.7004538527239868e+003	
  1.7400000000000000e+003	 -1.3694383178204359e+002	  1.7011217541360195e+003	
  1.7700000000000000e+003	 -1.3596466222786677e+002	  1.7014445789006568e+003	
  1.8000000000000000e+003	 -1.3526950911151283e+002	  1.7020122956776831e+003	
  1.8300000000000000e+003	 -1.3449594649389385e+002	  1.7023128504905976e+003	
  1.8600000000000000e+003	 -1.3338952142056002e+002	  1.7023239820414515e+003	
  1.8900000000000000e+003	 -1.3213620469735878e+002	  1.7017117397390698e+003	
  1.9200000000000000e+003	 -1.3228306403885685e+002	  1.7006987541942840e+003	
  1.9500000000000000e+003	 -1.2618296494185196e+002	  1.7052182254776149e+003	
  1.9800000000000000e+003	 -1.0538569497663420e+002	  1.7136337992389301e+003	
  2.0100000000000000e+003	 -8.6840528107149552e+001	  1.6981718552854181e+003	
  2.0400000000000000e+003	 -9.6240387462893494e+001	  1.6737043563251616e+003	
  2.0700000000000000e+003	 -9.2940629512814951e+001	  1.6497823090035472e+003	
  2.1000000000000000e+003	 -9.8286816942418028e+001	  1.6512962225847732e+003	
  2.1300000000000000e+003	 -1.0184116467496659e+002	  1.6754742984918539e+003	
  2.1600000000000000e+003	 -8.9327548542169694e+001	  1.6969918934850834e+003	
  2.1900000000000000e+003	 -8.8485456558970185e+001	  1.6962349357880466e+003	
  2.2200000000000000e+003	 -8.7702139864725822e+001	  1.6969696296175916e+003	
  2.2500000000000000e+003	 -8.7516100291484193e+001	  1.6967024691855302e+003	
  2.2800000000000000e+003	 -8.7408412159956299e+001	  1.6973481068592409e+003	
  2.3100000000000000e+003	 -8.7623831782381615e+001	  1.6983165665257934e+003	
  2.3400000000000000e+003	 -8.5469657108861497e+001	  1.7025020907746373e+003	
  2.3700000000000000e+003	 -5.9443748279397859e+001	  1.7113629316930005e+003	
  2.4000000000000000e+003	 -2.9608899065488721e+001	  1.7090030099598712e+003	
  2.4300000000000000e+003	 -1.8857476685441018e+001	  1.7042386362602069e+003	
  2.4600000000000000e+003	 -1.8789041104655059e+001	  1.7061421612892050e+003	
  2.4900000000000000e+003	 -2.1364276066157426e+001	  1.7100605215140920e+003	
  2.5200000000000000e+003	 -2.2030217265989297e+001	  1.7064983734903776e+003	
  2.5500000000000000e+003	 -2.2402147608109743e+001	  1.7050846465182512e+003	
  2.5800000000000000e+003	 -2.2607843721573893e+001	  1.7043165581858107e+003	
  2.6100000000000000e+003	 -2.2803644838075620e+001	  1.7041161879565814e+003	
  2.6400000000000000e+003	 -2.3371494141333251e+001	  1.7045614602397920e+003	
  2.6700000000000000e+003	 -2.3342116365813222e+001	  1.7045503288526688e+003	
  2.7000000000000000e+003	 -2.3528169526635811e+001	  1.7047395648646238e+003	
  2.7300000000000000e+003	 -2.3802482632861519e+001	  1.7042608997614243e+003	
  2.7600000000000000e+003	 -2.2294376267379473e+001	  1.7047729572744106e+003	
  2.7900000000000000e+003	 -2.2235721858494038e+001	  1.7047840887973755e+003	
  2.8200000000000000e+003	 -2.2225925379396674e+001	  1.7056523640002665e+003	
  2.8500000000000000e+003	 -2.2274806504515855e+001	  1.7052738840362319e+003	
  2.8800000000000000e+003	 -2.2392348597765800e+001	  1.7059863145685401e+003	
  2.9100000000000000e+003	 -2.2304157504670318e+001	  1.7058972611926215e+003	
  2.9400000000000000e+003	 -2.2216126369052731e+001	  1.7057859474662478e+003	
  2.9700000000000000e+003	 -2.2294376267379473e+001	  1.7059974462405298e+003	
  3.0000000000000000e+003	 -2.2304157504670318e+001	  1.7062200790683717e+003	
  3.0300000000000000e+003	 -2.2216126369052731e+001	  1.7063314004699319e+003	
  3.0600000000000000e+003	 -2.2216126369052731e+001	  1.7062200790683717e+003	
  3.0900000000000000e+003	 -2.2216126369052731e+001	  1.7062089477901259e+003	
  3.1200000000000000e+003	 -2.2323752994111626e+001	  1.7059751832291640e+003	
  3.1500000000000000e+003	 -2.2891724936520529e+001	  1.7056634954686822e+003	
  3.1800000000000000e+003	 -2.2901509241837157e+001	  1.7056634954686822e+003	
  3.2100000000000000e+003	 -2.3175774660168198e+001	  1.7060197095233138e+003	
  3.2400000000000000e+003	 -2.3146402152536218e+001	  1.7063091370515299e+003	
  3.2700000000000000e+003	 -2.2979783684370165e+001	  1.7057525525926371e+003	
  3.3000000000000000e+003	 -2.2695967354652339e+001	  1.7059195244754058e+003	
  3.3300000000000000e+003	 -2.3116953753871901e+001	  1.7067989295640716e+003	
  3.3600000000000000e+003	 -2.3165973135457836e+001	  1.7067544029586988e+003	
  3.3900000000000000e+003	 -2.3400869811567752e+001	  1.7067766663903662e+003	
  3.4200000000000000e+003	 -2.3577102447232072e+001	  1.7067877980756057e+003	
  3.4500000000000000e+003	 -2.3244183664050418e+001	  1.7069770349537164e+003	
  3.4800000000000000e+003	 -2.3156188830141208e+001	  1.7069881666389556e+003	
  3.5100000000000000e+003	 -2.2695967354652339e+001	  1.7068991147312256e+003	
  3.5400000000000000e+003	 -1.9464734331513782e+001	  1.7081347347762153e+003	
  3.5700000000000000e+003	 -4.8249401236138148e-002	  1.7052404927823329e+003	
  3.6000000000000000e+003	  1.8000459163193259e+000	  1.7031922566463295e+003	
  3.6300000000000000e+003	  1.7904384598831709e+000	  1.7027692508742159e+003	
  3.6600000000000000e+003	  2.1813631063557759e+000	  1.7023128504905976e+003	
  3.6900000000000000e+003	  2.0540961196171308e+000	  1.7020122956776831e+003	
  3.7200000000000000e+003	  2.6822767222884845e+000	  1.7015447585727238e+003	
  3.7500000000000000e+003	  2.9455744457042448e+000	  1.7010327026392395e+003	
  3.7800000000000000e+003	  3.4549267583184937e+000	  1.6986393884250792e+003	
  3.8100000000000000e+003	 -3.6599552105242816e+000	  1.7061087670228851e+003	
  3.8400000000000000e+003	 -3.2311209325836856e+001	  1.7152812910069060e+003	
  3.8700000000000000e+003	 -6.3154758038883209e+001	  1.7174408462215270e+003	
  3.9000000000000000e+003	 -8.6311748531402898e+001	  1.7120308368320589e+003	
  3.9300000000000000e+003	 -1.1218104336141448e+002	  1.7206245151709729e+003	
  3.9600000000000000e+003	 -1.1357145734010874e+002	  1.7216708973841123e+003	
  3.9900000000000000e+003	 -1.1680264125901883e+002	  1.7188990987959703e+003	
  4.0200000000000000e+003	 -1.2145360164141793e+002	  1.7266133731335426e+003	
  4.0500000000000000e+003	 -1.2250133912476861e+002	  1.7290289542738451e+003	
  4.0800000000000000e+003	 -1.2168859436714374e+002	  1.7283276572522827e+003	
  4.1100000000000000e+003	 -1.1946592049339174e+002	  1.7248211694570364e+003	
  4.1400000000000000e+003	 -1.1912323011758062e+002	  1.7282942635412019e+003	
  4.1700000000000000e+003	 -1.1484431463257127e+002	  1.7227061457718501e+003	
  4.2000000000000000e+003	 -1.1442329701066384e+002	  1.7220605014441812e+003	
  4.2300000000000000e+003	 -1.1869242806419982e+002	  1.7280159680475329e+003	
  4.2600000000000000e+003	 -1.1743908706289373e+002	  1.7241977919717174e+003	
  4.2900000000000000e+003	 -1.1652846915999089e+002	  1.7211254423708003e+003	
  4.3200000000000000e+003	 -1.1608786770268482e+002	  1.7192330522103493e+003	
  4.3500000000000000e+003	 -1.1834967219266530e+002	  1.7216041035248763e+003	
  4.3800000000000000e+003	 -1.1947571587931483e+002	  1.7268360061873614e+003	
  4.4100000000000000e+003	 -1.0835252411583504e+002	  1.7424537966738160e+003	
  4.4400000000000000e+003	 -1.0895959825060761e+002	  1.7386912772634114e+003	
  4.4700000000000000e+003	 -1.1198518091841864e+002	  1.7261569730834733e+003	
  4.5000000000000000e+003	 -1.1846716578040619e+002	  1.7165614416981637e+003	
  4.5300000000000000e+003	 -1.1858469720699445e+002	  1.6962349407419388e+003	
  4.5600000000000000e+003	 -1.0388759933040259e+002	  1.6717117792284068e+003	
  4.5900000000000000e+003	 -1.2211945432552810e+002	  1.6548249782398659e+003	
  4.6200000000000000e+003	 -1.3919590519922869e+002	  1.6289437550493590e+003	
  4.6500000000000000e+003	 -1.6981403876028511e+002	  1.6116895984666996e+003	
  4.6800000000000000e+003	 -1.7698145855479353e+002	  1.6098306049452156e+003	
  4.7100000000000000e+003	 -1.6878596691953533e+002	  1.6184131502976095e+003	
  4.7400000000000000e+003	 -1.7081280600558483e+002	  1.6139493374163778e+003	
  4.7700000000000000e+003	 -1.6956925864836595e+002	  1.6113667807651441e+003	
  4.8000000000000000e+003	 -1.6591702018224080e+002	  1.6129586145250373e+003	
  4.8300000000000000e+003	 -1.6112896609966680e+002	  1.6130365386767928e+003	
  4.8600000000000000e+003	 -1.6721928365102153e+002	  1.6207508103382681e+003	
  4.8900000000000000e+003	 -1.7293755823144807e+002	  1.6069140962000406e+003	
  4.9200000000000000e+003	 -1.7741230304095535e+002	  1.5973408238602958e+003	
  4.9500000000000000e+003	 -1.7000011129360752e+002	  1.6177341165546527e+003	
  4.9800000000000000e+003	 -1.7197798089960520e+002	  1.6172554539725788e+003	
  5.0100000000000000e+003	 -1.7235985347432808e+002	  1.6185912574203721e+003	
  5.0400000000000000e+003	 -1.7501336561535078e+002	  1.6166543410535292e+003	
  5.0700000000000000e+003	 -1.7787251695472892e+002	  1.6061014790402448e+003	
  5.1000000000000000e+003	 -1.7704999985795058e+002	  1.6034966625514808e+003	
  5.1300000000000000e+003	 -1.7034279883644862e+002	  1.6127025871594344e+003	
  5.1600000000000000e+003	 -1.7205633215063398e+002	  1.6146617670785797e+003	
  5.1900000000000000e+003	 -1.7417127437675757e+002	  1.6209734447519161e+003	
  5.2200000000000000e+003	 -1.7453361314336578e+002	  1.6039753252951100e+003	
  5.2500000000000000e+003	 -1.7314317684120897e+002	  1.6115894168946222e+003	
  5.2800000000000000e+003	 -1.6924614049393969e+002	  1.6174335599293033e+003	
  5.3100000000000000e+003	 -1.6277394454717893e+002	  1.6026729133756319e+003	
  5.3400000000000000e+003	 -1.7434755209877918e+002	  1.5900718200219476e+003	
  5.3700000000000000e+003	 -1.7884184977365842e+002	  1.5960384147325274e+003	
  5.4000000000000000e+003	 -1.6912866225564292e+002	  1.6054892375341765e+003	
  5.4300000000000000e+003	 -1.6842365274692145e+002	  1.6079048184070618e+003	
  5.4600000000000000e+003	 -1.6807116980257669e+002	  1.6048547274283410e+003	
  5.4900000000000000e+003	 -1.5993437265239220e+002	  1.6106543524692147e+003	
  5.5200000000000000e+003	 -1.7357400421329470e+002	  1.6093074152001359e+003	
  5.5500000000000000e+003	 -1.7695209270762257e+002	  1.6038417413538239e+003	
  5.5800000000000000e+003	 -1.7768645791893010e+002	  1.6044205907231337e+003	
  5.6100000000000000e+003	 -1.7555190370955660e+002	  1.6024948049710738e+003	
  5.6400000000000000e+003	 -1.7598273178336711e+002	  1.6051775509461797e+003	
  5.6700000000000000e+003	 -1.7414192836149107e+002	  1.6095189175572145e+003	
  5.7000000000000000e+003	 -1.7161570927152044e+002	  1.6137600992171788e+003	
  5.7300000000000000e+003	 -1.7194862646743690e+002	  1.6033408188000733e+003	
  5.7600000000000000e+003	 -1.7268298937397748e+002	  1.6077378421290614e+003	
  5.7900000000000000e+003	 -1.6073730488402620e+002	  1.6101979496438551e+003	
  5.8200000000000000e+003	 -1.6476162874157393e+002	  1.5987322901738830e+003	
  5.8500000000000000e+003	 -1.7232070584443787e+002	  1.6095411806686420e+003	
  5.8800000000000000e+003	 -1.8722341958029932e+002	  1.6200829083960202e+003	
  5.9100000000000000e+003	 -1.7729481055503339e+002	  1.6300791830045127e+003	
  5.9400000000000000e+003	 -1.7800959741351213e+002	  1.6396747208827042e+003	
  5.9700000000000000e+003	 -1.9631977884897623e+002	  1.6408658154093785e+003	
  6.0000000000000000e+003	 -1.8468740206919674e+002	  1.6303686081905853e+003	
  6.0300000000000000e+003	 -1.7705002736381132e+002	  1.6212740033814127e+003	
  6.0600000000000000e+003	 -1.6509454391192764e+002	  1.6084280093534901e+003	
  6.0900000000000000e+003	 -1.4969242264838425e+002	  1.5488844930190039e+003	
  6.1200000000000000e+003	 -1.7185069058947278e+002	  1.6080383994500603e+003	
  6.1500000000000000e+003	 -1.6808096488669793e+002	  1.6150847696827577e+003	
  6.1800000000000000e+003	 -1.7168423240095382e+002	  1.5960384133459013e+003	
  6.2100000000000000e+003	 -1.7206611117106991e+002	  1.6165430259373372e+003	
  6.2400000000000000e+003	 -1.7332923487555166e+002	  1.6147842124258350e+003	
  6.2700000000000000e+003	 -1.7318236107606222e+002	  1.6128139023288015e+003	
  6.3000000000000000e+003	 -1.7232068370059650e+002	  1.6140717872684165e+003	
  6.3300000000000000e+003	 -1.7368169836961141e+002	  1.6032295031086771e+003	
  6.3600000000000000e+003	 -1.6876636862376762e+002	  1.6032183699429293e+003	
  6.3900000000000000e+003	 -1.7701083450032218e+002	  1.6045207808074124e+003	
  6.4200000000000000e+003	 -1.7320194034575692e+002	  1.6024280165341117e+003	
  6.4500000000000000e+003	 -1.7738292217863955e+002	  1.6066691985681314e+003	
  6.4800000000000000e+003	 -1.6505536902501473e+002	  1.6064020408853642e+003	
  6.5100000000000000e+003	 -1.6568200764586001e+002	  1.6090179922218017e+003	
  6.5400000000000000e+003	 -1.7007842294067083e+002	  1.6138046249752661e+003	
  6.5700000000000000e+003	 -1.6619118035520313e+002	  1.6208509995499492e+003	
  6.6000000000000000e+003	 -1.6722907882941570e+002	  1.6079159503768410e+003	
  6.6300000000000000e+003	 -1.7461191330688601e+002	  1.6096524969154400e+003	
  6.6600000000000000e+003	 -1.7465107177038522e+002	  1.6091181751278077e+003	
  6.6900000000000000e+003	 -1.7466086322667002e+002	  1.6058120582569425e+003	
  6.7200000000000000e+003	 -1.6921677877718869e+002	  1.6051775493932812e+003	
  6.7500000000000000e+003	 -1.6609325568394516e+002	  1.6197378281684137e+003	
  6.7800000000000000e+003	 -1.7038197895531988e+002	  1.6075374676564174e+003	
  6.8100000000000000e+003	 -1.7048968319100001e+002	  1.6161534171499318e+003	
  6.8400000000000000e+003	 -1.7218362289330855e+002	  1.6113556491147178e+003	
  6.8700000000000000e+003	 -1.7309425064032132e+002	  1.6157192788017007e+003	
  6.9000000000000000e+003	 -1.6808093177882853e+002	  1.6187025787419884e+003	
  6.9300000000000000e+003	 -1.7077362774390991e+002	  1.6138268895385017e+003	
  6.9600000000000000e+003	 -1.6794388155079440e+002	  1.6277526578783775e+003	
  6.9900000000000000e+003	 -1.6686679005305419e+002	  1.6203278081437338e+003	
  7.0200000000000000e+003	 -1.7025468682649313e+002	  1.6183574928543733e+003	
  7.0500000000000000e+003	 -1.6307748961689580e+002	  1.6166543419773038e+003	
  7.0800000000000000e+003	 -1.6072752439181897e+002	  1.6044094616564003e+003	
  7.1100000000000000e+003	 -1.6778722687275200e+002	  1.6100755015596633e+003	
  7.1400000000000000e+003	 -1.6753263461077157e+002	  1.6184354202055767e+003	
  7.1700000000000000e+003	 -1.7965456396187037e+002	  1.6212183423980423e+003	
  7.2000000000000000e+003	 -1.6989240324970621e+002	  1.6212406060358444e+003	
  7.2300000000000000e+003	 -1.7182133083340312e+002	  1.6178899615326195e+003	
  7.2600000000000000e+003	 -1.7186050270741603e+002	  1.6240457984864656e+003	
  7.2900000000000000e+003	 -1.7729479428249155e+002	  1.6251033090440053e+003	
  7.3200000000000000e+003	 -1.7419088265958430e+002	  1.6137044425746767e+003	
  7.3500000000000000e+003	 -1.6577994550388445e+002	  1.6159864417276706e+003	
  7.3800000000000000e+003	 -1.6635764756302666e+002	  1.6153519326097576e+003	
  7.4100000000000000e+003	 -1.6779700882305730e+002	  1.6163649174472951e+003	
  7.4400000000000000e+003	 -1.7174299124974362e+002	  1.6044205961557582e+003	
  7.4700000000000000e+003	 -1.6971614750031034e+002	  1.6050105769552661e+003	
  7.5000000000000000e+003	 -1.7458254225474931e+002	  1.6074706799865178e+003	
  7.5300000000000000e+003	 -1.7231089960933423e+002	  1.6075040762684625e+003	
  7.5600000000000000e+003	 -1.7047008788028438e+002	  1.6124354263091759e+003	
  7.5900000000000000e+003	 -1.8057496817276584e+002	  1.6068027787432188e+003	
  7.6200000000000000e+003	 -1.7970352732684304e+002	  1.6200829094563878e+003	
  7.6500000000000000e+003	 -1.7966436592822220e+002	  1.6176005353792648e+003	
  7.6800000000000000e+003	 -1.6965738870893765e+002	  1.6142721585670502e+003	
  7.7100000000000000e+003	 -1.7429861279535749e+002	  1.5969734831321523e+003	
  7.7400000000000000e+003	 -1.7147863006239911e+002	  1.6065912759782100e+003	
  7.7700000000000000e+003	 -1.7564980943816866e+002	  1.6035077941360744e+003	
  7.8000000000000000e+003	 -1.6403704992279663e+002	  1.6098306044573826e+003	
  7.8300000000000000e+003	 -1.6805158919593231e+002	  1.6041645608943047e+003	
  7.8600000000000000e+003	 -1.7238923202637847e+002	  1.6107211385918297e+003	
  7.8900000000000000e+003	 -1.7051904632114250e+002	  1.6188584190329689e+003	
  7.9200000000000000e+003	 -1.6797324076865505e+002	  1.6127916398486718e+003	
  7.9500000000000000e+003	 -1.7219340509677636e+002	  1.5935115191146447e+003	
  7.9800000000000000e+003	 -1.8381596939214029e+002	  1.5757453088281354e+003	
  8.0100000000000000e+003	 -1.9069941420791844e+002	  1.5646247286878818e+003	
  8.0400000000000000e+003	 -1.9033713769003776e+002	  1.5393000905444976e+003	
  8.0700000000000000e+003	 -1.7992873134703717e+002	  1.5146767470184016e+003	
  8.1000000000000000e+003	 -1.6903072998304339e+002	  1.4860459897817957e+003	
  8.1300000000000000e+003	 -1.5194449780323504e+002	  1.4664541791834542e+003	
  8.1600000000000000e+003	 -1.6545680544060500e+002	  1.4553892613042876e+003	
  8.1900000000000000e+003	 -1.7376986103107052e+002	  1.4542872200737838e+003	
  8.2200000000000000e+003	 -1.7674647563723724e+002	  1.4608994573167470e+003	
  8.2500000000000000e+003	 -1.7618836237638646e+002	  1.4496341658376475e+003	
  8.2800000000000000e+003	 -1.7460211457512082e+002	  1.4499792484414586e+003	
  8.3100000000000000e+003	 -1.7549315626561656e+002	  1.4506805456762261e+003	
  8.3400000000000000e+003	 -1.8037915283269274e+002	  1.4563020614612260e+003	
  8.3700000000000000e+003	 -1.7573794218112258e+002	  1.4533187651666562e+003	
  8.4000000000000000e+003	 -1.8027143497529036e+002	  1.4546434325773437e+003	
  8.4300000000000000e+003	 -1.7777460045971384e+002	  1.4468735029331915e+003	
  8.4600000000000000e+003	 -1.7836208124980993e+002	  1.4440349111994187e+003	
  8.4900000000000000e+003	 -1.8094704588743579e+002	  1.4449699795088295e+003	
  8.5200000000000000e+003	 -1.7711854879390540e+002	  1.4512037392234920e+003	
  8.5500000000000000e+003	 -1.7898874141994960e+002	  1.4524170950309406e+003	
  8.5800000000000000e+003	 -1.7709895894523999e+002	  1.4555451042585889e+003	
  8.6100000000000000e+003	 -1.7468045407309370e+002	  1.4574263633759840e+003	
  8.6400000000000000e+003	 -1.7465108348085366e+002	  1.4554783111948930e+003	
  8.6700000000000000e+003	 -1.7443567180675035e+002	  1.4550998352018200e+003	
  8.7000000000000000e+003	 -1.7598272953124780e+002	  1.4424096850208493e+003	
  8.7300000000000000e+003	 -1.7495462238303713e+002	  1.4476638524449154e+003	
  8.7600000000000000e+003	 -1.7835227841503004e+002	  1.4454375129887862e+003	
  8.7900000000000000e+003	 -1.7634500229142301e+002	  1.4445915021932324e+003	
  8.8200000000000000e+003	 -1.7688354936905841e+002	  1.4432223007838202e+003	
  8.8500000000000000e+003	 -1.7768646807105000e+002	  1.4467621853433966e+003	
  8.8800000000000000e+003	 -1.7861667169303914e+002	  1.4525618014482220e+003	
  8.9100000000000000e+003	 -1.7567919581674116e+002	  1.4502575379138500e+003	
  8.9400000000000000e+003	 -1.7429858837312059e+002	  1.4538976105511708e+003	
  8.9700000000000000e+003	 -1.5166053826667405e+002	  1.5024763892019905e+003	
  9.0000000000000000e+003	 -1.5153321761498702e+002	  1.5065172044779699e+003	
  9.0300000000000000e+003	 -1.5775087314466103e+002	  1.4948400374180608e+003	
  9.0600000000000000e+003	 -1.7721645880736418e+002	  1.4559792396602675e+003	
  9.0900000000000000e+003	 -1.7945872904031143e+002	  1.4555451020131834e+003	
  9.1200000000000000e+003	 -1.7265359980315571e+002	  1.4792667805863389e+003	
  9.1500000000000000e+003	 -1.7597294312351013e+002	  1.4562909241757611e+003	
  9.1800000000000000e+003	 -1.7716749932399881e+002	  1.4500460355099699e+003	
  9.2100000000000000e+003	 -1.7840123520327475e+002	  1.4534634741824134e+003	
  9.2400000000000000e+003	 -1.7481754131546327e+002	  1.4565692224751242e+003	
  9.2700000000000000e+003	 -1.7926289648227018e+002	  1.4692148437836468e+003	
  9.3000000000000000e+003	 -1.8099599588870294e+002	  1.4431332452979791e+003	
  9.3300000000000000e+003	 -1.7662898368335169e+002	  1.4550441764875300e+003	
  9.3600000000000000e+003	 -1.7815645784901488e+002	  1.4564133784392925e+003	
  9.3900000000000000e+003	 -1.7814664927629104e+002	  1.4536193144673998e+003	
  9.4200000000000000e+003	 -1.7247735830117000e+002	  1.4682352532268901e+003	
  9.4500000000000000e+003	 -1.7432793902266104e+002	  1.4609328506887482e+003	
  9.4800000000000000e+003	 -1.8297388727005219e+002	  1.4357529229219344e+003	
  9.5100000000000000e+003	 -1.7799000643384250e+002	  1.4533966824618428e+003	
  9.5400000000000000e+003	 -1.7738291236710893e+002	  1.4716304218283199e+003	
  9.5700000000000000e+003	 -1.9639809850235866e+002	  1.4577603130838793e+003	
  9.6000000000000000e+003	 -1.9455098409514613e+002	  1.4529661294815298e+003	
  9.6300000000000000e+003	 -1.9191224922769956e+002	  1.4461172957638878e+003	
  9.6600000000000000e+003	 -1.7652127124672612e+002	  1.4598530746194269e+003	
  9.6900000000000000e+003	 -1.7509170467122425e+002	  1.4589848018852688e+003	
  9.7200000000000000e+003	 -1.7499379533537706e+002	  1.4672890581842589e+003	
  9.7500000000000000e+003	 -1.7086175864005992e+002	  1.4665098368575086e+003	
  9.7800000000000000e+003	 -1.7117507233054289e+002	  1.4687361818857873e+003	
  9.8100000000000000e+003	 -1.7344673345671688e+002	  1.4649513972168288e+003	
  9.8400000000000000e+003	 -1.7699124754982441e+002	  1.4601425003671659e+003	
  9.8700000000000000e+003	 -1.7718708350996260e+002	  1.4654189281728877e+003	
  9.9000000000000000e+003	 -1.8084913049457660e+002	  1.4568475100565856e+003	
  9.9300000000000000e+003	 -1.8106454089192397e+002	  1.4477640399233846e+003	
  9.9600000000000000e+003	 -1.8112328538020162e+002	  1.4444913122860737e+003	
  9.9900000000000000e+003	 -1.8173037703564304e+002	  1.4429774036874410e+003	
  1.0020000000000000e+004	 -1.8212203218923747e+002	  1.4409069053644205e+003	
  1.0050000000000000e+004	 -1.8384534516693878e+002	  1.4373447575919010e+003	
  1.0080000000000000e+004	 -1.7922373706094655e+002	  1.4413744361050533e+003	
  1.0110000000000000e+004	 -1.7609044281310562e+002	  1.4438234113869398e+003	
  1.0140000000000000e+004	 -1.7706960227034492e+002	  1.4472074535738957e+003	
  1.0170000000000000e+004	 -1.8198494867031133e+002	  1.4478753585308496e+003	
  1.0200000000000000e+004	 -1.7771582175668306e+002	  1.4447139517854446e+003	
  1.0230000000000000e+004	 -1.7822501030267512e+002	  1.4428438220079820e+003	
  1.0260000000000000e+004	 -1.7591419493741901e+002	  1.4413966979424840e+003	
  1.0290000000000000e+004	 -1.6825721721665838e+002	  1.4541091112711215e+003	
  1.0320000000000000e+004	 -1.6226476923745943e+002	  1.4583836879240800e+003	
  1.0350000000000000e+004	 -1.6672972838897240e+002	  1.4524170921930649e+003	
  1.0380000000000000e+004	 -1.6563555135595664e+002	  1.4591031868469227e+003	
  1.0410000000000000e+004	 -1.6414349176548058e+002	  1.4682205886476377e+003	
  1.0440000000000000e+004	 -1.6566243067276039e+002	  1.4712296803798331e+003	
  1.0470000000000000e+004	 -1.7657022622547780e+002	  1.4578716335091945e+003	
  1.0500000000000000e+004	 -1.8393347866391125e+002	  1.4432000395242901e+003	
  1.0530000000000000e+004	 -1.6972594485540890e+002	  1.4554115228572291e+003	
  1.0560000000000000e+004	 -1.7723606705576447e+002	  1.4792111206402260e+003	
  1.0590000000000000e+004	 -1.7276132595139222e+002	  1.4609439822487498e+003	
  1.0620000000000000e+004	 -1.7968393303061325e+002	  1.5196748820322289e+003	
  1.0650000000000000e+004	 -1.9248148311173108e+002	  1.5754224885611181e+003	
  1.0680000000000000e+004	 -1.7945873596904491e+002	  1.4500794341145834e+003	
  1.0710000000000000e+004	 -1.7975248508112796e+002	  1.4533076295260473e+003	
  1.0740000000000000e+004	 -1.8073164906100163e+002	  1.4478530888296934e+003	
  1.0770000000000000e+004	 -1.7524836921899410e+002	  1.4487436291269780e+003	
  1.0800000000000000e+004	 -1.7387752428857223e+002	  1.4450701662438437e+003	
  1.0830000000000000e+004	 -1.7260466767360967e+002	  1.4387250891857407e+003	
  1.0860000000000000e+004	 -1.7446504648014488e+002	  1.4408401111973237e+003	
  1.0890000000000000e+004	 -1.7642335988788355e+002	  1.4536415809577979e+003	
  1.0920000000000000e+004	 -1.7710874759911690e+002	  1.4470738756727937e+003	
  1.0950000000000000e+004	 -1.7652127452913416e+002	  1.4523057747251460e+003	
  1.0980000000000000e+004	 -1.8004623152980113e+002	  1.4491888981832853e+003	
  1.1010000000000000e+004	 -1.8063371648889256e+002	  1.4331592371176309e+003	
  1.1040000000000000e+004	 -1.7671709439403668e+002	  1.4459606995170993e+003	
  1.1070000000000000e+004	 -1.8141704111463338e+002	  1.4364987493773071e+003	
  1.1100000000000000e+004	 -1.8621489609753951e+002	  1.4410627507421723e+003	
  1.1130000000000000e+004	 -1.8043789212181730e+002	  1.4461833345927225e+003	
  1.1160000000000000e+004	 -1.8073164906100163e+002	  1.4523057747251460e+003	
  1.1190000000000000e+004	 -1.8366909806691407e+002	  1.4461833345927225e+003	
  1.1220000000000000e+004	 -1.8161287901650317e+002	  1.4477417760592546e+003	
  1.1250000000000000e+004	 -1.7945873596904491e+002	  1.4474078269480992e+003	
  1.1280000000000000e+004	 -1.7593376505422987e+002	  1.4413967004118051e+003	
  1.1310000000000000e+004	 -1.7661918602944493e+002	  1.4498567961211277e+003	
  1.1340000000000000e+004	 -1.6888388249900780e+002	  1.4534189510526107e+003	
  1.1370000000000000e+004	 -1.7456294707620515e+002	  1.4500794341145834e+003	
  1.1400000000000000e+004	 -1.7799000074332875e+002	  1.4457380676431521e+003	
  1.1430000000000000e+004	 -1.7593376505422987e+002	  1.4583169014806226e+003	
  1.1460000000000000e+004	 -1.6016937151899339e+002	  1.5131962309017060e+003	
  1.1490000000000000e+004	 -1.8699822001476738e+002	  1.4452928010069695e+003	
  1.1520000000000000e+004	 -1.8112329865775956e+002	  1.4505247041044515e+003	
  1.1550000000000000e+004	 -1.8787945582536830e+002	  1.4403948448795741e+003	
  1.1580000000000000e+004	 -1.7329006905111035e+002	  1.4290405061430181e+003	
  1.1610000000000000e+004	 -1.8691989206157251e+002	  1.4548660716044178e+003	
  1.1640000000000000e+004	 -1.6676889004574340e+002	  1.4481647822741927e+003	
  1.1670000000000000e+004	 -1.6612264811383585e+002	  1.4557566075936866e+003	
  1.1700000000000000e+004	 -1.5490155045156402e+002	  1.4622797876214458e+003	
  1.1730000000000000e+004	 -1.4207461361728048e+002	  1.4781313456130752e+003	
  1.1760000000000000e+004	 -1.1563745097403299e+002	  1.4784875584059253e+003	
  1.1790000000000000e+004	 -1.0972333402684997e+002	  1.4816489643781711e+003	
  1.1820000000000000e+004	 -1.1271956266753057e+002	  1.4807139004508881e+003	
  1.1850000000000000e+004	 -1.1242581227762737e+002	  1.4787324519220169e+003	
  1.1880000000000000e+004	 -1.1503035516629771e+002	  1.4801573150165962e+003	
  1.1910000000000000e+004	 -1.1152496832156802e+002	  1.4754152062217495e+003	
  1.1940000000000000e+004	 -1.2723062051306667e+002	  1.4704059356392431e+003	
  1.1970000000000000e+004	 -1.5063243082908480e+002	  1.4776192848874780e+003	
  1.2000000000000000e+004	 -1.7444545405559180e+002	  1.4932482034718464e+003	
  1.2030000000000000e+004	 -1.8554907597059210e+002	  1.5126396429440222e+003	
  1.2060000000000000e+004	 -2.0699255087994661e+002	  1.5066507854119707e+003	
  1.2090000000000000e+004	 -2.2228693936654153e+002	  1.5034225889513314e+003	
  1.2120000000000000e+004	 -2.3785548995050385e+002	  1.5043353891221509e+003	
  1.2150000000000000e+004	 -2.6533057411803838e+002	  1.5180496548401359e+003	
  1.2180000000000000e+004	 -2.9135648493947485e+002	  1.5209439006105124e+003	
  1.2210000000000000e+004	 -3.1299580732432577e+002	  1.5237045628069004e+003	
  1.2240000000000000e+004	 -3.1755866367229657e+002	  1.5151108836103861e+003	
  1.2270000000000000e+004	 -3.2290484924348289e+002	  1.5300719013120301e+003	
  1.2300000000000000e+004	 -3.3910005821529796e+002	  1.5269104961229614e+003	
  1.2330000000000000e+004	 -3.4303625162596182e+002	  1.5054485613503680e+003	
  1.2360000000000000e+004	 -3.3312720824915567e+002	  1.4809810609412859e+003	
  1.2390000000000000e+004	 -3.3504634423048600e+002	  1.4827621341525078e+003	
  1.2420000000000000e+004	 -3.2979809270124895e+002	  1.4832741944561865e+003	
  1.2450000000000000e+004	 -3.2503938945390746e+002	  1.4827398728720389e+003	
  1.2480000000000000e+004	 -3.3643674898096725e+002	  1.4819606519557674e+003	
  1.2510000000000000e+004	 -3.6238433698959608e+002	  1.4762612170162242e+003	
  1.2540000000000000e+004	 -3.8727445083517529e+002	  1.4796897812565871e+003	
  1.2570000000000000e+004	 -3.9538184739807957e+002	  1.4774189138760335e+003	
  1.2600000000000000e+004	 -3.9640017033673831e+002	  1.4749699375120224e+003	
  1.2630000000000000e+004	 -3.9457893714308159e+002	  1.4769068523331193e+003	
  1.2660000000000000e+004	 -4.1257579449384184e+002	  1.4819161240375784e+003	
  1.2690000000000000e+004	 -4.1472993620743290e+002	  1.4858790165345781e+003	
  1.2720000000000000e+004	 -4.1425994211160787e+002	  1.4833187186958658e+003	
  1.2750000000000000e+004	 -4.2459980682252956e+002	  1.4865246506586432e+003	
  1.2780000000000000e+004	 -4.3793588681735235e+002	  1.4999494931589566e+003	
  1.2810000000000000e+004	 -4.4396748312269472e+002	  1.5162017901334521e+003	
  1.2840000000000000e+004	 -4.4696369267023692e+002	  1.5308065937425149e+003	
  1.2870000000000000e+004	 -4.4623911904086560e+002	  1.5480830067609522e+003	
  1.2900000000000000e+004	 -4.3529217196011479e+002	  1.5653816872105267e+003	
  1.2930000000000000e+004	 -4.3368635961104155e+002	  1.5778714661804345e+003	
  1.2960000000000000e+004	 -4.3580134254583919e+002	  1.5994001920123289e+003	
  1.2990000000000000e+004	 -4.3830797215050450e+002	  1.6198825372475044e+003	
  1.3020000000000000e+004	 -4.4185250343056271e+002	  1.6214632413621378e+003	
  1.3050000000000000e+004	 -4.4245957841222105e+002	  1.6233778954442018e+003	
  1.3080000000000000e+004	 -4.4144126263557536e+002	  1.6231329974142177e+003	
  1.3110000000000000e+004	 -4.4251832850692398e+002	  1.6220643542755192e+003	
  1.3140000000000000e+004	 -4.4122584334055017e+002	  1.6217749283990656e+003	
  1.3170000000000000e+004	 -4.4114752064738087e+002	  1.6208398615450301e+003	
  1.3200000000000000e+004	 -4.4116709496231215e+002	  1.6217526676349139e+003	
  1.3230000000000000e+004	 -4.3891504581529699e+002	  1.6222647234020860e+003	
  1.3260000000000000e+004	 -4.4175459270618586e+002	  1.6233778959138122e+003	
  1.3290000000000000e+004	 -4.3887588113298153e+002	  1.6242461674989613e+003	
  1.3320000000000000e+004	 -4.3819046736621794e+002	  1.6256710264373783e+003	
  1.3350000000000000e+004	 -4.3815130307896908e+002	  1.6263389286450563e+003	
  1.3380000000000000e+004	 -4.3956128699209177e+002	  1.6257378185697139e+003	
  1.3410000000000000e+004	 -4.4059919436610187e+002	  1.6259827159769361e+003	
  1.3440000000000000e+004	 -4.3920879421402549e+002	  1.6257378194720195e+003	
  1.3470000000000000e+004	 -4.4195043030198792e+002	  1.6250031239069890e+003	
  1.3500000000000000e+004	 -4.4167627014189884e+002	  1.6279641581732303e+003	
  1.3530000000000000e+004	 -4.4281748970239022e+002	  1.6284631659737638e+003	
  1.3560000000000000e+004	 -4.4413428150295721e+002	  1.6290389442051487e+003	
  1.3590000000000000e+004	 -4.4545107330352414e+002	  1.6296147224365336e+003	
  1.3620000000000000e+004	 -4.4676786510409113e+002	  1.6301905006679185e+003	
  1.3650000000000000e+004	 -4.4808465690465806e+002	  1.6307662788993034e+003	
  1.3680000000000000e+004	 -4.4940144870522511e+002	  1.6313420571306885e+003	
  1.3710000000000000e+004	 -4.4955845156456917e+002	  1.6312591457965766e+003	
  1.3740000000000000e+004	 -4.5544317109221765e+002	  1.6292554383621220e+003	
  1.3770000000000000e+004	 -4.3857233813725304e+002	  1.6336635970936595e+003	
  1.3800000000000000e+004	 -4.2053631378039574e+002	  1.6171775316752157e+003	
  1.3830000000000000e+004	 -3.9738911236560324e+002	  1.5995003783773325e+003	
  1.3860000000000000e+004	 -3.8743111322689208e+002	  1.5798195148596619e+003	
  1.3890000000000000e+004	 -3.6268788020210076e+002	  1.5806209972970596e+003	
  1.3920000000000000e+004	 -3.3941339347205991e+002	  1.5841386174830582e+003	
  1.3950000000000000e+004	 -3.2217048258605161e+002	  1.5812109796655809e+003	
  1.3980000000000000e+004	 -3.0763003884302032e+002	  1.5846952041230097e+003	
  1.4010000000000000e+004	 -2.8074244884730842e+002	  1.5900829499268000e+003	
  1.4040000000000000e+004	 -2.6013125638172858e+002	  1.5969289549431016e+003	
  1.4070000000000000e+004	 -2.4583560910919837e+002	  1.6165541536877358e+003	
  1.4100000000000000e+004	 -2.4737287672243315e+002	  1.6356561700376444e+003	
  1.4130000000000000e+004	 -2.4499353049348352e+002	  1.6499047608707504e+003	
  1.4160000000000000e+004	 -2.4484666268449354e+002	  1.6578861958428038e+003	
  1.4190000000000000e+004	 -2.4844016279140314e+002	  1.6712219842900136e+003	
  1.4220000000000000e+004	 -2.4283938958483205e+002	  1.6482350030288467e+003	
  1.4250000000000000e+004	 -2.3878567843119527e+002	  1.6235448697012162e+003	
  1.4280000000000000e+004	 -2.1485516201367835e+002	  1.6084725342428023e+003	
  1.4310000000000000e+004	 -2.0758983649468490e+002	  1.6019827489587092e+003	
  1.4340000000000000e+004	 -1.8999444306132219e+002	  1.5955708836783786e+003	
  1.4370000000000000e+004	 -1.7652126624887273e+002	  1.5867211786579428e+003	
  1.4400000000000000e+004	 -1.4999597485519109e+002	  1.5670514427554276e+003	
  1.4430000000000000e+004	 -1.2608499748453573e+002	  1.5676191614701504e+003	
  1.4460000000000000e+004	 -1.1937778885763922e+002	  1.5755226737035259e+003	
  1.4490000000000000e+004	 -1.1866305801546768e+002	  1.5771590347161073e+003	
  1.4520000000000000e+004	 -1.0673690641824426e+002	  1.5804985458107649e+003	
  1.4550000000000000e+004	 -8.2512638206882684e+001	  1.5675412384670576e+003	
  1.4580000000000000e+004	 -7.0919412469789066e+001	  1.5720829734740378e+003	
  1.4610000000000000e+004	 -5.0895682394811146e+001	  1.5870105978140741e+003	
  1.4640000000000000e+004	 -3.5473948068123150e+001	  1.6044873840770938e+003	
  1.4670000000000000e+004	 -1.4255599804107154e+001	  1.6238008993136093e+003	
  1.4700000000000000e+004	  4.8654601561914008e+000	  1.6369140530821853e+003	
  1.4730000000000000e+004	  1.9064453011442499e+001	  1.6546802657210912e+003	
  1.4760000000000000e+004	  1.3081709762321129e+001	  1.6742943387842370e+003	
  1.4790000000000000e+004	  1.6205107521759942e+001	  1.6985837271877965e+003	
  1.4820000000000000e+004	  3.7041856306847137e+001	  1.7124538408563815e+003	
  1.4850000000000000e+004	  5.8965189563472087e+001	  1.7204018777972949e+003	
  1.4880000000000000e+004	  7.8039133243456504e+001	  1.7293963004336078e+003	
  1.4910000000000000e+004	  1.0649339703252899e+002	  1.7340938812962922e+003	
  1.4940000000000000e+004	  1.2614503820742436e+002	  1.7531513695293233e+003	
  1.4970000000000000e+004	  1.2635066202049936e+002	  1.7605762223367797e+003	
  1.5000000000000000e+004	  1.2994414862250082e+002	  1.7482311533426371e+003	
  1.5030000000000000e+004	  1.3032601110480113e+002	  1.7676225917672532e+003	
  1.5060000000000000e+004	  1.1601077866645900e+002	  1.7582385627490014e+003	
  1.5090000000000000e+004	  1.1839014186365596e+002	  1.7516708527366013e+003	
  1.5120000000000000e+004	  1.1554081086180581e+002	  1.7649287211085907e+003	
  1.5150000000000000e+004	  1.0513235213287149e+002	  1.7636597034387364e+003	
  1.5180000000000000e+004	  1.1651014641446584e+002	  1.7632144335233054e+003	
  1.5210000000000000e+004	  1.1298519581707028e+002	  1.7653628554632371e+003	
  1.5240000000000000e+004	  1.2161155154604778e+002	  1.7568693607124544e+003	
  1.5270000000000000e+004	  1.3079603856178511e+002	  1.7582942205357278e+003	
  1.5300000000000000e+004	  1.3684718638351714e+002	  1.7673109048974225e+003	
  1.5330000000000000e+004	  1.4433774461036268e+002	  1.7907431548062334e+003	
  1.5360000000000000e+004	  1.5024201618360837e+002	  1.7975557632767946e+003	
  1.5390000000000000e+004	  1.5250387378464910e+002	  1.7972663353923576e+003	
  1.5420000000000000e+004	  1.5508882680995313e+002	  1.7885947353117604e+003	
  1.5450000000000000e+004	  1.5568612866526868e+002	  1.7925242265943434e+003	
  1.5480000000000000e+004	  1.5838859287862664e+002	  1.8243275239469422e+003	
  1.5510000000000000e+004	  1.5923065652899930e+002	  1.8293701879225177e+003	
  1.5540000000000000e+004	  1.5299345453086590e+002	  1.8048025061975873e+003	
  1.5570000000000000e+004	  1.4168423796220191e+002	  1.7780752705547679e+003	
  1.5600000000000000e+004	  1.3201996562846793e+002	  1.7606318795762240e+003	
  1.5630000000000000e+004	  1.2365798091559547e+002	  1.7452033288879331e+003	
  1.5660000000000000e+004	  1.1226061788061664e+002	  1.7343499143886688e+003	
  1.5690000000000000e+004	  1.0899023468736689e+002	  1.7361421191839356e+003	
  1.5720000000000000e+004	  1.1133044009581140e+002	  1.7315781143037534e+003	
  1.5750000000000000e+004	  1.1265229087343587e+002	  1.7285391586672090e+003	
  1.5780000000000000e+004	  1.1402310866651680e+002	  1.7292515883561432e+003	
  1.5810000000000000e+004	  1.1196684230064400e+002	  1.7303424941497590e+003	
  1.5840000000000000e+004	  1.1271105050052634e+002	  1.7306430540613587e+003	
  1.5870000000000000e+004	  1.1250541839688421e+002	  1.7307321088311553e+003	
  1.5900000000000000e+004	  1.1151645333815122e+002	  1.7307877627831754e+003	
  1.5930000000000000e+004	  1.1272081922335637e+002	  1.7336931423305753e+003	
  1.5960000000000000e+004	  1.1385664717585897e+002	  1.7331254239664836e+003	
  1.5990000000000000e+004	  1.1439519454071694e+002	  1.7335818210326040e+003	
  1.6020000000000000e+004	  1.1386642721216963e+002	  1.7326022324498961e+003	
  1.6050000000000000e+004	  1.1390561196024115e+002	  1.7310994525122510e+003	
  1.6080000000000000e+004	  1.1350415070931315e+002	  1.7304538116526746e+003	
  1.6110000000000000e+004	  1.1372935530519484e+002	  1.7321124365825490e+003	
  1.6140000000000000e+004	  1.1209416648772478e+002	  1.7313109569807816e+003	
  1.6170000000000000e+004	  1.0293907986964216e+002	  1.7286950026652382e+003	
  1.6200000000000000e+004	  8.1711010310114290e+001	  1.7277822035794543e+003	
  1.6230000000000000e+004	  5.5058383363853565e+001	  1.7166059662689324e+003	
  1.6260000000000000e+004	  2.7955329674214227e+001	  1.7065651636807397e+003	
  1.6290000000000000e+004	  7.0496718571535313e+000	  1.7054965193548699e+003	
  1.6320000000000000e+004	 -1.3638574591257548e+001	  1.7128991080702824e+003	
  1.6350000000000000e+004	 -3.5248739271641270e+001	  1.7152256346077186e+003	
  1.6380000000000000e+004	 -5.6937065000760164e+001	  1.7119529136882647e+003	
  1.6410000000000000e+004	 -7.5658544001908211e+001	  1.7003870647987446e+003	
  1.6440000000000000e+004	 -8.6546724984625854e+001	  1.6844464542508183e+003	
  1.6470000000000000e+004	 -1.0008844292084697e+002	  1.6659121588718590e+003	
  1.6500000000000000e+004	 -9.8678488859866903e+001	  1.6498379687337015e+003	
  1.6530000000000000e+004	 -9.7415386946141240e+001	  1.6391403960026175e+003	
  1.6560000000000000e+004	 -1.1151519022488510e+002	  1.6287767760115087e+003	
  1.6590000000000000e+004	 -1.2724042463780060e+002	  1.6085727184629063e+003	
  1.6620000000000000e+004	 -1.6207873771807141e+002	  1.5994447211677218e+003	
  1.6650000000000000e+004	 -1.8827112441817616e+002	  1.5920309995965877e+003	
  1.6680000000000000e+004	 -2.0459361662081315e+002	  1.5979308086090768e+003	
  1.6710000000000000e+004	 -2.3425220580778051e+002	  1.5959716276116874e+003	
  1.6740000000000000e+004	 -2.6082646118652110e+002	  1.5813111633764927e+003	
  1.6770000000000000e+004	 -2.7783436824374741e+002	  1.5639568270904063e+003	
  1.6800000000000000e+004	 -2.6332329240728268e+002	  1.5439754059488919e+003	
  1.6830000000000000e+004	 -2.5951438934982571e+002	  1.5155895468756351e+003	
  1.6860000000000000e+004	 -2.3395845018669087e+002	  1.5075413210131373e+003	
  1.6890000000000000e+004	 -2.2846541593575262e+002	  1.5081758287041516e+003	
  1.6920000000000000e+004	 -2.4740223987296923e+002	  1.5061832517271148e+003	
  1.6950000000000000e+004	 -2.6150207610658413e+002	  1.5208214494083359e+003	
  1.6980000000000000e+004	 -2.7616000813210746e+002	  1.5217453834596049e+003	
  1.7010000000000000e+004	 -2.8018433065920919e+002	  1.5227249739317203e+003	
  1.7040000000000000e+004	 -2.8139849046751743e+002	  1.5278789554729540e+003	
  1.7070000000000000e+004	 -2.7041238111066161e+002	  1.5252407416218884e+003	
  1.7100000000000000e+004	 -2.4708891880830453e+002	  1.5125505876065799e+003	
  1.7130000000000000e+004	 -2.3451657629866060e+002	  1.5015190681790157e+003	
  1.7160000000000000e+004	 -2.5274843538879568e+002	  1.5117825042216398e+003	
  1.7190000000000000e+004	 -2.7697271317387072e+002	  1.5210218235823561e+003	
  1.7220000000000000e+004	 -3.0378196713214169e+002	  1.5098678476592584e+003	
  1.7250000000000000e+004	 -3.0519194140709521e+002	  1.4968771422828727e+003	
  1.7280000000000000e+004	 -3.0836439240013573e+002	  1.4981461566730534e+003	
  1.7310000000000000e+004	 -3.1150749108479101e+002	  1.4980682353499878e+003	
  1.7340000000000000e+004	 -3.1292726165588016e+002	  1.4974114649843189e+003	
  1.7370000000000000e+004	 -3.1098853428208605e+002	  1.4975784446117657e+003	
  1.7400000000000000e+004	 -3.1128228443204711e+002	  1.4965543221178298e+003	
  1.7430000000000000e+004	 -3.1128228443204711e+002	  1.4946619313686399e+003	
  1.7460000000000000e+004	 -3.1177185847738008e+002	  1.4935376278162846e+003	
  1.7490000000000000e+004	 -3.1138998664443614e+002	  1.4932704663456529e+003	
  1.7520000000000000e+004	 -3.1070457725295034e+002	  1.4940385581004155e+003	
  1.7550000000000000e+004	 -3.0982333196027668e+002	  1.4948289062805138e+003	
  1.7580000000000000e+004	 -3.0871689362678632e+002	  1.4947955122838534e+003	
  1.7610000000000000e+004	 -3.0971562448446895e+002	  1.4927918053798253e+003	
  1.7640000000000000e+004	 -3.0745378639947921e+002	  1.4939828979859262e+003	
  1.7670000000000000e+004	 -3.0675859024709769e+002	  1.4941276094028215e+003	
  1.7700000000000000e+004	 -3.0632775495482753e+002	  1.4940496869838946e+003	
  1.7730000000000000e+004	 -3.0645505882535565e+002	  1.4948066461790963e+003	
  1.7760000000000000e+004	 -3.0684671264816313e+002	  1.4960088696795804e+003	
  1.7790000000000000e+004	 -3.0752233078918573e+002	  1.4966433746387861e+003	
  1.7820000000000000e+004	 -3.0792377709424375e+002	  1.4967324302530837e+003	
  1.7850000000000000e+004	 -3.0758107982296900e+002	  1.4966767700966325e+003	
  1.7880000000000000e+004	 -3.0632775495482753e+002	  1.4971554374558805e+003	
  1.7910000000000000e+004	 -3.0584798153380410e+002	  1.4975005223128694e+003	
  1.7940000000000000e+004	 -3.0533881763254578e+002	  1.4971109074711571e+003	
  1.7970000000000000e+004	 -3.0557380915835739e+002	  1.4960979238341495e+003	
  1.8000000000000000e+004	 -3.0518214960602961e+002	  1.4953520975049064e+003	
  1.8030000000000000e+004	 -3.0504506630535275e+002	  1.4956860509174653e+003	
  1.8060000000000000e+004	 -3.0544651799526810e+002	  1.4951628599563942e+003	
  1.8090000000000000e+004	 -3.0582838999722532e+002	  1.4949402264194844e+003	
  1.8120000000000000e+004	 -3.0613193386409921e+002	  1.4957973678106127e+003	
  1.8150000000000000e+004	 -3.0548569483713675e+002	  1.4977342845000562e+003	
  1.8180000000000000e+004	 -3.0538777019072677e+002	  1.4975339175838249e+003	
  1.8210000000000000e+004	 -3.0525069452481841e+002	  1.4985023720756194e+003	
  1.8240000000000000e+004	 -3.0498631631934842e+002	  1.4980682353499878e+003	
  1.8270000000000000e+004	 -3.0508422647084069e+002	  1.4970997779427730e+003	
  1.8300000000000000e+004	 -3.0518214960602961e+002	  1.4957639708920356e+003	
  1.8330000000000000e+004	 -3.0525069452481841e+002	  1.4945394860251079e+003	
  1.8360000000000000e+004	 -3.0528007091858501e+002	  1.4939049772756687e+003	
  1.8390000000000000e+004	 -3.0585776203413360e+002	  1.4935376278162846e+003	
  1.8420000000000000e+004	 -3.0613193458393027e+002	  1.4926136978438681e+003	
  1.8450000000000000e+004	 -3.0634734096727112e+002	  1.4925580402267883e+003	
  1.8480000000000000e+004	 -3.0668024434180813e+002	  1.4928029363695578e+003	
  1.8510000000000000e+004	 -3.0649421885435163e+002	  1.4930923598058368e+003	
  1.8540000000000000e+004	 -3.0636693432898954e+002	  1.4928363331609512e+003	
  1.8570000000000000e+004	 -3.0628858851034460e+002	  1.4930144401523637e+003	
  1.8600000000000000e+004	 -3.0665086726181170e+002	  1.4926470933082819e+003	
  1.8630000000000000e+004	 -3.0704253607804037e+002	  1.4920125846490423e+003	
  1.8660000000000000e+004	 -3.0580881224869921e+002	  1.4951628599563942e+003	
  1.8690000000000000e+004	 -3.0540735168082909e+002	  1.4968214839017164e+003	
  1.8720000000000000e+004	 -3.0659213099458884e+002	  1.4959198166928511e+003	
  1.8750000000000000e+004	 -3.0573047442682906e+002	  1.4948289062805138e+003	
  1.8780000000000000e+004	 -3.1387703726568373e+002	  1.4955858634407909e+003	
  1.8810000000000000e+004	 -3.1202644837866421e+002	  1.5006841906053446e+003	
  1.8840000000000000e+004	 -3.0536819240255062e+002	  1.5147435350559033e+003	
  1.8870000000000000e+004	 -2.8597115008863477e+002	  1.5251850796548163e+003	
  1.8900000000000000e+004	 -2.7480878372040115e+002	  1.5251628182496456e+003	
  1.8930000000000000e+004	 -2.5071178947820334e+002	  1.5106581973827883e+003	
  1.8960000000000000e+004	 -2.3150078800604160e+002	  1.5074967940653128e+003	
  1.8990000000000000e+004	 -2.0596443912002232e+002	  1.5088548648765097e+003	
  1.9020000000000000e+004	 -1.7930206309767212e+002	  1.5078641398521895e+003	
  1.9050000000000000e+004	 -1.6542743686995178e+002	  1.4848437626876391e+003	
  1.9080000000000000e+004	 -1.4849784696820160e+002	  1.4737677117497069e+003	
  1.9110000000000000e+004	 -1.2549752459989649e+002	  1.4646174474756929e+003	
  1.9140000000000000e+004	 -1.0791188874774670e+002	  1.4464282325419276e+003	
  1.9170000000000000e+004	 -9.8228065893300155e+001	  1.4581944493716810e+003	
  1.9200000000000000e+004	 -9.5757587338419839e+001	  1.4464822768435590e+003	
  1.9230000000000000e+004	 -9.4502058690967658e+001	  1.4248023746256963e+003	
  1.9260000000000000e+004	 -9.3246530043515492e+001	  1.4031224724078338e+003	
  1.9290000000000000e+004	 -9.1991001396063325e+001	  1.3814425701899711e+003	
  1.9320000000000000e+004	 -9.7895177074493986e+001	  1.3826212743709737e+003	
  1.9350000000000000e+004	 -1.0031263498206243e+002	  1.3883210871077345e+003	
  1.9380000000000000e+004	 -1.0412967378348631e+002	  1.3973207914289355e+003	
  1.9410000000000000e+004	 -1.0794671258491016e+002	  1.4063204957501364e+003	
  1.9440000000000000e+004	 -1.1176375138633406e+002	  1.4153202000713372e+003	
  1.9470000000000000e+004	 -1.1558079018775791e+002	  1.4243199043925385e+003	
  1.9500000000000000e+004	 -1.1939782898918179e+002	  1.4333196087137394e+003	
  1.9530000000000000e+004	 -1.2106196624867123e+002	  1.4238976513091568e+003	
  1.9560000000000000e+004	 -1.1960626547509376e+002	  1.4297677765747171e+003	
  1.9590000000000000e+004	 -9.4246169607986062e+001	  1.4056119649051564e+003	
  1.9620000000000000e+004	 -7.1751731273848080e+001	  1.3824431646456746e+003	
  1.9650000000000000e+004	 -8.0547798591993271e+001	  1.3778995709376975e+003	
  1.9680000000000000e+004	 -1.5427486598415396e+002	  1.3257827616042257e+003	
  1.9710000000000000e+004	 -1.4074296861966747e+002	  1.3729144175194908e+003	
  1.9740000000000000e+004	 -1.5051494487462841e+002	  1.3438606579456821e+003	
  1.9770000000000000e+004	 -1.4695077862181878e+002	  1.3326398960868571e+003	
  1.9800000000000000e+004	 -1.0109699830282719e+002	  1.3661797351538244e+003	
  1.9830000000000000e+004	 -1.1367910134183572e+002	  1.3499051753077765e+003	
  1.9860000000000000e+004	 -1.2473378639744203e+002	  1.3228105921785827e+003	
  1.9890000000000000e+004	 -1.3557303582583751e+002	  1.3176677431378564e+003	
  1.9920000000000000e+004	 -1.3249846814737688e+002	  1.3107438232447898e+003	
  1.9950000000000000e+004	 -1.3520097834309942e+002	  1.2894933842538671e+003	
  1.9980000000000000e+004	 -1.4242711100456751e+002	  1.2561205195321959e+003	
  2.0010000000000000e+004	 -1.2642771976859080e+002	  1.2377977271001441e+003	
  2.0040000000000000e+004	 -1.0305532498391710e+002	  1.2268329940204444e+003	
  2.0070000000000000e+004	 -9.2186711538321475e+001	  1.2097124228132943e+003	
  2.0100000000000000e+004	 -6.2792423581698088e+001	  1.2190296585686042e+003	
  2.0130000000000000e+004	 -3.5444544673725062e+001	  1.2102356101462478e+003	
  2.0160000000000000e+004	 -2.5329902678993204e+001	  1.1840204368464263e+003	
  2.0190000000000000e+004	 -1.8103700599364743e+001	  1.1750148802168085e+003	
  2.0220000000000000e+004	 -1.9053323885963191e+001	  1.1722764799681031e+003	
  2.0250000000000000e+004	 -1.7222488204454582e+001	  1.1718646040593683e+003	
  2.0280000000000000e+004	 -1.4235893258609469e+001	  1.1726772219028348e+003	
  2.0310000000000000e+004	 -1.2933434320242167e+001	  1.1730000450683401e+003	
  2.0340000000000000e+004	 -3.2176670639133755e+000	  1.1680019055620405e+003	
  2.0370000000000000e+004	  4.1703982659874708e+000	  1.1449258717346206e+003	
  2.0400000000000000e+004	  4.3957391269548278e+000	  1.1271485322624883e+003	
  2.0430000000000000e+004	 -3.9742160254009216e+000	  1.1257793257705596e+003	
  2.0460000000000000e+004	 -3.3173417473651545e+000	  1.1244880499441294e+003	
  2.0490000000000000e+004	 -8.6459435317426137e-001	  1.1229296067922573e+003	
  2.0520000000000000e+004	  4.7092091858848928e+000	  1.1194453856520963e+003	
  2.0550000000000000e+004	  4.9149859327627343e+000	  1.1148702523636696e+003	
  2.0580000000000000e+004	  1.5933618426455782e+000	  1.1188331367780422e+003	
  2.0610000000000000e+004	  2.2008364520906936e+000	  1.1183210852653494e+003	
  2.0640000000000000e+004	  8.6953602840761270e+000	  1.0694083469418285e+003	
  2.0670000000000000e+004	  6.5706254124114825e+000	  9.8543072923227010e+002	
  2.0700000000000000e+004	 -1.0495212835658139e+001	  8.9212473603184571e+002	
  2.0730000000000000e+004	 -3.1606247841591586e+001	  7.9622505940778251e+002	
  2.0760000000000000e+004	 -5.5066878363239859e+001	  7.0670384163824849e+002	
  2.0790000000000000e+004	 -8.9670252829657628e+001	  6.2508614171112015e+002	
  2.0820000000000000e+004	 -1.2043528723341926e+002	  5.3361688210633383e+002	
  2.0850000000000000e+004	 -1.4784181973618826e+002	  4.3265225834065194e+002	
  2.0880000000000000e+004	 -1.4577582986966033e+002	  3.3254481239248611e+002	
  2.0910000000000000e+004	 -1.0763775006460051e+002	  2.4066365415005384e+002	
  2.0940000000000000e+004	 -7.9369576207617641e+001	  1.8877875447893456e+002	
  2.0970000000000000e+004	 -6.6415289356205662e+001	  1.8074162077019588e+002	
  2.1000000000000000e+004	 -5.9247866002666647e+001	  1.8311271865787401e+002	
  2.1030000000000000e+004	 -5.6153821303808641e+001	  1.7339473046409725e+002	
  2.1060000000000000e+004	 -4.1897154046606836e+001	  1.5070832999275123e+002	
  2.1090000000000000e+004	 -2.2744860365740170e+001	  1.3537992308347432e+002	
  2.1120000000000000e+004	 -1.8495270137664409e+001	  1.0593658053750191e+002	
  2.1150000000000000e+004	 -5.5214094943425724e+000	  7.8329859421150744e+001	
  2.1180000000000000e+004	  1.0095039134666957e+001	  4.4678660440427542e+001	
  2.1210000000000000e+004	  2.5380078388942628e+001	  2.4240846416855511e+001	
  2.1240000000000000e+004	  4.8312042628152810e+001	  2.5537817293835450e+000	
  2.1270000000000000e+004	  5.8465844457439019e+001	 -2.0408417565551417e+001	
  2.1300000000000000e+004	  4.1722292698299199e+001	 -4.0779283497389208e+001	
  2.1330000000000000e+004	  1.9270113243072210e+001	 -4.5031516297448434e+001	
  2.1360000000000000e+004	  1.6959202431954743e+001	 -4.3406349059298094e+001	
  2.1390000000000000e+004	  2.1943141573282197e+001	 -3.8486153555793734e+001	
  2.1420000000000000e+004	  2.0141695763883025e+001	 -4.1324617768800316e+001	
  2.1450000000000000e+004	  1.9936054822250480e+001	 -3.8853490950434939e+001	
  2.1480000000000000e+004	  1.9035032568158734e+001	 -3.7439605335649084e+001	
  2.1510000000000000e+004	  1.7958074769086583e+001	 -4.2226480246258902e+001	
  2.1540000000000000e+004	  1.1319022255555168e+001	 -4.2805269092813248e+001	
  2.1570000000000000e+004	  1.4256754758545904e+001	 -4.0612369704479860e+001	
  2.1600000000000000e+004	  1.3571334282176727e+001	 -4.6022305597355071e+001	
  2.1630000000000000e+004	  1.0565039481520047e+001	 -4.8894244854413458e+001	
  2.1660000000000000e+004	  1.0672846809570665e+001	 -4.6901709714577933e+001	
  2.1690000000000000e+004	  1.1250713800353633e+001	 -5.0719922267336948e+001	
  2.1720000000000000e+004	  9.0962981097205109e+000	 -4.7636370886603565e+001	
  2.1750000000000000e+004	  1.1739850734013487e+001	 -4.9417370486345469e+001	
  2.1780000000000000e+004	  1.2082764334098412e+001	 -4.7770006131258953e+001	
  2.1810000000000000e+004	  1.1103553107281886e+001	 -5.1120719596639013e+001	
  2.1840000000000000e+004	  1.1720550401034789e+001	 -4.7191084985288086e+001	
  2.1870000000000000e+004	  1.0751106981713935e+001	 -5.1755180038623635e+001	
  2.1900000000000000e+004	  9.2432934572680363e+000	 -5.0052085089610657e+001	
  2.1930000000000000e+004	  9.2726766850254450e+000	 -5.0452759323934004e+001	
  2.1960000000000000e+004	  1.5314185995321305e+001	 -4.5933330990806020e+001	
  2.1990000000000000e+004	  1.3179692548218034e+001	 -4.6222774598845163e+001	
  2.2020000000000000e+004	  9.1844111038225869e+000	 -5.4482483318092228e+001	
  2.2050000000000000e+004	  1.1798911207313576e+001	 -5.9257928071216284e+001	
  2.2080000000000000e+004	  1.4628596300411122e+001	 -4.9751433435366280e+001	
  2.2110000000000000e+004	  1.8016724081274322e+001	 -4.9740292422600554e+001	
  2.2140000000000000e+004	  1.5872465976648138e+001	 -5.2701411183661435e+001	
  2.2170000000000000e+004	  2.0278623906178172e+001	 -5.0174502678545039e+001	
  2.2200000000000000e+004	  1.2611583373417698e+001	 -4.7959244772950747e+001	
  2.2230000000000000e+004	  1.3522404714771781e+001	 -4.8649361454647355e+001	
  2.2260000000000000e+004	  1.1495399906563838e+001	 -5.3157717193900204e+001	
  2.2290000000000000e+004	  1.1074269440365214e+001	 -4.9295098208088959e+001	
  2.2320000000000000e+004	  1.7908944050761868e+001	 -5.5261613330101014e+001	
  2.2350000000000000e+004	  1.6567625634906147e+001	 -5.3580753809716690e+001	
  2.2380000000000000e+004	  1.8232165475250447e+001	 -5.5194807146599899e+001	
  2.2410000000000000e+004	  1.2866452709068630e+001	 -5.9447152451802538e+001	
  2.2440000000000000e+004	  1.1094059365007340e+001	 -5.7521357525361815e+001	
  2.2470000000000000e+004	  1.6087697678433365e+001	 -5.0708724043343075e+001	
  2.2500000000000000e+004	  1.5108619498282360e+001	 -5.8946285265022119e+001	
  2.2530000000000000e+004	  1.0809817532674046e+001	 -6.0282047872533170e+001	
  2.2560000000000000e+004	  9.7129105142322825e+000	 -6.1695794534366279e+001	
  2.2590000000000000e+004	  7.4122513278312198e+001	 -1.7506114254372687e+002	
  2.2620000000000000e+004	  2.1515996448441061e+002	 -2.3650820720712500e+002	
  2.2650000000000000e+004	  2.8640324056145056e+002	 -2.9913518309466019e+002	
  2.2680000000000000e+004	  3.1551348448606814e+002	 -4.0834839898605497e+002	
  2.2710000000000000e+004	  3.3227661050261895e+002	 -4.6006632027323030e+002	
  2.2740000000000000e+004	  3.4348794145845460e+002	 -4.7614051471439495e+002	
  2.2770000000000000e+004	  3.2394401055336294e+002	 -3.8761001796562783e+002	
  2.2800000000000000e+004	  3.1960636617970397e+002	 -3.7851541061474126e+002	
  2.2830000000000000e+004	  2.5538363884432093e+002	 -2.3523917644672551e+002	
  2.2860000000000000e+004	  9.8151022442984939e+001	 -2.0064181749299024e+002	
  2.2890000000000000e+004	 -5.1101120694773606e+001	 -1.7077542353039826e+002	
  2.2920000000000000e+004	 -1.9197231579441919e+002	 -2.3102024723339218e+002	
  2.2950000000000000e+004	 -1.9282418923834160e+002	 -2.3920207394653693e+002	
  2.2980000000000000e+004	 -2.0445655041637761e+002	 -3.8107571662595899e+002	
  2.3010000000000000e+004	 -1.9245212034249863e+002	 -4.6896056567409215e+002	
  2.3040000000000000e+004	 -1.8956359983533895e+002	 -4.6858208696025139e+002	
  2.3070000000000000e+004	 -1.6293060265713726e+002	 -5.5041129057233377e+002	
  2.3100000000000000e+004	 -1.0851897125134096e+002	 -6.5855584760382658e+002	
  2.3130000000000000e+004	 -1.1029121046884393e+002	 -6.7218105859909770e+002	
  2.3160000000000000e+004	 -1.2969808690691599e+002	 -6.7988420480467357e+002	
  2.3190000000000000e+004	 -1.5677170579957925e+002	 -6.8493799928751741e+002	
  2.3220000000000000e+004	 -1.8117226687604983e+002	 -6.8437028878888736e+002	
  2.3250000000000000e+004	 -1.8444261953494035e+002	 -6.8323485021483270e+002	
  2.3280000000000000e+004	 -1.8404118119040677e+002	 -6.8661889655667130e+002	
  2.3310000000000000e+004	 -1.8238639251701539e+002	 -6.9326452160760050e+002	
  2.3340000000000000e+004	 -2.4834223994519920e+002	 -6.8770980148205331e+002	
  2.3370000000000000e+004	 -1.6527078273016562e+002	 -8.5881530993369654e+002	
  2.3400000000000000e+004	  2.8892946156763577e+002	 -1.1727629320861768e+003	
  2.3430000000000000e+004	  8.7369019020973269e+002	 -1.3823173696803553e+003	
  2.3460000000000000e+004	  1.1063568313516437e+003	 -2.0669064052994536e+003	
  2.3490000000000000e+004	  1.3081996913639412e+003	 -2.7322041827062953e+003	
  2.3520000000000000e+004	  1.4400623964225906e+003	 -3.2452869586647880e+003	
  2.3550000000000000e+004	  1.3259713406388921e+003	 -3.0123559272346997e+003	
  2.3580000000000000e+004	  1.8887206758369525e+003	 -2.8026233803980831e+003	
  2.3610000000000000e+004	  2.4590878258015973e+003	 -2.4697295918302202e+003	
  2.3640000000000000e+004	  3.0934329147141352e+003	 -2.3598373535572782e+003	
  2.3670000000000000e+004	  3.6949665428191961e+003	 -2.6782042575818878e+003	
  2.3700000000000000e+004	  4.0118698182333237e+003	 -3.2709678145458574e+003	
  2.3730000000000000e+004	  4.1939043856942617e+003	 -3.9448592720183542e+003	
  2.3760000000000000e+004	  4.6386754134306811e+003	 -4.5045505183441037e+003	
  2.3790000000000000e+004	  5.2433325359793798e+003	 -4.8602309138124729e+003	
  2.3820000000000000e+004	  5.8424965999933920e+003	 -5.3640409761741994e+003	
  2.3850000000000000e+004	  6.2808835349048795e+003	 -4.7164426175216704e+003	
  2.3880000000000000e+004	  6.5875840157147886e+003	 -4.0971299329922758e+003	
  2.3910000000000000e+004	  7.0439775927808632e+003	 -3.5192272097161140e+003	
  2.3940000000000000e+004	  7.5262404218878992e+003	 -2.9071724006308782e+003	
  2.3970000000000000e+004	  7.9772682286225172e+003	 -2.3353809859763887e+003	
  2.4000000000000000e+004	  8.4146955805123271e+003	 -1.7843836024645748e+003	
  2.4030000000000000e+004	  8.8791280021179718e+003	 -1.2015495367005965e+003	
  2.4060000000000000e+004	  9.3090550269048417e+003	 -6.5027385124103785e+002	
  2.4090000000000000e+004	  9.7610032258029569e+003	 -6.8385982316792635e+001	
  2.4120000000000000e+004	  1.0280170355534279e+004	  6.1466685381728644e+002	
  2.4150000000000000e+004	  1.0387798982358026e+004	  1.4039941537528691e+003	
  2.4180000000000000e+004	  1.0382384260012308e+004	  2.1954698680183665e+003	
  2.4210000000000000e+004	  1.0386056088153666e+004	  3.0203741029345078e+003	
  2.4240000000000000e+004	  1.0385331513954356e+004	  3.7999500167029582e+003	
  2.4270000000000000e+004	  1.0384763604818392e+004	  4.4633554021123873e+003	
  2.4300000000000000e+004	  1.0415744042739203e+004	  4.8626832338138811e+003	
  2.4330000000000000e+004	  1.0428590545220908e+004	  4.9112508839723450e+003	
  2.4360000000000000e+004	  1.0430441147172398e+004	  4.9146126609756957e+003	
  2.4390000000000000e+004	  1.0424341016098313e+004	  4.9220709078113623e+003	
  2.4420000000000000e+004	  1.0435689413134265e+004	  4.9571023982178367e+003	
  2.4450000000000000e+004	  1.0632156697882032e+004	  5.0092655897097775e+003	
  2.4480000000000000e+004	  1.0686137467132230e+004	  4.8153178089889097e+003	
  2.4510000000000000e+004	  1.0674818445279641e+004	  4.6781974042627653e+003	
  2.4540000000000000e+004	  1.0701324148631380e+004	  4.4308174152127012e+003	
  2.4570000000000000e+004	  1.0740637188031433e+004	  4.1934114361587217e+003	
  2.4600000000000000e+004	  1.0709509877190845e+004	  3.9908143140822949e+003	
  2.4630000000000000e+004	  1.0625821570265283e+004	  3.7755827023818056e+003	
  2.4660000000000000e+004	  1.0688458062733296e+004	  3.8388998687621724e+003	
  2.4690000000000000e+004	  1.0685109355421495e+004	  3.7955084622599766e+003	
  2.4720000000000000e+004	  1.0678597979978740e+004	  3.7892747061853033e+003	
  2.4750000000000000e+004	  1.0680213584296192e+004	  3.7929370381891849e+003	
  2.4780000000000000e+004	  1.0683307711408048e+004	  3.7932598582657688e+003	
  2.4810000000000000e+004	  1.0685608724240281e+004	  3.7928034579320092e+003	
  2.4840000000000000e+004	  1.0680771702385677e+004	  3.7952858297924677e+003	
  2.4870000000000000e+004	  1.0684208533585430e+004	  3.8034231083824534e+003	
  2.4900000000000000e+004	  1.0679763173815814e+004	  3.7979129113976423e+003	
  2.4930000000000000e+004	  1.0682867092162498e+004	  3.8055826606783980e+003	
  2.4960000000000000e+004	  1.0675474478287621e+004	  3.7933823071832885e+003	
  2.4990000000000000e+004	  1.0655264736213587e+004	  3.7537645504577622e+003	
  2.5020000000000000e+004	  1.0653218303972932e+004	  3.7477979539873932e+003	
  2.5050000000000000e+004	  1.0678705687069740e+004	  3.7917570754795247e+003	
  2.5080000000000000e+004	  1.0683758122526795e+004	  3.7987255270967012e+003	
  2.5110000000000000e+004	  1.0683160838398300e+004	  3.7981355463522368e+003	
  2.5140000000000000e+004	  1.0674054704591885e+004	  3.7865585668759386e+003	
  2.5170000000000000e+004	  1.0675014275879639e+004	  3.7874268407953991e+003	
  2.5200000000000000e+004	  1.0674191786226131e+004	  3.7852450276534009e+003	
  2.5230000000000000e+004	  1.0675454895195226e+004	  3.7869481773760308e+003	
  2.5260000000000000e+004	  1.0673261590233236e+004	  3.7910669113389936e+003	
  2.5290000000000000e+004	  1.0668728105732516e+004	  3.7920910274423586e+003	
  2.5320000000000000e+004	  1.0669423305366789e+004	  3.7905437216831233e+003	
  2.5350000000000000e+004	  1.0669511429285680e+004	  3.7924583736383297e+003	
  2.5380000000000000e+004	  1.0671597027701626e+004	  3.7892858370248200e+003	
  2.5410000000000000e+004	  1.0671832024685700e+004	  3.7906327735516170e+003	
  2.5440000000000000e+004	  1.0673300755933773e+004	  3.7944843450462081e+003	
  2.5470000000000000e+004	  1.0677227164156713e+004	  3.7969333217734138e+003	
  2.5500000000000000e+004	  1.0675924889093578e+004	  3.7945177399925037e+003	
  2.5530000000000000e+004	  1.0673330130487424e+004	  3.7995158773861212e+003	
  2.5560000000000000e+004	  1.0671939731932405e+004	  3.7957310978767214e+003	
  2.5590000000000000e+004	  1.0670049964347496e+004	  3.7935604144022682e+003	
  2.5620000000000000e+004	  1.0673046175775673e+004	  3.7950854573766455e+003	
  2.5650000000000000e+004	  1.0672125770769302e+004	  3.7914119940397636e+003	
  2.5680000000000000e+004	  1.0675317813673271e+004	  3.7792672974048851e+003	
  2.5710000000000000e+004	  1.0680957741553582e+004	  3.7802246245122101e+003	
  2.5740000000000000e+004	  1.0681104614562941e+004	  3.7695715790199092e+003	
  2.5770000000000000e+004	  1.0672360767940561e+004	  3.7873043921781232e+003	
  2.5800000000000000e+004	  1.0675033858845945e+004	  3.7859240597196972e+003	
  2.5830000000000000e+004	  1.0676257801935861e+004	  3.7867366745090430e+003	
  2.5860000000000000e+004	  1.0678372774891130e+004	  3.7919129210853380e+003	
  2.5890000000000000e+004	  1.0678754644462204e+004	  3.7746142422071862e+003	
  2.5920000000000000e+004	  1.0680458373172794e+004	  3.7581281804029095e+003	
  2.5950000000000000e+004	  1.0681085031408524e+004	  3.7592413508090367e+003	
  2.5980000000000000e+004	  1.0678362983096687e+004	  3.7642840144014795e+003	
  2.6010000000000000e+004	  1.0683131464132679e+004	  3.7946401905970793e+003	
  2.6040000000000000e+004	  1.0684942898914749e+004	  3.7770854827695885e+003	
  2.6070000000000000e+004	  1.0689603672788729e+004	  3.7843210944562029e+003	
  2.6100000000000000e+004	  1.0699845625497645e+004	  3.7817830647303826e+003	
  2.6130000000000000e+004	  1.0691043029713061e+004	  3.7756049656284786e+003	
  2.6160000000000000e+004	  1.0681173155836728e+004	  3.7636049822945438e+003	
  2.6190000000000000e+004	  1.0686852249474807e+004	  3.7670892076747796e+003	
  2.6220000000000000e+004	  1.0692785923882280e+004	  3.7804472589423481e+003	
  2.6250000000000000e+004	  1.0688555978134038e+004	  3.7952079060667470e+003	
  2.6280000000000000e+004	  1.0687302660769130e+004	  3.7948182972390496e+003	
  2.6310000000000000e+004	  1.0684492487946027e+004	  3.7951077209283112e+003	
  2.6340000000000000e+004	  1.0678323816625445e+004	  3.7913006766351509e+003	
  2.6370000000000000e+004	  1.0677491535878118e+004	  3.7769519019169938e+003	
  2.6400000000000000e+004	  1.0677354454043452e+004	  3.7978461209833381e+003	
  2.6430000000000000e+004	  1.0687968485271573e+004	  3.7801355711598526e+003	
  2.6460000000000000e+004	  1.0680321291285019e+004	  3.7842209091865275e+003	
  2.6490000000000000e+004	  1.0678950475536079e+004	  3.7875604220150722e+003	
  2.6520000000000000e+004	  1.0680810868313725e+004	  3.7850557872308373e+003	
  2.6550000000000000e+004	  1.0677060707970437e+004	  3.7891188611936900e+003	
  2.6580000000000000e+004	  1.0673770750006021e+004	  3.7926142185092408e+003	
  2.6610000000000000e+004	  1.0674916360216834e+004	  3.7920687643871911e+003	
  2.6640000000000000e+004	  1.0670862662369485e+004	  3.7947849012229281e+003	
  2.6670000000000000e+004	  1.0671420780280972e+004	  3.7952190380416678e+003	
  2.6700000000000000e+004	  1.0674387617165867e+004	  3.7931708040348940e+003	
  2.6730000000000000e+004	  1.0671861399466394e+004	  3.7932821215702643e+003	
  2.6760000000000000e+004	  1.0678039862028641e+004	  3.7946179256279202e+003	
  2.6790000000000000e+004	  1.0673408462926425e+004	  3.8061726401745459e+003	
  2.6820000000000000e+004	  1.0673114717092914e+004	  3.8045251479038898e+003	
  2.6850000000000000e+004	  1.0673809916196551e+004	  3.7938721010469549e+003	
  2.6880000000000000e+004	  1.0667083127139014e+004	  3.7758164672032340e+003	
  2.6910000000000000e+004	  1.0684796025942469e+004	  3.8182839419995971e+003	
  2.6940000000000000e+004	  1.0674681363379239e+004	  3.7944175547655586e+003	
  2.6970000000000000e+004	  1.0676933417863122e+004	  3.7856457677829226e+003	
  2.7000000000000000e+004	  1.0676835502810620e+004	  3.7888850964089929e+003	
  2.7030000000000000e+004	  1.0673173466062090e+004	  3.7866364899095361e+003	
  2.7060000000000000e+004	  1.0669795383756371e+004	  3.7799463323448026e+003	
  2.7090000000000000e+004	  1.0671832024471620e+004	  3.7941058682595444e+003	
  2.7120000000000000e+004	  1.0684590403645361e+004	  3.8323766866137530e+003	
  2.7150000000000000e+004	  1.0674485532896546e+004	  3.8031893437659646e+003	
  2.7180000000000000e+004	  1.0668375610603132e+004	  3.7974899074597897e+003	
  2.7210000000000000e+004	  1.0670627665274316e+004	  3.7986142096748581e+003	
  2.7240000000000000e+004	  1.0672341184627347e+004	  3.7925919564827855e+003	
  2.7270000000000000e+004	  1.0671019326703996e+004	  3.7895975251039804e+003	
  2.7300000000000000e+004	  1.0673173465834278e+004	  3.7913118085778056e+003	
  2.7330000000000000e+004	  1.0672674097422894e+004	  3.7922023452591966e+003	
  2.7360000000000000e+004	  1.0672282435409270e+004	  3.7913229402531178e+003	
  2.7390000000000000e+004	  1.0677667783681263e+004	  3.7903656137045919e+003	
  2.7420000000000000e+004	  1.0679635883775529e+004	  3.7906439064556930e+003	
  2.7450000000000000e+004	  1.0677648200633821e+004	  3.7889407541089727e+003	
  2.7480000000000000e+004	  1.0674779278835256e+004	  3.7887069875526322e+003	
  2.7510000000000000e+004	  1.0674740112570333e+004	  3.7891411240153930e+003	
  2.7540000000000000e+004	  1.0671038909738887e+004	  3.7896309202684088e+003	
  2.7570000000000000e+004	  1.0672585973389303e+004	  3.7899426076675713e+003	
  2.7600000000000000e+004	  1.0673614085389527e+004	  3.7903322174232248e+003	
  2.7630000000000000e+004	  1.0675494061600040e+004	  3.7885734088737358e+003	
  2.7660000000000000e+004	  1.0675817182223320e+004	  3.7886290664305875e+003	
  2.7690000000000000e+004	  1.0675924889301041e+004	  3.7880947447809476e+003	
  2.7720000000000000e+004	  1.0675454895195226e+004	  3.7882951158815354e+003	
  2.7750000000000000e+004	  1.0674975109470166e+004	  3.7878609773772478e+003	
  2.7780000000000000e+004	  1.0676953001285819e+004	  3.7889296211806350e+003	
  2.7810000000000000e+004	  1.0671949523448728e+004	  3.7913340717415217e+003	
  2.7840000000000000e+004	  1.0673976372178124e+004	  3.7876049488555341e+003	
  2.7870000000000000e+004	  1.0672850345191069e+004	  3.7880390852518162e+003	
  2.7900000000000000e+004	  1.0674544281806753e+004	  3.7881615338639613e+003	
  2.7930000000000000e+004	  1.0672664305711898e+004	  3.7902209004356373e+003	
  2.7960000000000000e+004	  1.0671254323804194e+004	  3.7925696921882386e+003	
  2.7990000000000000e+004	  1.0672282435409270e+004	  3.7918016032192340e+003	
  2.8020000000000000e+004	  1.0672311809978228e+004	  3.7905659849361959e+003	
  2.8050000000000000e+004	  1.0671920148390545e+004	  3.7925474273237460e+003	
  2.8080000000000000e+004	  1.0670754955475564e+004	  3.7922246082294901e+003	
  2.8110000000000000e+004	  1.0675601768205630e+004	  3.7913118085778056e+003	
  2.8140000000000000e+004	  1.0679537968133616e+004	  3.7865585663576358e+003	
  2.8170000000000000e+004	  1.0685256228476712e+004	  3.7812042155681579e+003	
  2.8200000000000000e+004	  1.0655813062648722e+004	  3.7969667157566464e+003	
  2.8230000000000000e+004	  1.0756519068832875e+004	  4.1956489094589760e+003	
  2.8260000000000000e+004	  1.0736789112158429e+004	  4.3582275312303509e+003	
  2.8290000000000000e+004	  1.0728260679341662e+004	  4.3915670052977857e+003	
  2.8320000000000000e+004	  1.0694323196148584e+004	  4.5897337063276709e+003	
  2.8350000000000000e+004	  1.0695850676659105e+004	  4.6524608903204771e+003	
  2.8380000000000000e+004	  1.0699375631290997e+004	  4.6573922387545008e+003	
  2.8410000000000000e+004	  1.0698748972702420e+004	  4.6985684339234676e+003	
  2.8440000000000000e+004	  1.0698719597955593e+004	  4.7729616519591664e+003	
  2.8470000000000000e+004	  1.0697485864092834e+004	  4.7786610884062511e+003	
  2.8500000000000000e+004	  1.0699630211634591e+004	  4.8064903617172004e+003	
  2.8530000000000000e+004	  1.0697946066456479e+004	  4.9269243332730166e+003	
  2.8560000000000000e+004	  1.0701402480775094e+004	  4.9509799569280758e+003	
  2.8590000000000000e+004	  1.0703341206035129e+004	  4.9543083389973062e+003	
  2.8620000000000000e+004	  1.0699610628406776e+004	  4.9560337536438328e+003	
  2.8650000000000000e+004	  1.0701833308465215e+004	  5.0574770274509374e+003	
  2.8680000000000000e+004	  1.0705084100051539e+004	  5.3759218529308837e+003	
  2.8710000000000000e+004	  1.0706024088411345e+004	  5.5728084080691324e+003	
  2.8740000000000000e+004	  1.0735310589340288e+004	  5.6894798602824703e+003	
  2.8770000000000000e+004	  1.0919274074218574e+004	  5.5222704453267743e+003	
  2.8800000000000000e+004	  1.0958528364568960e+004	  5.1042524723542438e+003	
  2.8830000000000000e+004	  1.0909325867915028e+004	  5.0222229010092706e+003	
  2.8860000000000000e+004	  1.0905281961372622e+004	  5.0252729901927933e+003	
  2.8890000000000000e+004	  1.0899181830873609e+004	  5.0190948909323206e+003	
  2.8920000000000000e+004	  1.0804761994627281e+004	  5.0192507351882459e+003	
  2.8950000000000000e+004	  1.0738767003821948e+004	  5.0215327354561723e+003	
  2.8980000000000000e+004	  1.0735036426289324e+004	  5.0227349595958694e+003	
  2.9010000000000000e+004	  1.0729141918268038e+004	  5.0180039836262949e+003	
  2.9040000000000000e+004	  1.0636386643569853e+004	  5.0291579567512426e+003	
  2.9070000000000000e+004	  1.0201495317850109e+004	  5.0804194813024496e+003	
  2.9100000000000000e+004	  1.0339986884359592e+004	  4.9636367123915397e+003	
  2.9130000000000000e+004	  1.0342229147512118e+004	  4.5361011273582080e+003	
  2.9160000000000000e+004	  1.0346635340996056e+004	  4.1324764559602554e+003	
  2.9190000000000000e+004	  1.0345940141789039e+004	  3.7835307426424611e+003	
  2.9220000000000000e+004	  1.0345822642778372e+004	  3.6470337147244850e+003	
  2.9250000000000000e+004	  1.0348975519719435e+004	  3.4988261291059016e+003	
  2.9280000000000000e+004	  1.0349367181466579e+004	  3.0373499595698459e+003	
  2.9310000000000000e+004	  1.0348681773031121e+004	  2.6619441737142261e+003	
  2.9340000000000000e+004	  1.0347301165870653e+004	  2.5899220086451473e+003	
  2.9370000000000000e+004	  1.0350561749626610e+004	  2.2530987287273533e+003	
  2.9400000000000000e+004	  1.0349592386351029e+004	  1.9356891523866227e+003	
  2.9430000000000000e+004	  1.0349758842755338e+004	  1.6267619342172825e+003	
  2.9460000000000000e+004	  1.0351952148172739e+004	  1.2959275137456696e+003	
  2.9490000000000000e+004	  1.0351374447400471e+004	  1.0090633456197611e+003	
  2.9520000000000000e+004	  1.0322479607597626e+004	  7.9633636888196645e+002	
  2.9550000000000000e+004	  1.0204853816499492e+004	  5.4792112498597749e+002	
  2.9580000000000000e+004	  9.9377111813162555e+003	  2.0691230933431910e+002	
  2.9610000000000000e+004	  9.6998452554906053e+003	 -9.7751420306963141e+001	
  2.9640000000000000e+004	  9.5893966630441864e+003	 -2.4161762999226630e+002	
  2.9670000000000000e+004	  9.4686375771562089e+003	 -3.8651912702939444e+002	
  2.9700000000000000e+004	  9.2711030102213663e+003	 -6.3703825445709413e+002	
  2.9730000000000000e+004	  8.9810971204818288e+003	 -1.0021694728136948e+003	
  2.9760000000000000e+004	  8.7983869465935386e+003	 -1.2295346512636654e+003	
  2.9790000000000000e+004	  8.5930974762381029e+003	 -1.4848515510328832e+003	
  2.9820000000000000e+004	  8.3334943222639668e+003	 -1.8091739240037382e+003	
  2.9850000000000000e+004	  8.0607411252054981e+003	 -2.1563608241776833e+003	
  2.9880000000000000e+004	  7.7739860223903070e+003	 -2.5283825742003605e+003	
  2.9910000000000000e+004	  7.5410843996410040e+003	 -2.7955881385716120e+003	
  2.9940000000000000e+004	  7.5380588132345028e+003	 -2.8034137324099806e+003	
  2.9970000000000000e+004	  7.5300493317767305e+003	 -2.8113172461608874e+003	
  3.0000000000000000e+004	  7.4048448814921703e+003	 -2.9351129916756381e+003	
  3.0030000000000000e+004	  7.4282956254018482e+003	 -3.2587785919055636e+003	
  3.0060000000000000e+004	  7.4822372310877781e+003	 -3.6089710546504839e+003	
  3.0090000000000000e+004	  7.5089191835686624e+003	 -3.7966962133988723e+003	
  3.0120000000000000e+004	  7.4486620332936582e+003	 -4.0562097679554631e+003	
  3.0150000000000000e+004	  7.4660811869099325e+003	 -4.0884694613807296e+003	
  3.0180000000000000e+004	  7.4691655224034866e+003	 -4.0863099109620080e+003	
  3.0210000000000000e+004	  7.5055411018256000e+003	 -4.1173562498962838e+003	
  3.0240000000000000e+004	  7.4714861176106115e+003	 -4.1316716285508137e+003	
  3.0270000000000000e+004	  7.4942318706443421e+003	 -4.1142616356957315e+003	
  3.0300000000000000e+004	  7.4618708233618818e+003	 -4.1270964957475653e+003	
  3.0330000000000000e+004	  7.4579444146867700e+003	 -4.1260835101266866e+003	
  3.0360000000000000e+004	  7.4597264758837891e+003	 -4.1236456663399022e+003	
  3.0390000000000000e+004	  7.4549971604394523e+003	 -4.1226772070352290e+003	
  3.0420000000000000e+004	  7.4533423902813593e+003	 -4.1240798023192783e+003	
  3.0450000000000000e+004	  7.4559665234118020e+003	 -4.1206957624556762e+003	
  3.0480000000000000e+004	  7.4362757323070109e+003	 -4.1268961251521478e+003	
  3.0510000000000000e+004	  7.4609993759957042e+003	 -4.1295899993329413e+003	
  3.0540000000000000e+004	  7.3435987853305705e+003	 -4.0882356965958620e+003	
  3.0570000000000000e+004	  7.2040986829099520e+003	 -4.0599388909433414e+003	
  3.0600000000000000e+004	  7.0717757810574230e+003	 -3.9144251756294798e+003	
  3.0630000000000000e+004	  6.9405299489569979e+003	 -3.9247665351898459e+003	
  3.0660000000000000e+004	  6.8798517608332158e+003	 -3.9577720553214604e+003	
  3.0690000000000000e+004	  6.8735655903647012e+003	 -3.9559130586909087e+003	
  3.0720000000000000e+004	  6.8864218858100039e+003	 -3.9451486959926174e+003	
  3.0750000000000000e+004	  6.8792544766155816e+003	 -3.9512266099451963e+003	
  3.0780000000000000e+004	  6.8686600285613649e+003	 -3.9574381036697150e+003	
  3.0810000000000000e+004	  6.8644790397404213e+003	 -3.9540318021044213e+003	
  3.0840000000000000e+004	  6.8661533937293807e+003	 -3.9221283203457833e+003	
  3.0870000000000000e+004	  6.8731935124671345e+003	 -3.9326811807080494e+003	
  3.0900000000000000e+004	  6.8636467587607131e+003	 -4.0511003108501000e+003	
  3.0930000000000000e+004	  6.8794600994144348e+003	 -4.0541615313549855e+003	
  3.0960000000000000e+004	  6.8772570022338796e+003	 -4.0583359236611345e+003	
  3.0990000000000000e+004	  6.8731445544912331e+003	 -4.0492079216616708e+003	
  3.1020000000000000e+004	  6.8767674249021102e+003	 -4.0548850927326275e+003	
  3.1050000000000000e+004	  6.8739278779199176e+003	 -4.0551633866848001e+003	
  3.1080000000000000e+004	  6.8694727262680044e+003	 -4.0221022081584997e+003	
  3.1110000000000000e+004	  6.8754455671253572e+003	 -4.0192079635202708e+003	
  3.1140000000000000e+004	  6.8750539053440352e+003	 -4.0423619200823814e+003	
  3.1170000000000000e+004	  6.8702560495552880e+003	 -4.0434194324772398e+003	
  3.1200000000000000e+004	  6.8606603381524528e+003	 -4.0126959127565251e+003	
  3.1230000000000000e+004	  6.8631082238798208e+003	 -4.0201541586785852e+003	
  3.1260000000000000e+004	  6.8733403855212337e+003	 -4.0487069944653058e+003	
  3.1290000000000000e+004	  6.8670248408669049e+003	 -4.0465363112849554e+003	
  3.1320000000000000e+004	  6.8708435422207313e+003	 -4.0253860628355496e+003	
  3.1350000000000000e+004	  6.8726060199748463e+003	 -4.0169816205928973e+003	
  3.1380000000000000e+004	  6.8710393730905662e+003	 -4.0194862548610427e+003	
  3.1410000000000000e+004	  6.8715289501495299e+003	 -4.0125289365442018e+003	
  3.1440000000000000e+004	  6.8728508083255801e+003	 -4.0248294756280893e+003	
  3.1470000000000000e+004	  6.8723122733607479e+003	 -4.0352376252359363e+003	
  3.1500000000000000e+004	  6.8626186468806000e+003	 -4.0509889954578175e+003	
  3.1530000000000000e+004	  6.8555687361877208e+003	 -4.0449222134712691e+003	
  3.1560000000000000e+004	  6.8575760030030187e+003	 -4.0308405997520399e+003	
  3.1590000000000000e+004	  6.8687383606768362e+003	 -4.0245511843378554e+003	
  3.1620000000000000e+004	  6.8715289499924593e+003	 -4.0105808871701897e+003	
  3.1650000000000000e+004	  6.8752497361139858e+003	 -4.0084658629724699e+003	
  3.1680000000000000e+004	  6.8822996468675601e+003	 -4.0070743993019814e+003	
  3.1710000000000000e+004	  6.8829850545736390e+003	 -3.9820837093713781e+003	
  3.1740000000000000e+004	  6.8865100097342829e+003	 -3.9867033691499555e+003	
  3.1770000000000000e+004	  6.8866079252587342e+003	 -3.9751820495387628e+003	
  3.1800000000000000e+004	  6.8820548582119718e+003	 -3.9702840976545572e+003	
  3.1830000000000000e+004	  6.8757882710170261e+003	 -3.9729557076299475e+003	
  3.1860000000000000e+004	  6.8808798728128368e+003	 -3.9841430768031651e+003	
  3.1890000000000000e+004	  6.8785788604488434e+003	 -3.9867033699647886e+003	
  3.1920000000000000e+004	  6.8804392536067389e+003	 -3.9899315653875201e+003	
  3.1950000000000000e+004	  6.8740257932684381e+003	 -3.9898759077406166e+003	
  3.1980000000000000e+004	  6.8776976218733162e+003	 -4.0122506445518025e+003	
  3.2010000000000000e+004	  6.8600238879368817e+003	 -4.0180391329618637e+003	
  3.2040000000000000e+004	  6.8619332391924199e+003	 -4.0414157243839072e+003	
  3.2070000000000000e+004	  6.8591426491049424e+003	 -4.0352932844353259e+003	
  3.2100000000000000e+004	  6.8654581942667919e+003	 -4.0463136768058203e+003	
  3.2130000000000000e+004	  6.8686894032761656e+003	 -4.0345140648740926e+003	
  3.2160000000000000e+004	  6.8688362762553879e+003	 -4.0489296286756908e+003	
  3.2190000000000000e+004	  6.8750539054044184e+003	 -4.0454231395696943e+003	
  3.2220000000000000e+004	  6.8614926192378462e+003	 -4.0642913879322427e+003	
  3.2250000000000000e+004	  6.8541000049162803e+003	 -4.0574453874160404e+003	
  3.2280000000000000e+004	  6.8583103680859003e+003	 -4.0222135239478534e+003	
  3.2310000000000000e+004	  6.8736341315097961e+003	 -3.9926588349747667e+003	
  3.2340000000000000e+004	  6.8728018504868814e+003	 -3.9883731265555921e+003	
  3.2370000000000000e+004	  6.8687383607598340e+003	 -3.9908221016967800e+003	
  3.2400000000000000e+004	  6.8543937512524089e+003	 -4.0198202066174890e+003	
  3.2430000000000000e+004	  6.8417137037706707e+003	 -4.0381875281118873e+003	
  3.2460000000000000e+004	  6.8460709402816747e+003	 -4.0386884549768461e+003	
  3.2490000000000000e+004	  6.8473927985501678e+003	 -4.0297830879465573e+003	
  3.2520000000000000e+004	  6.8494000649181817e+003	 -4.0305623066778076e+003	
  3.2550000000000000e+004	  6.8547854129042298e+003	 -4.0268888430301022e+003	
  3.2580000000000000e+004	  6.8509177539269094e+003	 -4.0334565520429001e+003	
  3.2610000000000000e+004	  6.8524844003203816e+003	 -4.0293378186010027e+003	
  3.2640000000000000e+004	  6.8501833883362824e+003	 -4.0328999666390473e+003	
  3.2670000000000000e+004	  6.8497917258080251e+003	 -4.0301170379765294e+003	
  3.2700000000000000e+004	  6.8493511072208012e+003	 -4.0305623068456480e+003	
  3.2730000000000000e+004	  6.8494979797768374e+003	 -4.0294491359548206e+003	
  3.2760000000000000e+004	  6.8553729052784984e+003	 -4.0364064547536714e+003	
  3.2790000000000000e+004	  6.8499875569636251e+003	 -4.0328999667160301e+003	
  3.2820000000000000e+004	  6.8519948229772590e+003	 -4.0299500624903244e+003	
  3.2850000000000000e+004	  6.8627655203440181e+003	 -4.0379092359359902e+003	
  3.2880000000000000e+004	  6.8555197785489872e+003	 -4.0383545045315391e+003	
  3.2910000000000000e+004	  6.8495958954929301e+003	 -4.0347366983080537e+003	
  3.2940000000000000e+004	  6.8500854726155248e+003	 -4.0345140640730874e+003	
  3.2970000000000000e+004	  6.8449938703515509e+003	 -4.0309519170882631e+003	
  3.3000000000000000e+004	  6.8476865445442618e+003	 -4.0297274280732613e+003	
  3.3030000000000000e+004	  6.8491063179640742e+003	 -4.0273341113176489e+003	
  3.3060000000000000e+004	  6.8412241268158004e+003	 -4.0143100102321273e+003	
  3.3090000000000000e+004	  6.8435251392202363e+003	 -4.0172042556391402e+003	
  3.3120000000000000e+004	  6.8312857115364341e+003	 -3.9972784937028300e+003	
  3.3150000000000000e+004	  6.8199275223882651e+003	 -3.9830855646222144e+003	
  3.3180000000000000e+004	  6.8293274030905259e+003	 -3.9905994673878422e+003	
  3.3210000000000000e+004	  6.8218368731016362e+003	 -3.9940502975958625e+003	
  3.3240000000000000e+004	  6.8198785646787001e+003	 -3.9946068839936561e+003	
  3.3270000000000000e+004	  6.8251170395126128e+003	 -4.0028443489296378e+003	
  3.3300000000000000e+004	  6.8392658185350811e+003	 -4.0129742050695772e+003	
  3.3330000000000000e+004	  6.8379439602351795e+003	 -4.0206550847222738e+003	
  3.3360000000000000e+004	  6.8461688558392516e+003	 -4.0263322580825325e+003	
  3.3390000000000000e+004	  6.8506729652800159e+003	 -4.0324546985823445e+003	
  3.3420000000000000e+004	  6.8460219827049414e+003	 -4.0278350379718372e+003	
  3.3450000000000000e+004	  6.8473438408000857e+003	 -4.0335678690741297e+003	
  3.3480000000000000e+004	  6.8506240071148131e+003	 -4.0197088896435898e+003	
  3.3510000000000000e+004	  6.8573801716623129e+003	 -4.0152005475020837e+003	
  3.3540000000000000e+004	  6.8541000050555940e+003	 -4.0320094288594410e+003	
  3.3570000000000000e+004	  6.8535125122810041e+003	 -4.0326773318617402e+003	
  3.3600000000000000e+004	  6.8548833281187281e+003	 -4.0338461619420914e+003	
  3.3630000000000000e+004	  6.8593384798364950e+003	 -4.0390780656387142e+003	
  3.3660000000000000e+004	  6.8616884500402102e+003	 -4.0357385526467638e+003	
  3.3690000000000000e+004	  6.8615415774764670e+003	 -4.0359055268180628e+003	
  3.3720000000000000e+004	  6.8611499154763060e+003	 -4.0494305551925804e+003	
  3.3750000000000000e+004	  6.8612967883017755e+003	 -4.0415827009079267e+003	
  3.3780000000000000e+004	  6.8623738581091338e+003	 -4.0519351903966190e+003	
  3.3810000000000000e+004	  6.8613457461528978e+003	 -4.0474268478761965e+003	
  3.3840000000000000e+004	  6.8598770147880159e+003	 -4.0398572845506583e+003	
  3.3870000000000000e+004	  6.8588489032384477e+003	 -4.0315641613373637e+003	
  3.3900000000000000e+004	  6.8585061989545184e+003	 -4.0320650884552515e+003	
  3.3930000000000000e+004	  6.8574291294449476e+003	 -4.0285029408095652e+003	
  3.3960000000000000e+004	  6.8592895223785799e+003	 -4.0246068421115779e+003	
  3.3990000000000000e+004	  6.8628144771057878e+003	 -4.0005066901228724e+003	
  3.4020000000000000e+004	  6.8629123929685056e+003	 -4.0145326450821130e+003	
  3.4050000000000000e+004	  6.8548343706239220e+003	 -4.0413600661594028e+003	
  3.4080000000000000e+004	  6.8543937512186212e+003	 -4.0419166514938161e+003	
  3.4110000000000000e+004	  6.8558135248344961e+003	 -4.0326773316864505e+003	
  3.4140000000000000e+004	  6.8550302012373259e+003	 -4.0292265023819432e+003	
  3.4170000000000000e+004	  6.8555687359302274e+003	 -4.0256086962051108e+003	
  3.4200000000000000e+004	  6.8500365147417906e+003	 -4.0231040624376415e+003	
  3.4230000000000000e+004	  6.8489594454959051e+003	 -4.0231040604448731e+003	
  3.4260000000000000e+004	  6.8495958954636317e+003	 -4.0298944052304360e+003	
  3.4290000000000000e+004	  6.8525333580918350e+003	 -4.0229927439957582e+003	
  3.4320000000000000e+004	  6.8549812435468757e+003	 -4.0247738178464206e+003	
  3.4350000000000000e+004	  6.8524844001798338e+003	 -4.0470372373868609e+003	
  3.4380000000000000e+004	  6.8575760022938484e+003	 -4.0323433812797789e+003	
  3.4410000000000000e+004	  6.8531698083749125e+003	 -4.0341801122998136e+003	
  3.4440000000000000e+004	  6.8516521193555645e+003	 -4.0355159186077099e+003	
  3.4470000000000000e+004	  6.8525823158193789e+003	 -4.0404138702889659e+003	
  3.4500000000000000e+004	  6.8563031019767168e+003	 -4.0513229468925883e+003	
