  0.0000000000000000e+000	 -5.5564981919707361e+002	 -5.8307267850769049e+003	
  3.0000000000000000e+001	 -5.6279764603896490e+002	 -5.8604113445107550e+003	
  6.0000000000000000e+001	 -5.6970068741954958e+002	 -5.8828990861691127e+003	
  9.0000000000000000e+001	 -5.7748495926460555e+002	 -5.9090940230693523e+003	
  1.2000000000000000e+002	 -5.8741113677684086e+002	 -5.9393444448006085e+003	
  1.5000000000000000e+002	 -6.0002998700830256e+002	 -5.9698731592078193e+003	
  1.8000000000000000e+002	 -6.1703626602777251e+002	 -5.9799362256376398e+003	
  2.1000000000000000e+002	 -6.1982208762551397e+002	 -5.9804910991964589e+003	
  2.4000000000000000e+002	 -6.1981706355224651e+002	 -5.9800401216170030e+003	
  2.7000000000000000e+002	 -6.1969444769393772e+002	 -5.9798315271968740e+003	
  3.0000000000000000e+002	 -6.1953566674712329e+002	 -5.9799217845085313e+003	
  3.3000000000000000e+002	 -6.2991422251298536e+002	 -5.9755098532149286e+003	
  3.6000000000000000e+002	 -7.7997406769442239e+002	 -5.9799473573968744e+003	
  3.9000000000000000e+002	 -9.0974464945487489e+002	 -5.9079808529564443e+003	
  4.2000000000000000e+002	 -9.3405037784267029e+002	 -5.8514390253713445e+003	
  4.5000000000000000e+002	 -9.3417808906455889e+002	 -5.8332169004381285e+003	
  4.8000000000000000e+002	 -9.0406554827055061e+002	 -5.7065711134344238e+003	
  5.1000000000000000e+002	 -9.2126602613658599e+002	 -5.6590996715025558e+003	
  5.4000000000000000e+002	 -9.3129070462659104e+002	 -5.6353228693994479e+003	
  5.7000000000000000e+002	 -9.4663003807313373e+002	 -5.6109333983748347e+003	
  6.0000000000000000e+002	 -9.5550845044362052e+002	 -5.5880873121000141e+003	
  6.3000000000000000e+002	 -9.5683061450973037e+002	 -5.5840190530932769e+003	
  6.6000000000000000e+002	 -9.6170509874171898e+002	 -5.5679071127190518e+003	
  6.9000000000000000e+002	 -9.6786764832740823e+002	 -5.5574920075168893e+003	
  7.2000000000000000e+002	 -9.7125797438084749e+002	 -5.5532828292059148e+003	
  7.5000000000000000e+002	 -9.8093848637673341e+002	 -5.5351586813999938e+003	
  7.8000000000000000e+002	 -9.8491105534837470e+002	 -5.5269824944087859e+003	
  8.1000000000000000e+002	 -9.8385574556920051e+002	 -5.5319393208627707e+003	
  8.4000000000000000e+002	 -9.7450322354405455e+002	 -5.5410927878936727e+003	
  8.7000000000000000e+002	 -9.8567969382023057e+002	 -5.5216103308188358e+003	
  9.0000000000000000e+002	 -9.6307591364103314e+002	 -5.5197068083457598e+003	
  9.3000000000000000e+002	 -9.4494879138436522e+002	 -5.5227946483372889e+003	
  9.6000000000000000e+002	 -9.4290533896560407e+002	 -5.5237142244954457e+003	
  9.9000000000000000e+002	 -9.4290533896560407e+002	 -5.5237142244954457e+003	
  1.0200000000000000e+003	 -9.4290533896560407e+002	 -5.5237142244954457e+003	
  1.0500000000000000e+003	 -9.4290533896560407e+002	 -5.5237142244954457e+003	
  1.0800000000000000e+003	 -9.4290533896560407e+002	 -5.5237142244954457e+003	
  1.1100000000000000e+003	 -9.4290533896560407e+002	 -5.5237142244954457e+003	
  1.1400000000000000e+003	 -9.4290533896560407e+002	 -5.5237142244954457e+003	
  1.1700000000000000e+003	 -9.4290533896560407e+002	 -5.5237142244954457e+003	
  1.2000000000000000e+003	 -9.4290533896560407e+002	 -5.5237142244954457e+003	
  1.2300000000000000e+003	 -9.4290533896560407e+002	 -5.5237142244954457e+003	
  1.2600000000000000e+003	 -9.4290533896560407e+002	 -5.5237142244954457e+003	
  1.2900000000000000e+003	 -9.4290533896560407e+002	 -5.5237142244954457e+003	
  1.3200000000000000e+003	 -9.4290533896560407e+002	 -5.5237142244954457e+003	
  1.3500000000000000e+003	 -9.5755348403106541e+002	 -5.5128496750614895e+003	
  1.3800000000000000e+003	 -9.5839555986639630e+002	 -5.5111799184321317e+003	
  1.4100000000000000e+003	 -9.5633933624056272e+002	 -5.5100826498301049e+003	
  1.4400000000000000e+003	 -9.5518256016131363e+002	 -5.5082177117220954e+003	
  1.4700000000000000e+003	 -9.5987219313486344e+002	 -5.5013629218252045e+003	
  1.5000000000000000e+003	 -9.6153986803348243e+002	 -5.4910426551158071e+003	
  1.5300000000000000e+003	 -9.5944728601348038e+002	 -5.4685533265883860e+003	
  1.5600000000000000e+003	 -9.6085650152148912e+002	 -5.4459406770006817e+003	
  1.5900000000000000e+003	 -9.7538528388978182e+002	 -5.4159831251817877e+003	
  1.6200000000000000e+003	 -9.9137347524549705e+002	 -5.3843611185605823e+003	
  1.6500000000000000e+003	 -1.0013958178246305e+003	 -5.3538443308608348e+003	
  1.6800000000000000e+003	 -9.9886112426865020e+002	 -5.3296230380202360e+003	
  1.7100000000000000e+003	 -9.9071921742406073e+002	 -5.3104407810539215e+003	
  1.7400000000000000e+003	 -9.6369138429148575e+002	 -5.2816684439517967e+003	
  1.7700000000000000e+003	 -9.5358964068728699e+002	 -5.2495140157874748e+003	
  1.8000000000000000e+003	 -9.5469015750257313e+002	 -5.2131474672704080e+003	
  1.8300000000000000e+003	 -9.4298693241337060e+002	 -5.1756998652579396e+003	
  1.8600000000000000e+003	 -9.1007696430679141e+002	 -5.1655868747662180e+003	
  1.8900000000000000e+003	 -8.7190441158172712e+002	 -5.1784572812307633e+003	
  1.9200000000000000e+003	 -8.4020095773872924e+002	 -5.1775787622368116e+003	
  1.9500000000000000e+003	 -8.1147403080413983e+002	 -5.1595763467487850e+003	
  1.9800000000000000e+003	 -7.7776651821201449e+002	 -5.1594138363965676e+003	
  2.0100000000000000e+003	 -7.4065286261548499e+002	 -5.1679447742223001e+003	
  2.0400000000000000e+003	 -7.1650980073331937e+002	 -5.1692634530277282e+003	
  2.0700000000000000e+003	 -7.1181093874277133e+002	 -5.1685490665672405e+003	
  2.1000000000000000e+003	 -7.2834383716950060e+002	 -5.1605389126991722e+003	
  2.1300000000000000e+003	 -7.3478351857670714e+002	 -5.1554186706417277e+003	
  2.1600000000000000e+003	 -7.3668038484521151e+002	 -5.1559824676289081e+003	
  2.1900000000000000e+003	 -7.3452906520190197e+002	 -5.1646470050615972e+003	
  2.2200000000000000e+003	 -7.3942483791978293e+002	 -5.1710894814558305e+003	
  2.2500000000000000e+003	 -7.3862509899547945e+002	 -5.1712842866266774e+003	
  2.2800000000000000e+003	 -7.3755540298116750e+002	 -5.1714004435421348e+003	
  2.3100000000000000e+003	 -7.3627824216793067e+002	 -5.1716908358307819e+003	
  2.3400000000000000e+003	 -7.3493297230188796e+002	 -5.1722861398179311e+003	
  2.3700000000000000e+003	 -7.3485051223473533e+002	 -5.1723915985250987e+003	
  2.4000000000000000e+003	 -7.3727848804645953e+002	 -5.1699484815192845e+003	
  2.4300000000000000e+003	 -7.4932653778813039e+002	 -5.1639373581787586e+003	
  2.4600000000000000e+003	 -7.6746536892875201e+002	 -5.1621562838019918e+003	
  2.4900000000000000e+003	 -7.6827955447729789e+002	 -5.1631920163726909e+003	
  2.5200000000000000e+003	 -7.7112903829933293e+002	 -5.1617004145437650e+003	
  2.5500000000000000e+003	 -7.6962908722442319e+002	 -5.1613044664172876e+003	
  2.5800000000000000e+003	 -7.6933391931849553e+002	 -5.1615254869725450e+003	
  2.6100000000000000e+003	 -7.8209364937694681e+002	 -5.1600019701554229e+003	
  2.6400000000000000e+003	 -8.0913887356027828e+002	 -5.1585941372234138e+003	
  2.6700000000000000e+003	 -8.3315994668540668e+002	 -5.1658297485280937e+003	
  2.7000000000000000e+003	 -8.4410290889856071e+002	 -5.1778585437441707e+003	
  2.7300000000000000e+003	 -8.6901182957579465e+002	 -5.1749453823338272e+003	
  2.7600000000000000e+003	 -8.8019322448471155e+002	 -5.1697969664029451e+003	
  2.7900000000000000e+003	 -8.8561145810300377e+002	 -5.1611443104730124e+003	
  2.8200000000000000e+003	 -8.7358121514990546e+002	 -5.1352175465950886e+003	
  2.8500000000000000e+003	 -8.6299881943495222e+002	 -5.1328113844333166e+003	
  2.8800000000000000e+003	 -8.4612723531395727e+002	 -5.1379148456369821e+003	
  2.9100000000000000e+003	 -8.3836429865809600e+002	 -5.1443932558474235e+003	
  2.9400000000000000e+003	 -8.2476493716263258e+002	 -5.1417481490347018e+003	
  2.9700000000000000e+003	 -8.0660706231174356e+002	 -5.1140672970215055e+003	
  3.0000000000000000e+003	 -7.9453898210583384e+002	 -5.0925552671837704e+003	
  3.0300000000000000e+003	 -7.8829687541663952e+002	 -5.0792250451194059e+003	
  3.0600000000000000e+003	 -7.9475929480237028e+002	 -5.0618595783504552e+003	
  3.0900000000000000e+003	 -7.9648260701887261e+002	 -5.0566944644627638e+003	
  3.1200000000000000e+003	 -8.0127610786601315e+002	 -5.0469554539103719e+003	
  3.1500000000000000e+003	 -8.0163641492724639e+002	 -5.0485866494532502e+003	
  3.1800000000000000e+003	 -8.1231628570012322e+002	 -5.0463351232720615e+003	
  3.2100000000000000e+003	 -8.2173695709962635e+002	 -5.0477445696451605e+003	
  3.2400000000000000e+003	 -8.3063891024287170e+002	 -5.0441456387262724e+003	
  3.2700000000000000e+003	 -8.3795727736571678e+002	 -5.0383258327720823e+003	
  3.3000000000000000e+003	 -8.3651323095048372e+002	 -5.0335691328725516e+003	
  3.3300000000000000e+003	 -8.2143798735940004e+002	 -5.0344607288354500e+003	
  3.3600000000000000e+003	 -8.0660706200861432e+002	 -5.0209886258309753e+003	
  3.3900000000000000e+003	 -8.0034937573881132e+002	 -4.9969414688375027e+003	
  3.4200000000000000e+003	 -7.8484186187116768e+002	 -4.9637574073368260e+003	
  3.4500000000000000e+003	 -7.6247518201235027e+002	 -4.9999036598029879e+003	
  3.4800000000000000e+003	 -7.2281594049250054e+002	 -5.0381907797107660e+003	
  3.5100000000000000e+003	 -7.4682969509092936e+002	 -5.1014884652189176e+003	
  3.5400000000000000e+003	 -8.1789997492504210e+002	 -5.1396702300975439e+003	
  3.5700000000000000e+003	 -8.1004809459586056e+002	 -5.0949128050670824e+003	
  3.6000000000000000e+003	 -8.2010588405349847e+002	 -5.0586659282005012e+003	
  3.6300000000000000e+003	 -8.2389938127847870e+002	 -5.0524882308319375e+003	
  3.6600000000000000e+003	 -8.2909117686164632e+002	 -5.0501583389516654e+003	
  3.6900000000000000e+003	 -8.3616998716071373e+002	 -5.0486556567014723e+003	
  3.7200000000000000e+003	 -8.1673586851313155e+002	 -5.0523234121237183e+003	
  3.7500000000000000e+003	 -8.0686816869122902e+002	 -5.0677222775105402e+003	
  3.7800000000000000e+003	 -8.2289910092075115e+002	 -5.0721316733838885e+003	
  3.8100000000000000e+003	 -8.4928667059387976e+002	 -5.0764617621232837e+003	
  3.8400000000000000e+003	 -8.7087222447188833e+002	 -5.0757742151441307e+003	
  3.8700000000000000e+003	 -8.7281188026571772e+002	 -5.0623525532423546e+003	
  3.9000000000000000e+003	 -8.7465828382544726e+002	 -5.0539560636748465e+003	
  3.9300000000000000e+003	 -8.7504994271003966e+002	 -5.0433809387588562e+003	
  3.9600000000000000e+003	 -8.7167186475003507e+002	 -5.0392900347131126e+003	
  3.9900000000000000e+003	 -8.8380961097927695e+002	 -5.0319837808912034e+003	
  4.0200000000000000e+003	 -9.0559955818156470e+002	 -5.0305794718189190e+003	
  4.0500000000000000e+003	 -9.1225484287415622e+002	 -5.0293812964934878e+003	
  4.0800000000000000e+003	 -9.1501427745230501e+002	 -5.0329636831820744e+003	
  4.1100000000000000e+003	 -9.1777371203045368e+002	 -5.0365460698706602e+003	
  4.1400000000000000e+003	 -9.2053314660860258e+002	 -5.0401284565592478e+003	
  4.1700000000000000e+003	 -9.2329258118675114e+002	 -5.0437108432478335e+003	
  4.2000000000000000e+003	 -9.2628769078143523e+002	 -5.0426494272399377e+003	
  4.2300000000000000e+003	 -9.3673666537312454e+002	 -5.0158552553655081e+003	
  4.2600000000000000e+003	 -9.3659745964706531e+002	 -5.0156696864891683e+003	
  4.2900000000000000e+003	 -9.3440320928078734e+002	 -5.0155489814705634e+003	
  4.3200000000000000e+003	 -9.3129011720243511e+002	 -5.0142089015968922e+003	
  4.3500000000000000e+003	 -9.2145641798071119e+002	 -4.9962567000792033e+003	
  4.3800000000000000e+003	 -9.1683535395673823e+002	 -4.9778290819325430e+003	
  4.4100000000000000e+003	 -9.2107019613594582e+002	 -4.9589283655285171e+003	
  4.4400000000000000e+003	 -9.2458008868557340e+002	 -4.9544985157989822e+003	
  4.4700000000000000e+003	 -9.2602622577828606e+002	 -4.9534195964930177e+003	
  4.5000000000000000e+003	 -9.2653947345951019e+002	 -4.9531186732863471e+003	
  4.5300000000000000e+003	 -9.2647730340094802e+002	 -4.9538696217839188e+003	
  4.5600000000000000e+003	 -9.2445204578040352e+002	 -4.9560569555425573e+003	
  4.5900000000000000e+003	 -8.9790775891897908e+002	 -4.9639994784121436e+003	
  4.6200000000000000e+003	 -8.8305641726831277e+002	 -4.9643629238338317e+003	
  4.6500000000000000e+003	 -8.7692540670624010e+002	 -4.9790054029720404e+003	
  4.6800000000000000e+003	 -8.7784053949750819e+002	 -4.9980470507425816e+003	
  4.7100000000000000e+003	 -8.8940434692169651e+002	 -4.9971546586667182e+003	
  4.7400000000000000e+003	 -8.9302721918860072e+002	 -5.0207167774383424e+003	
  4.7700000000000000e+003	 -8.7936475542997823e+002	 -5.0189802301265981e+003	
  4.8000000000000000e+003	 -8.5977514295525248e+002	 -5.0343642545975363e+003	
  4.8300000000000000e+003	 -8.5172879463159791e+002	 -5.0510225313388992e+003	
  4.8600000000000000e+003	 -8.5292105689142147e+002	 -5.0719894336515590e+003	
  4.8900000000000000e+003	 -8.7000730167672486e+002	 -5.0895033249246744e+003	
  4.9200000000000000e+003	 -8.8041081651868092e+002	 -5.1082509789205087e+003	
  4.9500000000000000e+003	 -8.8497032337526389e+002	 -5.1362721294248458e+003	
  4.9800000000000000e+003	 -9.0038206306196560e+002	 -5.1568766740278033e+003	
  5.0100000000000000e+003	 -9.2898176318193021e+002	 -5.1566497992151872e+003	
  5.0400000000000000e+003	 -9.5537151769552315e+002	 -5.1460738932708473e+003	
  5.0700000000000000e+003	 -9.7414036060987735e+002	 -5.1472620557535756e+003	
  5.1000000000000000e+003	 -1.0018700071990279e+003	 -5.1443566802679125e+003	
  5.1300000000000000e+003	 -1.0263537612662469e+003	 -5.1449647498530167e+003	
  5.1600000000000000e+003	 -1.0456412166771518e+003	 -5.1513927773886016e+003	
  5.1900000000000000e+003	 -1.0480219961157993e+003	 -5.1565398305835006e+003	
  5.2200000000000000e+003	 -1.0468203084189604e+003	 -5.1535039098673415e+003	
  5.2500000000000000e+003	 -1.0456186207221212e+003	 -5.1504679891511823e+003	
  5.2800000000000000e+003	 -1.0518292568156669e+003	 -5.1581011619886867e+003	
  5.3100000000000000e+003	 -1.0521299958962811e+003	 -5.1596794797018247e+003	
  5.3400000000000000e+003	 -1.0549565560071110e+003	 -5.1571220255061362e+003	
  5.3700000000000000e+003	 -1.0580139158266470e+003	 -5.1555544984466233e+003	
  5.4000000000000000e+003	 -1.0715301368668074e+003	 -5.1507550695857663e+003	
  5.4300000000000000e+003	 -1.0922263648633643e+003	 -5.1479015105229382e+003	
  5.4600000000000000e+003	 -1.1091348129821934e+003	 -5.1458161061149031e+003	
  5.4900000000000000e+003	 -1.1109385167874225e+003	 -5.1462437971980098e+003	
  5.5200000000000000e+003	 -1.1110931217344892e+003	 -5.1496711933647730e+003	
  5.5500000000000000e+003	 -1.1119700289692428e+003	 -5.1480056550705121e+003	
  5.5800000000000000e+003	 -1.1139755787447032e+003	 -5.1446136184452535e+003	
  5.6100000000000000e+003	 -1.1154307167512993e+003	 -5.1424695817314905e+003	
  5.6400000000000000e+003	 -1.1157196472912854e+003	 -5.1428528044762861e+003	
  5.6700000000000000e+003	 -1.1168414527331486e+003	 -5.1426854717091555e+003	
  5.7000000000000000e+003	 -1.1194385213270150e+003	 -5.1437889630264208e+003	
  5.7300000000000000e+003	 -1.1216259922542181e+003	 -5.1471284762543883e+003	
  5.7600000000000000e+003	 -1.1391698182516134e+003	 -5.1489254521434841e+003	
  5.7900000000000000e+003	 -1.1399111740795206e+003	 -5.1372212536915613e+003	
  5.8200000000000000e+003	 -1.1213806824113396e+003	 -5.1344244122329783e+003	
  5.8500000000000000e+003	 -1.1210134997532105e+003	 -5.1344383269087402e+003	
  5.8800000000000000e+003	 -1.1210134997532105e+003	 -5.1344383269087402e+003	
  5.9100000000000000e+003	 -1.1210134997532105e+003	 -5.1344383269087402e+003	
  5.9400000000000000e+003	 -1.1210134997532105e+003	 -5.1344383269087402e+003	
  5.9700000000000000e+003	 -1.1210134997532105e+003	 -5.1344383269087402e+003	
  6.0000000000000000e+003	 -1.1210134997532105e+003	 -5.1344383269087402e+003	
  6.0300000000000000e+003	 -1.1210134997532105e+003	 -5.1344383269087402e+003	
  6.0600000000000000e+003	 -1.1210134997532105e+003	 -5.1344383269087402e+003	
  6.0900000000000000e+003	 -1.1210134997532105e+003	 -5.1344383269087402e+003	
  6.1200000000000000e+003	 -1.1210134997532105e+003	 -5.1344383269087402e+003	
  6.1500000000000000e+003	 -1.1210134997532105e+003	 -5.1344383269087402e+003	
  6.1800000000000000e+003	 -1.1210134997532105e+003	 -5.1344383269087402e+003	
  6.2100000000000000e+003	 -1.1210134997532105e+003	 -5.1344383269087402e+003	
  6.2400000000000000e+003	 -1.1210134997532105e+003	 -5.1344383269087402e+003	
  6.2700000000000000e+003	 -1.1224255417169597e+003	 -5.1353601096909842e+003	
  6.3000000000000000e+003	 -1.1218844307657230e+003	 -5.1349499942394823e+003	
  6.3300000000000000e+003	 -1.1213433198144862e+003	 -5.1345398787879794e+003	
  6.3600000000000000e+003	 -1.1208022088632492e+003	 -5.1341297633364775e+003	
  6.3900000000000000e+003	 -1.1206971576283754e+003	 -5.1342071294776470e+003	
  6.4200000000000000e+003	 -1.1208101362516825e+003	 -5.1345282364151535e+003	
  6.4500000000000000e+003	 -1.1209231148749898e+003	 -5.1348493433526601e+003	
  6.4800000000000000e+003	 -1.1210360934982969e+003	 -5.1351704502901675e+003	
  6.5100000000000000e+003	 -1.1211490721216044e+003	 -5.1354915572276741e+003	
  6.5400000000000000e+003	 -1.1217768794257549e+003	 -5.1349207003353149e+003	
  6.5700000000000000e+003	 -1.1214232954830250e+003	 -5.1343641148258121e+003	
  6.6000000000000000e+003	 -1.1210697115402950e+003	 -5.1338075293163092e+003	
  6.6300000000000000e+003	 -1.1207161275975652e+003	 -5.1332509438068082e+003	
  6.6600000000000000e+003	 -1.1205539917467881e+003	 -5.1332375040941970e+003	
  6.6900000000000000e+003	 -1.1204614733839942e+003	 -5.1334215719440954e+003	
  6.7200000000000000e+003	 -1.1203689550212000e+003	 -5.1336056397939910e+003	
  6.7500000000000000e+003	 -1.1202764366584058e+003	 -5.1337897076438867e+003	
  6.7800000000000000e+003	 -1.1277941441409844e+003	 -5.1348001070210703e+003	
  6.8100000000000000e+003	 -1.1413799102103419e+003	 -5.1377350247250579e+003	
  6.8400000000000000e+003	 -1.1544516160280650e+003	 -5.1288168127451800e+003	
  6.8700000000000000e+003	 -1.1647490571711432e+003	 -5.1064111542561450e+003	
  6.9000000000000000e+003	 -1.1746629921079937e+003	 -5.0965348542905331e+003	
  6.9300000000000000e+003	 -1.1773901908505977e+003	 -5.0922748346810076e+003	
  6.9600000000000000e+003	 -1.1784115259542689e+003	 -5.0855478562119706e+003	
  6.9900000000000000e+003	 -1.1782364277167580e+003	 -5.0756236093844400e+003	
  7.0200000000000000e+003	 -1.1750784822710023e+003	 -5.0763708744049900e+003	
  7.0500000000000000e+003	 -1.1786856871145501e+003	 -5.0714328481214689e+003	
  7.0800000000000000e+003	 -1.1773801464178912e+003	 -5.0760339546930036e+003	
  7.1100000000000000e+003	 -1.1756852760774889e+003	 -5.0814672892139442e+003	
  7.1400000000000000e+003	 -1.1691363559682627e+003	 -5.0776314532245124e+003	
  7.1700000000000000e+003	 -1.1617626351641659e+003	 -5.0694569703106354e+003	
  7.2000000000000000e+003	 -1.1444513599493578e+003	 -5.0648241271526267e+003	
  7.2300000000000000e+003	 -1.1295908931145068e+003	 -5.0525015199586014e+003	
  7.2600000000000000e+003	 -1.1221884839117520e+003	 -5.0297048372838572e+003	
  7.2900000000000000e+003	 -1.1192510264170428e+003	 -5.0264607400977711e+003	
  7.3200000000000000e+003	 -1.1191311299498125e+003	 -5.0268583012038480e+003	
  7.3500000000000000e+003	 -1.1190112334825824e+003	 -5.0272558623099249e+003	
  7.3800000000000000e+003	 -1.1188913370153521e+003	 -5.0276534234160017e+003	
  7.4100000000000000e+003	 -1.1187714405481217e+003	 -5.0280509845220777e+003	
  7.4400000000000000e+003	 -1.1186515440808917e+003	 -5.0284485456281545e+003	
  7.4700000000000000e+003	 -1.1185316476136616e+003	 -5.0288461067342314e+003	
  7.5000000000000000e+003	 -1.1184117511464310e+003	 -5.0292436678403083e+003	
  7.5300000000000000e+003	 -1.1182918546792007e+003	 -5.0296412289463851e+003	
  7.5600000000000000e+003	 -1.1181719582119708e+003	 -5.0300387900524611e+003	
  7.5900000000000000e+003	 -1.1201812207096427e+003	 -5.0203382997395083e+003	
  7.6200000000000000e+003	 -1.1244869170696004e+003	 -5.0094467997145184e+003	
  7.6500000000000000e+003	 -1.1079389115994359e+003	 -5.0416587976613819e+003	
  7.6800000000000000e+003	 -1.0952472368656668e+003	 -5.0522244637082149e+003	
  7.7100000000000000e+003	 -1.0883387592034496e+003	 -5.0540797487289356e+003	
  7.7400000000000000e+003	 -1.0814302815412323e+003	 -5.0559350337496562e+003	
  7.7700000000000000e+003	 -1.0800406310737765e+003	 -5.0505447326688018e+003	
  7.8000000000000000e+003	 -1.0938277553919154e+003	 -5.0252290698086126e+003	
  7.8300000000000000e+003	 -1.0979544172009503e+003	 -5.0113383118431248e+003	
  7.8600000000000000e+003	 -1.0634392289735686e+003	 -5.0431471734564420e+003	
  7.8900000000000000e+003	 -1.1103127406625438e+003	 -5.0080139066592292e+003	
  7.9200000000000000e+003	 -1.1063506644565862e+003	 -5.0150229075489406e+003	
  7.9500000000000000e+003	 -1.1013493804095076e+003	 -5.0050763403697238e+003	
  7.9800000000000000e+003	 -1.1035417139965969e+003	 -5.0048165212987669e+003	
  8.0100000000000000e+003	 -1.0999718102627301e+003	 -5.0077018889560550e+003	
  8.0400000000000000e+003	 -1.1028833530861914e+003	 -5.0058814403207480e+003	
  8.0700000000000000e+003	 -1.1010309200308177e+003	 -5.0028882299920542e+003	
  8.1000000000000000e+003	 -1.0981452508185116e+003	 -5.0040610133019873e+003	
  8.1300000000000000e+003	 -1.1081566018094679e+003	 -5.0067189934483213e+003	
  8.1600000000000000e+003	 -1.1169010528566703e+003	 -5.0092065895142487e+003	
  8.1900000000000000e+003	 -1.1139635882041969e+003	 -5.0096374943190513e+003	
  8.2200000000000000e+003	 -1.1110261235517232e+003	 -5.0100683991238529e+003	
  8.2500000000000000e+003	 -1.1063294507785106e+003	 -5.0154922952533025e+003	
  8.2800000000000000e+003	 -1.0943341221116516e+003	 -5.0095346817113086e+003	
  8.3100000000000000e+003	 -1.0922372462005796e+003	 -5.0211546250058163e+003	
  8.3400000000000000e+003	 -1.1000351188467787e+003	 -5.0031119778062839e+003	
  8.3700000000000000e+003	 -1.0990574039426747e+003	 -4.9941263971571634e+003	
  8.4000000000000000e+003	 -1.0997806859021484e+003	 -4.9854758084651694e+003	
  8.4300000000000000e+003	 -1.0999616818366749e+003	 -4.9851620962019069e+003	
  8.4600000000000000e+003	 -1.0996785528163900e+003	 -4.9832710467917404e+003	
  8.4900000000000000e+003	 -1.0993954237961052e+003	 -4.9813799973815740e+003	
  8.5200000000000000e+003	 -1.1026232027490980e+003	 -4.9784021129375569e+003	
  8.5500000000000000e+003	 -1.0984929548721832e+003	 -4.9770359486795533e+003	
  8.5800000000000000e+003	 -1.1115401812796235e+003	 -4.9532697463967379e+003	
  8.6100000000000000e+003	 -1.1542143625787053e+003	 -4.9060670157048226e+003	
  8.6400000000000000e+003	 -1.1610609095838752e+003	 -4.8230843979255769e+003	
  8.6700000000000000e+003	 -1.1409284088422828e+003	 -4.7419094962748204e+003	
  8.7000000000000000e+003	 -1.0914252343703004e+003	 -4.6741117595772193e+003	
  8.7300000000000000e+003	 -1.0359249937384236e+003	 -4.6037897129029816e+003	
  8.7600000000000000e+003	 -1.0085777900979311e+003	 -4.5128174493696051e+003	
  8.7900000000000000e+003	 -9.4095927046856252e+002	 -4.4967165771576456e+003	
  8.8200000000000000e+003	 -9.4393056829910711e+002	 -4.5683253938987309e+003	
  8.8500000000000000e+003	 -9.8135730490763865e+002	 -4.6121712350164071e+003	
  8.8800000000000000e+003	 -9.8229746637899109e+002	 -4.6126722462037160e+003	
  8.9100000000000000e+003	 -9.7908905649365011e+002	 -4.6131614092907594e+003	
  8.9400000000000000e+003	 -9.8686936390578433e+002	 -4.6099121530545854e+003	
  8.9700000000000000e+003	 -9.8201616503234834e+002	 -4.6136872554897182e+003	
  9.0000000000000000e+003	 -9.8086831083119080e+002	 -4.6148025594956771e+003	
  9.0300000000000000e+003	 -9.8395513625549415e+002	 -4.6128780938682930e+003	
  9.0600000000000000e+003	 -9.8684819381410944e+002	 -4.6139466457182762e+003	
  9.0900000000000000e+003	 -9.8954748350703676e+002	 -4.6180082150456255e+003	
  9.1200000000000000e+003	 -9.9224677319996385e+002	 -4.6220697843729758e+003	
  9.1500000000000000e+003	 -9.9494606289289095e+002	 -4.6261313537003252e+003	
  9.1800000000000000e+003	 -1.0066482804595863e+003	 -4.6753066671747056e+003	
  9.2100000000000000e+003	 -1.0574889836358177e+003	 -4.7462413484092540e+003	
  9.2400000000000000e+003	 -1.1050696035257472e+003	 -4.8429730541356266e+003	
  9.2700000000000000e+003	 -1.0763102122810246e+003	 -4.9293254389848980e+003	
  9.3000000000000000e+003	 -1.0221841950338811e+003	 -4.9990396275958037e+003	
  9.3300000000000000e+003	 -9.9240158414513667e+002	 -5.0705423116011270e+003	
  9.3600000000000000e+003	 -1.0583149865602898e+003	 -5.0924346744083850e+003	
  9.3900000000000000e+003	 -1.0888482812981063e+003	 -5.0170544446249551e+003	
  9.4200000000000000e+003	 -1.0965910166258059e+003	 -4.9908797469229230e+003	
  9.4500000000000000e+003	 -1.1040496535472855e+003	 -4.9945127318558843e+003	
  9.4800000000000000e+003	 -1.1121483881583927e+003	 -5.0088726370513796e+003	
  9.5100000000000000e+003	 -1.1190457164378195e+003	 -5.0220296011241126e+003	
  9.5400000000000000e+003	 -1.1261050999051786e+003	 -5.0412659142411912e+003	
  9.5700000000000000e+003	 -1.1359945620754256e+003	 -5.0594384300792381e+003	
  9.6000000000000000e+003	 -1.1443173723779714e+003	 -5.0727686535383882e+003	
  9.6300000000000000e+003	 -1.1540697464311529e+003	 -5.0929689967308823e+003	
  9.6600000000000000e+003	 -1.1705299066366611e+003	 -5.0945082281573414e+003	
  9.6900000000000000e+003	 -1.1653202316067277e+003	 -5.1127871506064075e+003	
  9.7200000000000000e+003	 -1.1524878705906874e+003	 -5.1377778401033129e+003	
  9.7500000000000000e+003	 -1.1424569759930416e+003	 -5.1600907343945291e+003	
  9.7800000000000000e+003	 -1.1352112372716115e+003	 -5.1757369707034022e+003	
  9.8100000000000000e+003	 -1.1351720705424755e+003	 -5.1767388239801066e+003	
  9.8400000000000000e+003	 -1.1333508430067509e+003	 -5.1839187768423071e+003	
  9.8700000000000000e+003	 -1.1265457221933236e+003	 -5.2104679053068685e+003	
  9.9000000000000000e+003	 -1.1233634688949464e+003	 -5.2224678887158416e+003	
  9.9300000000000000e+003	 -1.1251041891331629e+003	 -5.2345495052035367e+003	
  9.9600000000000000e+003	 -1.1303444782628815e+003	 -5.2459821830859173e+003	
  9.9900000000000000e+003	 -1.1332855652383414e+003	 -5.2452359456471104e+003	
  1.0020000000000000e+004	 -1.1371135952820991e+003	 -5.2443242058301821e+003	
  1.0050000000000000e+004	 -1.1410861602738285e+003	 -5.2390764006566851e+003	
  1.0080000000000000e+004	 -1.1359456014513316e+003	 -5.2449019950996590e+003	
  1.0110000000000000e+004	 -1.1372797015942544e+003	 -5.2440717556964264e+003	
  1.0140000000000000e+004	 -1.1387753599078906e+003	 -5.2426608107573729e+003	
  1.0170000000000000e+004	 -1.1345347309792085e+003	 -5.2431445336317856e+003	
  1.0200000000000000e+004	 -1.1362986136580423e+003	 -5.2403243228326082e+003	
  1.0230000000000000e+004	 -1.1366473285379227e+003	 -5.2431951327346860e+003	
  1.0260000000000000e+004	 -1.1343351502015582e+003	 -5.2464291873166831e+003	
  1.0290000000000000e+004	 -1.1376745837359940e+003	 -5.2378870648332449e+003	
  1.0320000000000000e+004	 -1.1350949643676754e+003	 -5.2376188418679239e+003	
  1.0350000000000000e+004	 -1.1419153824340215e+003	 -5.2358864691523440e+003	
  1.0380000000000000e+004	 -1.1374173942682232e+003	 -5.2336949138213240e+003	
  1.0410000000000000e+004	 -1.1404105468833120e+003	 -5.2342341058940565e+003	
  1.0440000000000000e+004	 -1.1365298301007119e+003	 -5.2354474625716111e+003	
  1.0470000000000000e+004	 -1.1354201230363510e+003	 -5.2372285364453091e+003	
  1.0500000000000000e+004	 -1.1366473310287204e+003	 -5.2359595213331304e+003	
  1.0530000000000000e+004	 -1.1375968121188250e+003	 -5.2350892241392366e+003	
  1.0560000000000000e+004	 -1.1358491722520766e+003	 -5.2367691006646564e+003	
  1.0590000000000000e+004	 -1.1353820197516127e+003	 -5.2345564094171168e+003	
  1.0620000000000000e+004	 -1.1359285254143449e+003	 -5.2357213561697772e+003	
  1.0650000000000000e+004	 -1.1362339094089546e+003	 -5.2405694625119359e+003	
  1.0680000000000000e+004	 -1.1365602936742659e+003	 -5.2392442589311213e+003	
  1.0710000000000000e+004	 -1.1368819181179663e+003	 -5.2379701861781095e+003	
  1.0740000000000000e+004	 -1.1366310091694738e+003	 -5.2401895715434548e+003	
  1.0770000000000000e+004	 -1.1342320823835901e+003	 -5.2435290831162783e+003	
  1.0800000000000000e+004	 -1.1315067693562250e+003	 -5.2421005144440833e+003	
  1.0830000000000000e+004	 -1.1337425047862857e+003	 -5.2410960104825308e+003	
  1.0860000000000000e+004	 -1.1345380678676006e+003	 -5.2398695352625937e+003	
  1.0890000000000000e+004	 -1.1332220072996811e+003	 -5.2462768579195381e+003	
  1.0920000000000000e+004	 -1.1336445898418422e+003	 -5.2423713876745169e+003	
  1.0950000000000000e+004	 -1.1345329917950719e+003	 -5.2408140338873673e+003	
  1.0980000000000000e+004	 -1.1318821135306212e+003	 -5.2446422559384455e+003	
  1.1010000000000000e+004	 -1.1123596427965460e+003	 -5.2518884679324410e+003	
  1.1040000000000000e+004	 -1.1010583330399979e+003	 -5.2589353708821545e+003	
  1.1070000000000000e+004	 -1.0879768357240621e+003	 -5.2779483312694429e+003	
  1.1100000000000000e+004	 -1.0664484968972322e+003	 -5.2975549827931736e+003	
  1.1130000000000000e+004	 -1.0421132491813166e+003	 -5.2993045164591131e+003	
  1.1160000000000000e+004	 -1.0192505736365636e+003	 -5.3027170410820809e+003	
  1.1190000000000000e+004	 -1.0005775246537431e+003	 -5.3076477324330890e+003	
  1.1220000000000000e+004	 -9.8306153780944601e+002	 -5.2941165216842564e+003	
  1.1250000000000000e+004	 -9.6737807736095510e+002	 -5.2844242036150563e+003	
  1.1280000000000000e+004	 -9.4257895247677925e+002	 -5.2913954370885358e+003	
  1.1310000000000000e+004	 -9.1648878525799228e+002	 -5.3020818779209667e+003	
  1.1340000000000000e+004	 -8.9539573969540095e+002	 -5.3168343237559002e+003	
  1.1370000000000000e+004	 -8.7156229287711176e+002	 -5.3316710229021228e+003	
  1.1400000000000000e+004	 -8.5350854735065491e+002	 -5.3472766216886239e+003	
  1.1430000000000000e+004	 -8.3669973663005749e+002	 -5.3606346732224756e+003	
  1.1460000000000000e+004	 -8.1737776012961103e+002	 -5.3681785476267378e+003	
  1.1490000000000000e+004	 -8.1756468983063201e+002	 -5.3587321627948577e+003	
  1.1520000000000000e+004	 -8.1351989053302532e+002	 -5.3501374707139476e+003	
  1.1550000000000000e+004	 -8.1132419274623408e+002	 -5.3487942730200348e+003	
  1.1580000000000000e+004	 -8.1112238352174381e+002	 -5.3486923030558091e+003	
  1.1610000000000000e+004	 -8.1092057429725367e+002	 -5.3485903330915835e+003	
  1.1640000000000000e+004	 -8.1071876507276352e+002	 -5.3484883631273597e+003	
  1.1670000000000000e+004	 -8.1055348301280947e+002	 -5.3484236712466773e+003	
  1.1700000000000000e+004	 -8.1145645167730277e+002	 -5.3496845855959791e+003	
  1.1730000000000000e+004	 -8.1294023077955819e+002	 -5.3556832876564677e+003	
  1.1760000000000000e+004	 -8.2072947888546980e+002	 -5.3593844958034906e+003	
  1.1790000000000000e+004	 -8.3003411758135405e+002	 -5.3541854638134173e+003	
  1.1820000000000000e+004	 -8.3064529890398558e+002	 -5.3508944272183417e+003	
  1.1850000000000000e+004	 -8.3057330225807016e+002	 -5.3493720017759906e+003	
  1.1880000000000000e+004	 -8.3056723111911879e+002	 -5.3471442445230859e+003	
  1.1910000000000000e+004	 -8.2775679325010344e+002	 -5.3477636342313244e+003	
  1.1940000000000000e+004	 -8.1987460673709745e+002	 -5.3503934994156398e+003	
  1.1970000000000000e+004	 -8.2197978288520449e+002	 -5.3532011647433001e+003	
  1.2000000000000000e+004	 -8.1989263837367400e+002	 -5.3504638059610716e+003	
  1.2030000000000000e+004	 -8.1771067142072968e+002	 -5.3527014746485993e+003	
  1.2060000000000000e+004	 -8.2173211808026588e+002	 -5.3488678005974571e+003	
  1.2090000000000000e+004	 -8.1776942196472362e+002	 -5.3489463774910673e+003	
  1.2120000000000000e+004	 -8.1517466466121687e+002	 -5.3464974013975752e+003	
  1.2150000000000000e+004	 -8.1649651825925389e+002	 -5.3477218894767657e+003	
  1.2180000000000000e+004	 -8.1767150484393449e+002	 -5.3578517463476473e+003	
  1.2210000000000000e+004	 -8.0708731520322044e+002	 -5.3796964006387570e+003	
  1.2240000000000000e+004	 -7.9072518194022086e+002	 -5.4042783968360718e+003	
  1.2270000000000000e+004	 -7.8082266816932690e+002	 -5.4087533449747916e+003	
  1.2300000000000000e+004	 -7.7488245823898262e+002	 -5.4100594644426219e+003	
  1.2330000000000000e+004	 -7.6650369849543961e+002	 -5.4059248300497402e+003	
  1.2360000000000000e+004	 -7.5365440040618466e+002	 -5.3944305439125847e+003	
  1.2390000000000000e+004	 -7.3158752460239532e+002	 -5.3871652480343864e+003	
  1.2420000000000000e+004	 -7.3037826836411818e+002	 -5.3965325817863641e+003	
  1.2450000000000000e+004	 -7.3042722578373423e+002	 -5.4066067791899077e+003	
  1.2480000000000000e+004	 -7.3018193914160122e+002	 -5.4093988221492364e+003	
  1.2510000000000000e+004	 -7.3102369240510609e+002	 -5.4154332983638888e+003	
  1.2540000000000000e+004	 -7.3282778607290447e+002	 -5.4244564773428283e+003	
  1.2570000000000000e+004	 -7.3037990517572791e+002	 -5.4192616788559617e+003	
  1.2600000000000000e+004	 -7.3443763412589885e+002	 -5.4128489409009562e+003	
  1.2630000000000000e+004	 -7.3741349296191186e+002	 -5.4063488954423392e+003	
  1.2660000000000000e+004	 -7.3317048918691580e+002	 -5.4000409263995689e+003	
  1.2690000000000000e+004	 -7.3773726590894728e+002	 -5.4034783984914011e+003	
  1.2720000000000000e+004	 -7.4240297306327659e+002	 -5.4059227778454951e+003	
  1.2750000000000000e+004	 -7.4836855507788243e+002	 -5.4082633494767397e+003	
  1.2780000000000000e+004	 -7.5146479825810150e+002	 -5.4123249193337624e+003	
  1.2810000000000000e+004	 -7.4041623051760712e+002	 -5.4178516619096026e+003	
  1.2840000000000000e+004	 -7.2223194435450011e+002	 -5.4211911748281482e+003	
  1.2870000000000000e+004	 -7.1358740894307300e+002	 -5.4208572246609338e+003	
  1.2900000000000000e+004	 -7.2959657720074836e+002	 -5.4158015730475845e+003	
  1.2930000000000000e+004	 -7.2597064445976559e+002	 -5.4164045407751955e+003	
  1.2960000000000000e+004	 -7.1035619717175996e+002	 -5.4044193986977589e+003	
  1.2990000000000000e+004	 -7.2439074090118584e+002	 -5.3912839807623213e+003	
  1.3020000000000000e+004	 -7.4060053970007084e+002	 -5.3718842484684501e+003	
  1.3050000000000000e+004	 -7.5039136841786240e+002	 -5.3818892816133593e+003	
  1.3080000000000000e+004	 -7.5461397010080225e+002	 -5.3932505831792578e+003	
  1.3110000000000000e+004	 -7.5954740214263666e+002	 -5.4109328767999095e+003	
  1.3140000000000000e+004	 -7.7586161830746880e+002	 -5.4129289725530680e+003	
  1.3170000000000000e+004	 -8.0807003589835222e+002	 -5.4076235845465562e+003	
  1.3200000000000000e+004	 -8.0478789888576716e+002	 -5.4063860010599719e+003	
  1.3230000000000000e+004	 -7.9875836411042519e+002	 -5.3834898316367062e+003	
  1.3260000000000000e+004	 -7.8518689673155041e+002	 -5.3542842986950554e+003	
  1.3290000000000000e+004	 -7.7018796111427241e+002	 -5.3248771472588887e+003	
  1.3320000000000000e+004	 -7.4024838000021055e+002	 -5.3107010026890066e+003	
  1.3350000000000000e+004	 -7.2572891971284446e+002	 -5.2885928659666752e+003	
  1.3380000000000000e+004	 -7.0876605010978960e+002	 -5.2712648536800416e+003	
  1.3410000000000000e+004	 -6.8901062912481575e+002	 -5.2529910370375001e+003	
  1.3440000000000000e+004	 -6.8927883400194935e+002	 -5.2441776269006059e+003	
  1.3470000000000000e+004	 -6.8904327343000068e+002	 -5.2137703123825459e+003	
  1.3500000000000000e+004	 -6.8962750100593155e+002	 -5.1965643994438215e+003	
  1.3530000000000000e+004	 -6.9022860598476700e+002	 -5.1956708760862075e+003	
  1.3560000000000000e+004	 -6.9181641513610816e+002	 -5.1943173295204606e+003	
  1.3590000000000000e+004	 -6.9445000158907737e+002	 -5.1917263285548825e+003	
  1.3620000000000000e+004	 -6.9880217605852272e+002	 -5.1844197035339421e+003	
  1.3650000000000000e+004	 -7.1147243392956659e+002	 -5.1766497706102991e+003	
  1.3680000000000000e+004	 -7.2282817508959283e+002	 -5.1716738964225060e+003	
  1.3710000000000000e+004	 -7.4190042218340102e+002	 -5.1679506319087131e+003	
  1.3740000000000000e+004	 -7.6529826823010490e+002	 -5.1620777068576072e+003	
  1.3770000000000000e+004	 -7.6992549662026386e+002	 -5.1598742843580476e+003	
  1.3800000000000000e+004	 -7.6998669473810958e+002	 -5.1573078064339052e+003	
  1.3830000000000000e+004	 -7.7018252655257334e+002	 -5.1597073071567838e+003	
  1.3860000000000000e+004	 -7.7041332455193128e+002	 -5.1588326735133005e+003	
  1.3890000000000000e+004	 -7.7047626887178490e+002	 -5.1602267870764181e+003	
  1.3920000000000000e+004	 -7.7307479423085113e+002	 -5.1593348237016999e+003	
  1.3950000000000000e+004	 -7.7536199739331880e+002	 -5.1565932838392091e+003	
  1.3980000000000000e+004	 -7.7610427511872774e+002	 -5.1550755492381113e+003	
  1.4010000000000000e+004	 -7.8218804278121138e+002	 -5.1566708253727620e+003	
  1.4040000000000000e+004	 -8.0979164506444988e+002	 -5.1562935835890712e+003	
  1.4070000000000000e+004	 -8.3010676791290462e+002	 -5.1636405119180672e+003	
  1.4100000000000000e+004	 -8.5131245203107585e+002	 -5.1755143371229915e+003	
  1.4130000000000000e+004	 -8.7872622765312622e+002	 -5.1680864498092178e+003	
  1.4160000000000000e+004	 -9.0743691243535875e+002	 -5.1606240372095617e+003	
  1.4190000000000000e+004	 -9.3156673171476723e+002	 -5.1596850444888887e+003	
  1.4220000000000000e+004	 -9.5680932899951051e+002	 -5.1485755984134403e+003	
  1.4250000000000000e+004	 -9.9064683767066742e+002	 -5.1479897189582007e+003	
  1.4280000000000000e+004	 -1.0230164788627931e+003	 -5.1498557447477506e+003	
  1.4310000000000000e+004	 -1.0552588406160939e+003	 -5.1547992357662806e+003	
  1.4340000000000000e+004	 -1.0887705236952950e+003	 -5.1526484938750800e+003	
  1.4370000000000000e+004	 -1.1226691610031035e+003	 -5.1525273557587798e+003	
  1.4400000000000000e+004	 -1.1421344348082707e+003	 -5.1403708733936910e+003	
  1.4430000000000000e+004	 -1.1460602655166947e+003	 -5.1296294278131263e+003	
  1.4460000000000000e+004	 -1.1469268161123664e+003	 -5.1283103203972860e+003	
  1.4490000000000000e+004	 -1.1467065070524020e+003	 -5.1281155152325955e+003	
  1.4520000000000000e+004	 -1.1464861979924378e+003	 -5.1279207100679050e+003	
  1.4550000000000000e+004	 -1.1462658889324732e+003	 -5.1277259049032145e+003	
  1.4580000000000000e+004	 -1.1446186480842371e+003	 -5.1274938518136287e+003	
  1.4610000000000000e+004	 -1.1460210996042451e+003	 -5.1224606070512291e+003	
  1.4640000000000000e+004	 -1.1617463186657228e+003	 -5.1108391011585536e+003	
  1.4670000000000000e+004	 -1.1721253516096451e+003	 -5.0940302192880599e+003	
  1.4700000000000000e+004	 -1.1617693566291307e+003	 -5.0727752003182304e+003	
  1.4730000000000000e+004	 -1.1560620697030961e+003	 -5.0625099034482664e+003	
  1.4760000000000000e+004	 -1.1605386942242196e+003	 -5.0564421457197977e+003	
  1.4790000000000000e+004	 -1.1594052503118658e+003	 -5.0409420832598671e+003	
  1.4820000000000000e+004	 -1.1808071857263299e+003	 -5.0205733017114744e+003	
  1.4850000000000000e+004	 -1.1917292698168551e+003	 -5.0155800852995280e+003	
  1.4880000000000000e+004	 -1.1987952675702359e+003	 -5.0129731221600478e+003	
  1.4910000000000000e+004	 -1.2012030253045759e+003	 -5.0143965210795313e+003	
  1.4940000000000000e+004	 -1.2031538635312638e+003	 -5.0158289448203304e+003	
  1.4970000000000000e+004	 -1.2038481731119073e+003	 -5.0172861868197460e+003	
  1.5000000000000000e+004	 -1.2053382674858767e+003	 -5.0182010110268284e+003	
  1.5030000000000000e+004	 -1.2078690035126565e+003	 -5.0184065196593237e+003	
  1.5060000000000000e+004	 -1.2091419383381201e+003	 -5.0195720237597698e+003	
  1.5090000000000000e+004	 -1.2069559198599643e+003	 -5.0233775153970782e+003	
  1.5120000000000000e+004	 -1.2062030308944638e+003	 -5.0225540397977029e+003	
  1.5150000000000000e+004	 -1.2057367678314945e+003	 -5.0208047707509904e+003	
  1.5180000000000000e+004	 -1.2080358360380308e+003	 -5.0217668687596260e+003	
  1.5210000000000000e+004	 -1.2083761682413638e+003	 -5.0167151076561004e+003	
  1.5240000000000000e+004	 -1.2052398390425599e+003	 -5.0188608180840984e+003	
  1.5270000000000000e+004	 -1.2054305830134290e+003	 -5.0218967390268936e+003	
  1.5300000000000000e+004	 -1.2056213269842981e+003	 -5.0249326599696878e+003	
  1.5330000000000000e+004	 -1.2066894999038043e+003	 -5.0304681552630773e+003	
  1.5360000000000000e+004	 -1.2504922518121273e+003	 -5.0199650593611659e+003	
  1.5390000000000000e+004	 -1.2603210417744151e+003	 -5.0339560905480384e+003	
  1.5420000000000000e+004	 -1.2949928960434670e+003	 -5.0399486615772639e+003	
  1.5450000000000000e+004	 -1.3443585889344708e+003	 -5.0112102966877837e+003	
  1.5480000000000000e+004	 -1.3934142181764200e+003	 -4.9675183359069606e+003	
  1.5510000000000000e+004	 -1.3850620301697661e+003	 -4.9131065373989350e+003	
  1.5540000000000000e+004	 -1.3959722583773121e+003	 -4.8640490914773900e+003	
  1.5570000000000000e+004	 -1.4428039109845010e+003	 -4.8614167685829807e+003	
  1.5600000000000000e+004	 -1.4688263751223515e+003	 -4.8367240171699077e+003	
  1.5630000000000000e+004	 -1.3988974811379292e+003	 -4.8128803317180436e+003	
  1.5660000000000000e+004	 -1.3940996272054638e+003	 -4.7740005154111132e+003	
  1.5690000000000000e+004	 -1.3836226764400087e+003	 -4.7334741334441660e+003	
  1.5720000000000000e+004	 -1.4528293002309897e+003	 -4.7475000882517243e+003	
  1.5750000000000000e+004	 -1.5228584119015813e+003	 -4.7023517277048632e+003	
  1.5780000000000000e+004	 -1.4906818959993884e+003	 -4.6563313834355267e+003	
  1.5810000000000000e+004	 -1.4259221396777484e+003	 -4.6424724037080578e+003	
  1.5840000000000000e+004	 -1.4312273753324873e+003	 -4.6287551008738719e+003	
  1.5870000000000000e+004	 -1.4309298146160509e+003	 -4.6221411311513803e+003	
  1.5900000000000000e+004	 -1.4056956093326212e+003	 -4.5890004409006115e+003	
  1.5930000000000000e+004	 -1.4122559445893876e+003	 -4.5554250836083220e+003	
  1.5960000000000000e+004	 -1.4396214000836228e+003	 -4.4859352624150906e+003	
  1.5990000000000000e+004	 -1.4830780444099937e+003	 -4.4399005821586334e+003	
  1.6020000000000000e+004	 -1.5074938506226572e+003	 -4.3880478973083164e+003	
  1.6050000000000000e+004	 -1.5056546734525332e+003	 -4.3455340412210771e+003	
  1.6080000000000000e+004	 -1.4505206705167043e+003	 -4.3248166911178596e+003	
  1.6110000000000000e+004	 -1.3824298886604413e+003	 -4.4041273148343835e+003	
  1.6140000000000000e+004	 -1.3058956297977948e+003	 -4.4494536131600353e+003	
  1.6170000000000000e+004	 -1.2669074859777552e+003	 -4.4593001170315265e+003	
  1.6200000000000000e+004	 -1.2122706776877076e+003	 -4.4790032430160218e+003	
  1.6230000000000000e+004	 -1.1863883695266366e+003	 -4.5391886881883320e+003	
  1.6260000000000000e+004	 -1.1439583499145040e+003	 -4.5600049860063591e+003	
  1.6290000000000000e+004	 -1.1622848532294786e+003	 -4.5950513201103167e+003	
  1.6320000000000000e+004	 -1.1903049808030894e+003	 -4.6559046685694793e+003	
  1.6350000000000000e+004	 -1.2298352003918349e+003	 -4.6481881098337008e+003	
  1.6380000000000000e+004	 -1.2773583249244689e+003	 -4.6915001653939889e+003	
  1.6410000000000000e+004	 -1.2525139170343739e+003	 -4.7615578478434227e+003	
  1.6440000000000000e+004	 -1.2021462227171530e+003	 -4.7870176590654537e+003	
  1.6470000000000000e+004	 -1.1995090338704697e+003	 -4.8563929481779960e+003	
  1.6500000000000000e+004	 -1.1622447953025867e+003	 -4.9428008794282687e+003	
  1.6530000000000000e+004	 -1.1377244023349151e+003	 -4.9698597049994069e+003	
  1.6560000000000000e+004	 -1.1470785862551120e+003	 -4.9774886365244029e+003	
  1.6590000000000000e+004	 -1.1621869349175790e+003	 -4.9772585819236574e+003	
  1.6620000000000000e+004	 -1.1562350762654207e+003	 -4.9957690250786445e+003	
  1.6650000000000000e+004	 -1.1521333267670659e+003	 -5.0181185051138445e+003	
  1.6680000000000000e+004	 -1.1440803107167249e+003	 -5.0443945101540075e+003	
  1.6710000000000000e+004	 -1.1573890785422395e+003	 -5.0701248711599901e+003	
  1.6740000000000000e+004	 -1.1720861898558940e+003	 -5.0845682662475538e+003	
  1.6770000000000000e+004	 -1.1701094458735054e+003	 -5.0974352121176480e+003	
  1.6800000000000000e+004	 -1.1648641500304952e+003	 -5.1121514713817905e+003	
  1.6830000000000000e+004	 -1.1615015284473866e+003	 -5.1273696905841007e+003	
  1.6860000000000000e+004	 -1.1615044093346753e+003	 -5.1480517535372001e+003	
  1.6890000000000000e+004	 -1.1507797893944880e+003	 -5.1652254562400276e+003	
  1.6920000000000000e+004	 -1.1401349848260675e+003	 -5.1720157988192932e+003	
  1.6950000000000000e+004	 -1.1310155601441256e+003	 -5.1970931564650527e+003	
  1.6980000000000000e+004	 -1.1229345095126855e+003	 -5.2227074864554179e+003	
  1.7010000000000000e+004	 -1.1174885463062612e+003	 -5.2420680468311512e+003	
  1.7040000000000000e+004	 -1.1140125467942264e+003	 -5.2498045851682164e+003	
  1.7070000000000000e+004	 -1.1088597489606470e+003	 -5.2583064292937479e+003	
  1.7100000000000000e+004	 -1.0989882873447048e+003	 -5.2661657438078046e+003	
  1.7130000000000000e+004	 -1.0931248836727373e+003	 -5.2741150948804707e+003	
  1.7160000000000000e+004	 -1.0886524521739930e+003	 -5.2822674348709397e+003	
  1.7190000000000000e+004	 -1.0817724538951252e+003	 -5.2899155742444527e+003	
  1.7220000000000000e+004	 -1.0751377900192181e+003	 -5.2957527059363993e+003	
  1.7250000000000000e+004	 -1.0696712568075870e+003	 -5.2987685588916083e+003	
  1.7280000000000000e+004	 -1.0530601914797498e+003	 -5.3026662930388757e+003	
  1.7310000000000000e+004	 -1.0343387605220200e+003	 -5.2991727912081487e+003	
  1.7340000000000000e+004	 -1.0249388835743537e+003	 -5.3058221333501961e+003	
  1.7370000000000000e+004	 -1.0143836001202137e+003	 -5.3158184088159314e+003	
  1.7400000000000000e+004	 -1.0039197022404328e+003	 -5.3348387906411908e+003	
  1.7430000000000000e+004	 -1.0030798096411927e+003	 -5.3527682652508765e+003	
  1.7460000000000000e+004	 -1.0012384547261552e+003	 -5.3779583967438739e+003	
  1.7490000000000000e+004	 -1.0069542643512145e+003	 -5.3988860111102285e+003	
  1.7520000000000000e+004	 -1.0173863403193532e+003	 -5.4203006386246961e+003	
  1.7550000000000000e+004	 -1.0220901199666177e+003	 -5.4396698135446713e+003	
  1.7580000000000000e+004	 -1.0200557004712289e+003	 -5.4612096726785230e+003	
  1.7610000000000000e+004	 -1.0026990260320705e+003	 -5.4846196585737571e+003	
  1.7640000000000000e+004	 -9.9019848732969592e+002	 -5.5075732443689258e+003	
  1.7670000000000000e+004	 -9.8377523478806268e+002	 -5.5327754366322933e+003	
  1.7700000000000000e+004	 -9.8075222486635175e+002	 -5.5634251357269004e+003	
  1.7730000000000000e+004	 -9.7141830854240254e+002	 -5.5899367671272094e+003	
  1.7760000000000000e+004	 -9.6281014999726790e+002	 -5.6169979534154681e+003	
  1.7790000000000000e+004	 -9.3896074123758422e+002	 -5.6344694378673366e+003	
  1.7820000000000000e+004	 -9.2343240818614959e+002	 -5.6554301824406975e+003	
  1.7850000000000000e+004	 -9.2249284954195855e+002	 -5.6577531080561084e+003	
  1.7880000000000000e+004	 -9.2265316076564568e+002	 -5.6576101415392559e+003	
  1.7910000000000000e+004	 -9.2342016811306712e+002	 -5.6602446467609516e+003	
  1.7940000000000000e+004	 -9.2420220200682547e+002	 -5.6621604729867322e+003	
  1.7970000000000000e+004	 -9.2487859206420308e+002	 -5.6623801777261360e+003	
  1.8000000000000000e+004	 -9.2555498212158045e+002	 -5.6625998824655380e+003	
  1.8030000000000000e+004	 -9.2623137217895783e+002	 -5.6628195872049419e+003	
  1.8060000000000000e+004	 -9.2690776223633543e+002	 -5.6630392919443448e+003	
  1.8090000000000000e+004	 -9.7615986059574243e+002	 -5.6594515128763105e+003	
  1.8120000000000000e+004	 -9.3826414637537016e+002	 -5.7762259343216501e+003	
  1.8150000000000000e+004	 -9.1915105564465011e+002	 -5.9345077172843567e+003	
  1.8180000000000000e+004	 -8.9704903791387176e+002	 -5.9562432871567735e+003	
  1.8210000000000000e+004	 -8.5874325984181155e+002	 -5.9862367737347458e+003	
  1.8240000000000000e+004	 -7.6825836957477293e+002	 -5.9945441356403235e+003	
  1.8270000000000000e+004	 -7.4878914088038948e+002	 -5.9880980991864471e+003	
  1.8300000000000000e+004	 -6.3377001402179837e+002	 -5.9874612613392737e+003	
  1.8330000000000000e+004	 -6.1390949630228852e+002	 -5.9795577482142644e+003	
  1.8360000000000000e+004	 -5.9968456681059718e+002	 -5.9719696318576098e+003	
  1.8390000000000000e+004	 -5.9214290045071789e+002	 -5.9450494467245098e+003	
  1.8420000000000000e+004	 -5.8287030498866091e+002	 -5.9171645131274208e+003	
  1.8450000000000000e+004	 -5.7311547915689300e+002	 -5.8901005438185630e+003	
  1.8480000000000000e+004	 -5.6358612326303671e+002	 -5.8628505565281876e+003	
  1.8510000000000000e+004	 -5.5427900875128751e+002	 -5.8338436648107936e+003	
  1.8540000000000000e+004	 -5.5163528711917081e+002	 -5.8062370231219775e+003	
  1.8570000000000000e+004	 -5.5096483789644981e+002	 -5.8077166129651432e+003	
  1.8600000000000000e+004	 -5.5027126973501413e+002	 -5.8092472231477304e+003	
  1.8630000000000000e+004	 -5.1601365517402587e+002	 -5.7910978976068436e+003	
  1.8660000000000000e+004	 -4.0129313229887532e+002	 -6.1329527110537701e+003	
  1.8690000000000000e+004	 -8.2386115721554711e+002	 -6.2085926796927406e+003	
  1.8720000000000000e+004	 -1.1763357146418591e+003	 -6.0144185530963732e+003	
  1.8750000000000000e+004	 -1.0388037084931082e+003	 -6.3091454162012178e+003	
  1.8780000000000000e+004	 -4.0280383497080311e+002	 -6.2847892351797918e+003	
  1.8810000000000000e+004	  2.3989681460434218e+002	 -6.1541543367651566e+003	
  1.8840000000000000e+004	  8.7115418045729359e+002	 -6.2319136119891227e+003	
  1.8870000000000000e+004	  1.3276275115539281e+003	 -6.4710386449085363e+003	
  1.8900000000000000e+004	  1.3241004033656002e+003	 -7.0080849343970322e+003	
