  0.0000000000000000e+000	  2.5419046943687385e+003	 -5.1788538496361462e+003	
  3.0000000000000000e+001	  2.5397179153207512e+003	 -5.1639744635639572e+003	
  6.0000000000000000e+001	  2.5492483509362701e+003	 -5.1581488688835816e+003	
  9.0000000000000000e+001	  2.5479558663314588e+003	 -5.1565904290566596e+003	
  1.2000000000000000e+002	  2.5479754496296346e+003	 -5.1567017467927917e+003	
  1.5000000000000000e+002	  2.5485938634769664e+003	 -5.1561158674426961e+003	
  1.8000000000000000e+002	  2.5491254362269929e+003	 -5.1556312080729122e+003	
  2.1000000000000000e+002	  2.5488754391012658e+003	 -5.1560575285259174e+003	
  2.4000000000000000e+002	  2.5458213105458085e+003	 -5.1554401523080751e+003	
  2.7000000000000000e+002	  2.5440925966682639e+003	 -5.1548630945188315e+003	
  3.0000000000000000e+002	  2.5437380754012379e+003	 -5.1546327832807119e+003	
  3.3000000000000000e+002	  2.5442906323873722e+003	 -5.1549138576555279e+003	
  3.6000000000000000e+002	  2.5457793467438505e+003	 -5.1553341363409245e+003	
  3.9000000000000000e+002	  2.6402024548883173e+003	 -5.1021192626143884e+003	
  4.2000000000000000e+002	  2.6948649082730767e+003	 -5.0523048595633463e+003	
  4.5000000000000000e+002	  2.6275053720477058e+003	 -5.0923090860944440e+003	
  4.8000000000000000e+002	  2.6007069866954985e+003	 -5.1077825190368512e+003	
  5.1000000000000000e+002	  2.4740918749259713e+003	 -5.1797298665087555e+003	
  5.4000000000000000e+002	  2.3312204956419600e+003	 -5.2606525586298985e+003	
  5.7000000000000000e+002	  2.1984637579301284e+003	 -5.2781955730623313e+003	
  6.0000000000000000e+002	  2.1569991522994610e+003	 -5.1971655124367562e+003	
  6.3000000000000000e+002	  2.1708730146707267e+003	 -5.1729112288072956e+003	
  6.6000000000000000e+002	  2.1688034002496911e+003	 -5.1508019403925045e+003	
  6.9000000000000000e+002	  2.1457633562865949e+003	 -5.1435802436638023e+003	
  7.2000000000000000e+002	  2.1349069841538567e+003	 -5.1445681824946187e+003	
  7.5000000000000000e+002	  2.1321286336241697e+003	 -5.1455993312875917e+003	
  7.8000000000000000e+002	  2.1302927197768395e+003	 -5.1458483298842766e+003	
  8.1000000000000000e+002	  2.1293380441640174e+003	 -5.1457091830275431e+003	
  8.4000000000000000e+002	  2.1286281579372585e+003	 -5.1456535244975257e+003	
  8.7000000000000000e+002	  2.1266845348626598e+003	 -5.1495032410001559e+003	
  9.0000000000000000e+002	  2.1215853536742293e+003	 -5.1563570226446718e+003	
  9.3000000000000000e+002	  2.1062649725790970e+003	 -5.1722543356886163e+003	
  9.6000000000000000e+002	  2.0899176072144464e+003	 -5.1714961486270395e+003	
  9.9000000000000000e+002	  2.0865000442487139e+003	 -5.1749577510932659e+003	
  1.0200000000000000e+003	  2.0868917080878100e+003	 -5.1764193927621227e+003	
  1.0500000000000000e+003	  2.0868917080878100e+003	 -5.1785973357113789e+003	
  1.0800000000000000e+003	  2.0851781859852163e+003	 -5.1805931790805153e+003	
  1.1100000000000000e+003	  2.0858554345374082e+003	 -5.1802484052504960e+003	
  1.1400000000000000e+003	  2.0841419157870678e+003	 -5.1786714129812954e+003	
  1.1700000000000000e+003	  2.0820204149127226e+003	 -5.1798803214135742e+003	
  1.2000000000000000e+003	  2.0798173176135761e+003	 -5.1816464099861469e+003	
  1.2300000000000000e+003	  2.0776142203144304e+003	 -5.1834124985587205e+003	
  1.2600000000000000e+003	  2.0745434839694699e+003	 -5.1863677530291361e+003	
  1.2900000000000000e+003	  2.0667537679353140e+003	 -5.1871655261618962e+003	
  1.3200000000000000e+003	  2.0701236887982332e+003	 -5.1964141214692254e+003	
  1.3500000000000000e+003	  2.0624312099170365e+003	 -5.1944104136157293e+003	
  1.3800000000000000e+003	  2.0460936117926240e+003	 -5.1953287798571819e+003	
  1.4100000000000000e+003	  2.0523741850472406e+003	 -5.1956097228890467e+003	
  1.4400000000000000e+003	  2.0438117690151305e+003	 -5.1918563346791179e+003	
  1.4700000000000000e+003	  2.0347997479200656e+003	 -5.1878035276749324e+003	
  1.5000000000000000e+003	  2.0257877268250004e+003	 -5.1837507206707487e+003	
  1.5300000000000000e+003	  2.0298748004478716e+003	 -5.1902253194528685e+003	
  1.5600000000000000e+003	  2.0481307031877286e+003	 -5.1845885992809763e+003	
  1.5900000000000000e+003	  2.0477210163892955e+003	 -5.1836216464009558e+003	
  1.6200000000000000e+003	  2.0493931099572046e+003	 -5.1861391259230877e+003	
  1.6500000000000000e+003	  2.0552432650875730e+003	 -5.1997319902498975e+003	
  1.6800000000000000e+003	  2.0422667503847224e+003	 -5.2195402492284993e+003	
  1.7100000000000000e+003	  2.0312757444673480e+003	 -5.2319521063130060e+003	
  1.7400000000000000e+003	  2.0209184692234505e+003	 -5.2391135054674114e+003	
  1.7700000000000000e+003	  2.0241801404238088e+003	 -5.2485012475781878e+003	
  1.8000000000000000e+003	  2.0101912878478443e+003	 -5.2563811494072206e+003	
  1.8300000000000000e+003	  1.9876707415667202e+003	 -5.2821864771345590e+003	
  1.8600000000000000e+003	  2.0050344082373424e+003	 -5.3042618388504279e+003	
  1.8900000000000000e+003	  2.0151088184026121e+003	 -5.3335042213011911e+003	
  1.9200000000000000e+003	  2.0399073636617143e+003	 -5.3553085778828745e+003	
  1.9500000000000000e+003	  2.0674065370877011e+003	 -5.3594101846654776e+003	
  1.9800000000000000e+003	  2.0652523977914707e+003	 -5.3690947742316221e+003	
  2.0100000000000000e+003	  2.0802334574422207e+003	 -5.3522858899153498e+003	
  2.0400000000000000e+003	  2.0834551916255705e+003	 -5.3527706584080770e+003	
  2.0700000000000000e+003	  2.0866769258089203e+003	 -5.3532554269008033e+003	
  2.1000000000000000e+003	  2.0840963177515328e+003	 -5.3516376323865170e+003	
  2.1300000000000000e+003	  2.0769565539232644e+003	 -5.3525678944009287e+003	
  2.1600000000000000e+003	  2.0709660491943764e+003	 -5.3588077626729937e+003	
  2.1900000000000000e+003	  2.0714394280463544e+003	 -5.3638002529472869e+003	
  2.2200000000000000e+003	  2.0741938562911255e+003	 -5.3855595839067046e+003	
  2.2500000000000000e+003	  2.0811986238587710e+003	 -5.4060440977605776e+003	
  2.2800000000000000e+003	  2.0823288489103984e+003	 -5.4239518390406638e+003	
  2.3100000000000000e+003	  2.0793522181055246e+003	 -5.4515065317857307e+003	
  2.3400000000000000e+003	  2.0841990322934284e+003	 -5.4710612354913528e+003	
  2.3700000000000000e+003	  2.0678961144527825e+003	 -5.4798552872495047e+003	
  2.4000000000000000e+003	  2.0715033183646033e+003	 -5.4871532359612747e+003	
  2.4300000000000000e+003	  2.0821514489843580e+003	 -5.4847859800074875e+003	
  2.4600000000000000e+003	  2.0875079979079619e+003	 -5.4803169262390038e+003	
  2.4900000000000000e+003	  2.0928645468315658e+003	 -5.4758478724705210e+003	
  2.5200000000000000e+003	  2.0949452515149637e+003	 -5.4771975914090881e+003	
  2.5500000000000000e+003	  2.0950921236191102e+003	 -5.4739415658944818e+003	
  2.5800000000000000e+003	  2.0921494688710945e+003	 -5.4732302319115870e+003	
  2.6100000000000000e+003	  2.0872663405208596e+003	 -5.4758026980999439e+003	
  2.6400000000000000e+003	  2.0819022782681582e+003	 -5.4793842049664481e+003	
  2.6700000000000000e+003	  2.0782992277582957e+003	 -5.4821491486201558e+003	
  2.7000000000000000e+003	  2.0769990387583011e+003	 -5.4838462788417446e+003	
  2.7300000000000000e+003	  2.0775071620129129e+003	 -5.4854278483066191e+003	
  2.7600000000000000e+003	  2.0807277536494357e+003	 -5.4868360766364231e+003	
  2.7900000000000000e+003	  2.0839483452859577e+003	 -5.4882443049662261e+003	
  2.8200000000000000e+003	  2.0779010616119822e+003	 -5.4844906447179901e+003	
  2.8500000000000000e+003	  2.0825708741973212e+003	 -5.4939097837879353e+003	
  2.8800000000000000e+003	  2.0857078197208966e+003	 -5.4931748837133364e+003	
  2.9100000000000000e+003	  2.0883782404865442e+003	 -5.4893496238990920e+003	
  2.9400000000000000e+003	  2.0884696907377838e+003	 -5.4859449182478347e+003	
  2.9700000000000000e+003	  2.0883769288094231e+003	 -5.4825702521796475e+003	
  3.0000000000000000e+003	  2.0882841668810620e+003	 -5.4791955861114611e+003	
  3.0300000000000000e+003	  2.0895718560964388e+003	 -5.4779318307611093e+003	
  3.0600000000000000e+003	  2.0955835833319998e+003	 -5.4798552869519317e+003	
  3.0900000000000000e+003	  2.1055445954108527e+003	 -5.4899072205678094e+003	
  3.1200000000000000e+003	  2.1072350755518432e+003	 -5.4845567963926433e+003	
  3.1500000000000000e+003	  2.1009262506811606e+003	 -5.4886122320667910e+003	
  3.1800000000000000e+003	  2.1076008195501076e+003	 -5.4843636295146325e+003	
  3.2100000000000000e+003	  2.0957530514948626e+003	 -5.4850037024563644e+003	
  3.2400000000000000e+003	  2.1117328501826887e+003	 -5.4916882946894239e+003	
  3.2700000000000000e+003	  2.0793848556976982e+003	 -5.4767384082921089e+003	
  3.3000000000000000e+003	  2.0873744515206877e+003	 -5.4806112078463657e+003	
  3.3300000000000000e+003	  2.1009004438114080e+003	 -5.4866689289289670e+003	
  3.3600000000000000e+003	  2.1157223604163373e+003	 -5.4920259561620815e+003	
  3.3900000000000000e+003	  2.1207704437351827e+003	 -5.5101335380150749e+003	
  3.4200000000000000e+003	  2.1364956603239175e+003	 -5.5165899301665013e+003	
  3.4500000000000000e+003	  2.1124031263604525e+003	 -5.4981517699576998e+003	
  3.4800000000000000e+003	  2.1099696190881355e+003	 -5.5097139572816468e+003	
  3.5100000000000000e+003	  2.1217635850510064e+003	 -5.5113739284150242e+003	
  3.5400000000000000e+003	  2.1195674834355527e+003	 -5.5037606336678991e+003	
  3.5700000000000000e+003	  2.1027819819763172e+003	 -5.5108570994898309e+003	
  3.6000000000000000e+003	  2.0981080879823171e+003	 -5.5226893398704888e+003	
  3.6300000000000000e+003	  2.1240604018375357e+003	 -5.5298144010052820e+003	
  3.6600000000000000e+003	  2.1380035573897408e+003	 -5.5441965711331022e+003	
  3.6900000000000000e+003	  2.1337010407115604e+003	 -5.5359656525601531e+003	
  3.7200000000000000e+003	  2.1443093132169247e+003	 -5.5406789508771017e+003	
  3.7500000000000000e+003	  2.1380361967935914e+003	 -5.5409219928682724e+003	
  3.7800000000000000e+003	  2.1351106035017879e+003	 -5.5460181232144596e+003	
  3.8100000000000000e+003	  2.1281684980135697e+003	 -5.5385193985747619e+003	
  3.8400000000000000e+003	  2.1272328629391818e+003	 -5.5434173499870003e+003	
  3.8700000000000000e+003	  2.1225962784401418e+003	 -5.5395932808605348e+003	
  3.9000000000000000e+003	  2.1357515048178484e+003	 -5.5418589117660340e+003	
  3.9300000000000000e+003	  2.1547960556058206e+003	 -5.5563301334439620e+003	
  3.9600000000000000e+003	  2.1423957661965865e+003	 -5.5507483772204814e+003	
  3.9900000000000000e+003	  2.1472837649846820e+003	 -5.5423165474051075e+003	
  4.0200000000000000e+003	  2.1479909317420011e+003	 -5.5425268128870894e+003	
  4.0500000000000000e+003	  2.1479909317420011e+003	 -5.5425268128870894e+003	
  4.0800000000000000e+003	  2.1479909317420011e+003	 -5.5425268128870894e+003	
  4.1100000000000000e+003	  2.1479909317420011e+003	 -5.5425268128870894e+003	
  4.1400000000000000e+003	  2.1479909317420011e+003	 -5.5425268128870894e+003	
  4.1700000000000000e+003	  2.1479909317420011e+003	 -5.5425268128870894e+003	
  4.2000000000000000e+003	  2.1479909317420011e+003	 -5.5425268128870894e+003	
  4.2300000000000000e+003	  2.1479909317420011e+003	 -5.5425268128870894e+003	
  4.2600000000000000e+003	  2.1479909317420011e+003	 -5.5425268128870894e+003	
  4.2900000000000000e+003	  2.1479909317420011e+003	 -5.5425268128870894e+003	
  4.3200000000000000e+003	  2.1232101695718407e+003	 -5.5525453528300741e+003	
  4.3500000000000000e+003	  2.1170888245380002e+003	 -5.5625193651905338e+003	
  4.3800000000000000e+003	  2.0879687759390931e+003	 -5.5521066327722256e+003	
  4.4100000000000000e+003	  2.0850453009037751e+003	 -5.5463871325110713e+003	
  4.4400000000000000e+003	  2.0753376856288060e+003	 -5.5250500288978847e+003	
  4.4700000000000000e+003	  2.0753376856288060e+003	 -5.5250500288978847e+003	
  4.5000000000000000e+003	  2.0753376856288060e+003	 -5.5250500288978847e+003	
  4.5300000000000000e+003	  2.0753376856288060e+003	 -5.5250500288978847e+003	
  4.5600000000000000e+003	  2.0753376856288060e+003	 -5.5250500288978847e+003	
  4.5900000000000000e+003	  2.0753376856288060e+003	 -5.5250500288978847e+003	
  4.6200000000000000e+003	  2.0753376856288060e+003	 -5.5250500288978847e+003	
  4.6500000000000000e+003	  2.0753376856288060e+003	 -5.5250500288978847e+003	
  4.6800000000000000e+003	  2.0753376856288060e+003	 -5.5250500288978847e+003	
  4.7100000000000000e+003	  2.0753376856288060e+003	 -5.5250500288978847e+003	
  4.7400000000000000e+003	  2.0753376856288060e+003	 -5.5250500288978847e+003	
  4.7700000000000000e+003	  2.0753376856288060e+003	 -5.5250500288978847e+003	
  4.8000000000000000e+003	  2.0753376856288060e+003	 -5.5250500288978847e+003	
  4.8300000000000000e+003	  2.0753376856288060e+003	 -5.5250500288978847e+003	
  4.8600000000000000e+003	  2.0903187446977727e+003	 -5.4718404544751002e+003	
  4.8900000000000000e+003	  2.0903187446977727e+003	 -5.4718404544751002e+003	
  4.9200000000000000e+003	  2.0903187446977727e+003	 -5.4718404544751002e+003	
  4.9500000000000000e+003	  2.0903187446977727e+003	 -5.4718404544751002e+003	
  4.9800000000000000e+003	  2.0903187446977727e+003	 -5.4718404544751002e+003	
  5.0100000000000000e+003	  2.0903187446977727e+003	 -5.4718404544751002e+003	
  5.0400000000000000e+003	  2.0903187446977727e+003	 -5.4718404544751002e+003	
  5.0700000000000000e+003	  2.0903187446977727e+003	 -5.4718404544751002e+003	
  5.1000000000000000e+003	  2.0903187446977727e+003	 -5.4718404544751002e+003	
  5.1300000000000000e+003	  2.0903187446977727e+003	 -5.4718404544751002e+003	
  5.1600000000000000e+003	  2.0903187446977727e+003	 -5.4718404544751002e+003	
  5.1900000000000000e+003	  2.0658143928471068e+003	 -5.4720231330341303e+003	
  5.2200000000000000e+003	  2.0634409604494940e+003	 -5.4700176378927990e+003	
  5.2500000000000000e+003	  2.0567011155973346e+003	 -5.4695505052490907e+003	
  5.2800000000000000e+003	  2.0533943236812947e+003	 -5.4925337183037118e+003	
  5.3100000000000000e+003	  2.0440047508814453e+003	 -5.5106901232323980e+003	
  5.3400000000000000e+003	  2.0241279194980291e+003	 -5.4974211249625077e+003	
  5.3700000000000000e+003	  2.0234084516910516e+003	 -5.5006619046301130e+003	
  5.4000000000000000e+003	  2.0172738393704412e+003	 -5.5008942189976569e+003	
  5.4300000000000000e+003	  2.0230608916744548e+003	 -5.5064914710758785e+003	
  5.4600000000000000e+003	  2.0074741367291044e+003	 -5.4976521080317834e+003	
  5.4900000000000000e+003	  2.0143363744520627e+003	 -5.5074619270213907e+003	
  5.5200000000000000e+003	  2.0147112759142078e+003	 -5.5059897332784585e+003	
  5.5500000000000000e+003	  2.0148171311769481e+003	 -5.5042146771105481e+003	
  5.5800000000000000e+003	  2.0149229864396884e+003	 -5.5024396209426377e+003	
  5.6100000000000000e+003	  2.0146048543733248e+003	 -5.5006392668697381e+003	
  5.6400000000000000e+003	  2.0086762787836053e+003	 -5.4985781584596352e+003	
  5.6700000000000000e+003	  2.0121836966328565e+003	 -5.4992261236965223e+003	
  5.7000000000000000e+003	  2.0156911144821081e+003	 -5.4998740889334103e+003	
  5.7300000000000000e+003	  2.0135564284711318e+003	 -5.5078342648753523e+003	
  5.7600000000000000e+003	  2.0099057035231162e+003	 -5.5106622938405380e+003	
  5.7900000000000000e+003	  2.0249112417067336e+003	 -5.5043079431419392e+003	
  5.8200000000000000e+003	  2.0173895557520120e+003	 -5.4833769551360792e+003	
  5.8500000000000000e+003	  2.0203205136953090e+003	 -5.4806002554781508e+003	
  5.8800000000000000e+003	  2.0229376329288066e+003	 -5.4782898905548809e+003	
  5.9100000000000000e+003	  2.0240121988242220e+003	 -5.4766372104297825e+003	
  5.9400000000000000e+003	  2.0244928745059569e+003	 -5.4740263180237225e+003	
  5.9700000000000000e+003	  2.0243337391933187e+003	 -5.4737396610045753e+003	
  6.0000000000000000e+003	  2.0228949818919348e+003	 -5.4781014747592535e+003	
  6.0300000000000000e+003	  2.0221518068110722e+003	 -5.4782057700890546e+003	
  6.0600000000000000e+003	  2.0221206533093803e+003	 -5.4740946265983230e+003	
  6.0900000000000000e+003	  2.0315499065967849e+003	 -5.4580519777501131e+003	
  6.1200000000000000e+003	  2.0271763493237970e+003	 -5.4393952314373882e+003	
  6.1500000000000000e+003	  2.0207922653038597e+003	 -5.4263859730388504e+003	
  6.1800000000000000e+003	  2.0087769543609675e+003	 -5.4142153038629176e+003	
  6.2100000000000000e+003	  2.0023058333959691e+003	 -5.4171614966831357e+003	
  6.2400000000000000e+003	  1.9905607295376606e+003	 -5.4145728681500368e+003	
  6.2700000000000000e+003	  1.9905184473103845e+003	 -5.4095585390131910e+003	
  6.3000000000000000e+003	  1.9960528941850716e+003	 -5.4132977808912938e+003	
  6.3300000000000000e+003	  1.9859531425410692e+003	 -5.4200780037892418e+003	
  6.3600000000000000e+003	  1.9880950419529008e+003	 -5.4129537104999608e+003	
  6.3900000000000000e+003	  1.9705147700779810e+003	 -5.4023836457660746e+003	
  6.4200000000000000e+003	  1.9773569824979440e+003	 -5.4006717233211857e+003	
  6.4500000000000000e+003	  1.9620495378254843e+003	 -5.3814509709805825e+003	
  6.4800000000000000e+003	  1.9697283661462288e+003	 -5.3987736241278162e+003	
  6.5100000000000000e+003	  1.9707640110139594e+003	 -5.4032227396634498e+003	
  6.5400000000000000e+003	  1.9690313324207673e+003	 -5.4050840757787191e+003	
  6.5700000000000000e+003	  1.9598562305919631e+003	 -5.3948980767093944e+003	
  6.6000000000000000e+003	  1.9537267258575318e+003	 -5.3895771189072084e+003	
  6.6300000000000000e+003	  1.9584331942877541e+003	 -5.3929388955238010e+003	
  6.6600000000000000e+003	  1.9644060345995026e+003	 -5.3966123598939739e+003	
  6.6900000000000000e+003	  1.9699933197936330e+003	 -5.4005939212196445e+003	
  6.7200000000000000e+003	  1.9701534773895969e+003	 -5.4084224487547935e+003	
  6.7500000000000000e+003	  1.9739886918751606e+003	 -5.4088127142318572e+003	
  6.7800000000000000e+003	  1.9601530698357233e+003	 -5.3891318505404261e+003	
  6.8100000000000000e+003	  1.9496971301131998e+003	 -5.3792931311650627e+003	
  6.8400000000000000e+003	  1.9454230713543900e+003	 -5.3669507078975830e+003	
  6.8700000000000000e+003	  1.9784375984816738e+003	 -5.3848098438339921e+003	
  6.9000000000000000e+003	  1.9701991143409309e+003	 -5.3853128181033790e+003	
  6.9300000000000000e+003	  1.9885155013996759e+003	 -5.4001325997796275e+003	
  6.9600000000000000e+003	  1.9862847996256826e+003	 -5.4095598961968572e+003	
  6.9900000000000000e+003	  1.9701645768795343e+003	 -5.3845542747815052e+003	
  7.0200000000000000e+003	  1.9596715904880070e+003	 -5.3753603343439627e+003	
  7.0500000000000000e+003	  1.9637728487964994e+003	 -5.3875363059307329e+003	
  7.0800000000000000e+003	  1.9623996592714068e+003	 -5.3854381469538048e+003	
  7.1100000000000000e+003	  1.9759208891579881e+003	 -5.3956847178039470e+003	
  7.1400000000000000e+003	  1.9706660936890175e+003	 -5.3919147778055640e+003	
  7.1700000000000000e+003	  1.9716060832905482e+003	 -5.4050279323233726e+003	
  7.2000000000000000e+003	  1.9596693596112555e+003	 -5.3955160047325626e+003	
  7.2300000000000000e+003	  1.9612162150223116e+003	 -5.3941482254852954e+003	
  7.2600000000000000e+003	  1.9627630704333678e+003	 -5.3927804462380282e+003	
  7.2900000000000000e+003	  1.9643099258444240e+003	 -5.3914126669907600e+003	
  7.3200000000000000e+003	  1.9658567812554807e+003	 -5.3900448877434937e+003	
  7.3500000000000000e+003	  1.9674036366665368e+003	 -5.3886771084962265e+003	
  7.3800000000000000e+003	  1.9630286902484977e+003	 -5.4135102959381902e+003	
  7.4100000000000000e+003	  1.9823180293177227e+003	 -5.4064973177224383e+003	
  7.4400000000000000e+003	  1.9693402664702696e+003	 -5.3953295043504131e+003	
  7.4700000000000000e+003	  1.9601309243048595e+003	 -5.4017377600913806e+003	
  7.5000000000000000e+003	  1.9079582585000289e+003	 -5.3080187911902640e+003	
  7.5300000000000000e+003	  1.8683934300822846e+003	 -5.2569427942990160e+003	
  7.5600000000000000e+003	  1.9779118352762587e+003	 -5.4108386848542914e+003	
  7.5900000000000000e+003	  1.9627650715617397e+003	 -5.3851758121594657e+003	
  7.6200000000000000e+003	  1.9736035573254587e+003	 -5.4109500027922286e+003	
  7.6500000000000000e+003	  1.9729784045436234e+003	 -5.4037058279281728e+003	
  7.6800000000000000e+003	  1.9608527944492764e+003	 -5.4055944128132387e+003	
  7.7100000000000000e+003	  1.9578391738545433e+003	 -5.3850131172951214e+003	
  7.7400000000000000e+003	  1.9675328009122366e+003	 -5.3962561449224277e+003	
  7.7700000000000000e+003	  1.9984740758824698e+003	 -5.4214805990323039e+003	
  7.8000000000000000e+003	  1.9694788693320502e+003	 -5.4015158779220101e+003	
  7.8300000000000000e+003	  1.9541306264555599e+003	 -5.3669519186528778e+003	
  7.8600000000000000e+003	  1.9623535911800275e+003	 -5.3826754582277517e+003	
  7.8900000000000000e+003	  1.9570088517351439e+003	 -5.3733248227501499e+003	
  7.9200000000000000e+003	  1.9197745497623553e+003	 -5.3130744420481460e+003	
  7.9500000000000000e+003	  1.9098606167506753e+003	 -5.2653472357625660e+003	
  7.9800000000000000e+003	  1.9862738146622285e+003	 -5.3943934386881947e+003	
  8.0100000000000000e+003	  1.9806454432538146e+003	 -5.3885241686625277e+003	
  8.0400000000000000e+003	  1.9763355589923015e+003	 -5.3834601531088874e+003	
  8.0700000000000000e+003	  1.9720256747307878e+003	 -5.3783961375552481e+003	
  8.1000000000000000e+003	  1.9677157904692749e+003	 -5.3733321220016078e+003	
  8.1300000000000000e+003	  1.9756924193852042e+003	 -5.4151429465123838e+003	
  8.1600000000000000e+003	  1.9614098231769365e+003	 -5.3873507765256481e+003	
  8.1900000000000000e+003	  1.9698174933613273e+003	 -5.3991503898980154e+003	
  8.2200000000000000e+003	  1.9530777515299033e+003	 -5.3995594151072082e+003	
  8.2500000000000000e+003	  1.9711801497525878e+003	 -5.4188813452310869e+003	
  8.2800000000000000e+003	  1.9708162321686616e+003	 -5.3988090171414451e+003	
  8.3100000000000000e+003	  1.9829614748223244e+003	 -5.4067040495382344e+003	
  8.3400000000000000e+003	  1.9880280459793728e+003	 -5.4060110387029299e+003	
  8.3700000000000000e+003	  1.9864685556193945e+003	 -5.3966024646569322e+003	
  8.4000000000000000e+003	  1.9827439619210741e+003	 -5.3919203441769132e+003	
  8.4300000000000000e+003	  1.9637486579128217e+003	 -5.3854387422879227e+003	
  8.4600000000000000e+003	  1.9539225579102988e+003	 -5.3710984806325396e+003	
  8.4900000000000000e+003	  1.9527615586617856e+003	 -5.3470062794626865e+003	
  8.5200000000000000e+003	  1.9445838716725573e+003	 -5.3209918707086354e+003	
  8.5500000000000000e+003	  1.9359637145083072e+003	 -5.3050481519468422e+003	
  8.5800000000000000e+003	  1.9191625816236867e+003	 -5.2906162183932493e+003	
  8.6100000000000000e+003	  1.9071943031208184e+003	 -5.2716837481384046e+003	
  8.6400000000000000e+003	  1.8923772717111251e+003	 -5.2506286412699010e+003	
  8.6700000000000000e+003	  1.8788083699041288e+003	 -5.2425198103608618e+003	
  8.7000000000000000e+003	  1.8993836642174372e+003	 -5.2814882164542450e+003	
  8.7300000000000000e+003	  1.8883079851328287e+003	 -5.2649275166224743e+003	
  8.7600000000000000e+003	  1.8772323060482206e+003	 -5.2483668167907035e+003	
  8.7900000000000000e+003	  1.8661566269636119e+003	 -5.2318061169589328e+003	
  8.8200000000000000e+003	  1.8550809478790038e+003	 -5.2152454171271620e+003	
  8.8500000000000000e+003	  1.8336701737593621e+003	 -5.2229215062858075e+003	
  8.8800000000000000e+003	  1.8456672595821972e+003	 -5.2335773349323754e+003	
  8.9100000000000000e+003	  1.8472926574866756e+003	 -5.2463915234967908e+003	
  8.9400000000000000e+003	  1.8627469763875965e+003	 -5.1678520094022488e+003	
  8.9700000000000000e+003	  1.8531240631481030e+003	 -5.1691012342306631e+003	
  9.0000000000000000e+003	  1.8532654971170625e+003	 -5.1767388239801066e+003	
  9.0300000000000000e+003	  1.8532654971170625e+003	 -5.1767388239801066e+003	
  9.0600000000000000e+003	  1.8532654971170625e+003	 -5.1767388239801066e+003	
  9.0900000000000000e+003	  1.8532654971170625e+003	 -5.1767388239801066e+003	
  9.1200000000000000e+003	  1.8532654971170625e+003	 -5.1767388239801066e+003	
  9.1500000000000000e+003	  1.8532654971170625e+003	 -5.1767388239801066e+003	
  9.1800000000000000e+003	  1.8532654971170625e+003	 -5.1767388239801066e+003	
  9.2100000000000000e+003	  1.8532654971170625e+003	 -5.1767388239801066e+003	
  9.2400000000000000e+003	  1.8532654971170625e+003	 -5.1767388239801066e+003	
  9.2700000000000000e+003	  1.8532654971170625e+003	 -5.1767388239801066e+003	
  9.3000000000000000e+003	  1.8532654971170625e+003	 -5.1767388239801066e+003	
  9.3300000000000000e+003	  1.8532654971170625e+003	 -5.1767388239801066e+003	
  9.3600000000000000e+003	  1.8532654971170625e+003	 -5.1767388239801066e+003	
  9.3900000000000000e+003	  1.8532654971170625e+003	 -5.1767388239801066e+003	
  9.4200000000000000e+003	  1.8537183414701785e+003	 -5.2090183373663695e+003	
  9.4500000000000000e+003	  1.8553608882089325e+003	 -5.2340003402153779e+003	
  9.4800000000000000e+003	  1.8491726337302621e+003	 -5.1914326817670762e+003	
  9.5100000000000000e+003	  1.8565795590342227e+003	 -5.1900283726544785e+003	
  9.5400000000000000e+003	  1.8603154088998626e+003	 -5.1865347282705034e+003	
  9.5700000000000000e+003	  1.8473171352601912e+003	 -5.1986311864490435e+003	
  9.6000000000000000e+003	  1.8405446518882909e+003	 -5.2087424900830429e+003	
  9.6300000000000000e+003	  1.8457260104939469e+003	 -5.2180096389216224e+003	
  9.6600000000000000e+003	  1.8482670934379034e+003	 -5.2187670645247927e+003	
  9.6900000000000000e+003	  1.8502136050114009e+003	 -5.1949881232178832e+003	
  9.7200000000000000e+003	  1.8521601165848983e+003	 -5.1712091819109737e+003	
  9.7500000000000000e+003	  1.8457382500044544e+003	 -5.2006580865915039e+003	
  9.7800000000000000e+003	  1.8439512920491734e+003	 -5.1880722972002595e+003	
  9.8100000000000000e+003	  1.8427745593808711e+003	 -5.2044885868280562e+003	
  9.8400000000000000e+003	  1.8363867432539985e+003	 -5.2012709926040297e+003	
  9.8700000000000000e+003	  1.8395083808044019e+003	 -5.2014957471042453e+003	
  9.9000000000000000e+003	  1.8669083796421235e+003	 -5.2782352831235576e+003	
  9.9300000000000000e+003	  1.8632733660396250e+003	 -5.2521652199389709e+003	
  9.9600000000000000e+003	  1.8664840794437187e+003	 -5.2231951610041424e+003	
  9.9900000000000000e+003	  1.8345636508837790e+003	 -5.2104679060749113e+003	
  1.0020000000000000e+004	  1.8513365646563973e+003	 -5.2240819869399547e+003	
  1.0050000000000000e+004	  1.8378857842854534e+003	 -5.2106825885896351e+003	
  1.0080000000000000e+004	  1.8350005064249663e+003	 -5.2050219302515134e+003	
  1.0110000000000000e+004	  1.8439145750945215e+003	 -5.2201524929714978e+003	
  1.0140000000000000e+004	  1.8372073681719514e+003	 -5.2244938598114722e+003	
  1.0170000000000000e+004	  1.8432870254052693e+003	 -5.2295638481205642e+003	
  1.0200000000000000e+004	  1.8516009337861390e+003	 -5.2345123984248376e+003	
  1.0230000000000000e+004	  1.8534123705567940e+003	 -5.2352415259632862e+003	
  1.0260000000000000e+004	  1.8454404237669730e+003	 -5.2270634301506207e+003	
  1.0290000000000000e+004	  1.8405756595662685e+003	 -5.2123380319592743e+003	
  1.0320000000000000e+004	  1.8377278658545783e+003	 -5.2156412216140770e+003	
  1.0350000000000000e+004	  1.8434005187375344e+003	 -5.2277220558960253e+003	
  1.0380000000000000e+004	  1.8477248364490181e+003	 -5.2429082033221684e+003	
  1.0410000000000000e+004	  1.8491429222921004e+003	 -5.2405187243217424e+003	
  1.0440000000000000e+004	  1.8505610081351829e+003	 -5.2381292453213155e+003	
  1.0470000000000000e+004	  1.8519790939782654e+003	 -5.2357397663208894e+003	
  1.0500000000000000e+004	  1.8547929790188375e+003	 -5.2361376288460706e+003	
  1.0530000000000000e+004	  1.8557640286867941e+003	 -5.2378311841899576e+003	
  1.0560000000000000e+004	  1.8554601533130615e+003	 -5.2382227135152507e+003	
  1.0590000000000000e+004	  1.8551562779393284e+003	 -5.2386142428405437e+003	
  1.0620000000000000e+004	  1.8548524025655954e+003	 -5.2390057721658359e+003	
  1.0650000000000000e+004	  1.8545485271918628e+003	 -5.2393973014911289e+003	
  1.0680000000000000e+004	  1.8581286319497121e+003	 -5.2210430299512000e+003	
  1.0710000000000000e+004	  1.8534613300053361e+003	 -5.2136961009715633e+003	
  1.0740000000000000e+004	  1.8581612695122783e+003	 -5.2143640043880805e+003	
  1.0770000000000000e+004	  1.8581612695122783e+003	 -5.2143640043880805e+003	
  1.0800000000000000e+004	  1.8581612695122783e+003	 -5.2143640043880805e+003	
  1.0830000000000000e+004	  1.8581612695122783e+003	 -5.2143640043880805e+003	
  1.0860000000000000e+004	  1.8581612695122783e+003	 -5.2143640043880805e+003	
  1.0890000000000000e+004	  1.8581612695122783e+003	 -5.2143640043880805e+003	
  1.0920000000000000e+004	  1.8581612695122783e+003	 -5.2143640043880805e+003	
  1.0950000000000000e+004	  1.8581612695122783e+003	 -5.2143640043880805e+003	
  1.0980000000000000e+004	  1.8581612695122783e+003	 -5.2143640043880805e+003	
  1.1010000000000000e+004	  1.8581612695122783e+003	 -5.2143640043880805e+003	
  1.1040000000000000e+004	  1.8575680949257844e+003	 -5.2160481986443701e+003	
  1.1070000000000000e+004	  1.8442136919068678e+003	 -5.2539652122399621e+003	
  1.1100000000000000e+004	  1.8802897367201836e+003	 -5.2054780578461132e+003	
  1.1130000000000000e+004	  1.8749023052336365e+003	 -5.2094712626256669e+003	
  1.1160000000000000e+004	  1.8695148737470893e+003	 -5.2134644674052224e+003	
  1.1190000000000000e+004	  1.8641274422605422e+003	 -5.2174576721847770e+003	
  1.1220000000000000e+004	  1.8587400107739950e+003	 -5.2214508769643317e+003	
  1.1250000000000000e+004	  1.8533525792874480e+003	 -5.2254440817438845e+003	
  1.1280000000000000e+004	  1.8479651478009007e+003	 -5.2294372865234400e+003	
  1.1310000000000000e+004	  1.8425777163143537e+003	 -5.2334304913029946e+003	
  1.1340000000000000e+004	  1.8436697850606608e+003	 -5.2485012482027914e+003	
  1.1370000000000000e+004	  1.8302635332383131e+003	 -5.2048185628456649e+003	
  1.1400000000000000e+004	  1.8318220195570254e+003	 -5.1978148616063263e+003	
  1.1430000000000000e+004	  1.8317815032529770e+003	 -5.1939968131609994e+003	
  1.1460000000000000e+004	  1.8493180316593450e+003	 -5.2231870282756745e+003	
  1.1490000000000000e+004	  1.8604240561747638e+003	 -5.1927196906258860e+003	
  1.1520000000000000e+004	  1.8715300806901830e+003	 -5.1622523529760974e+003	
  1.1550000000000000e+004	  1.8872829498849369e+003	 -5.1896423323703339e+003	
  1.1580000000000000e+004	  1.8871181257432152e+003	 -5.1847907607224770e+003	
  1.1610000000000000e+004	  1.8905712763696447e+003	 -5.1878705341986888e+003	
  1.1640000000000000e+004	  1.8931450526980218e+003	 -5.1807144338334201e+003	
  1.1670000000000000e+004	  1.8979149336201911e+003	 -5.1863120950337125e+003	
  1.1700000000000000e+004	  1.8893356778751961e+003	 -5.1867520629871451e+003	
  1.1730000000000000e+004	  1.8932149931919475e+003	 -5.1859781438251603e+003	
  1.1760000000000000e+004	  1.8961582147129739e+003	 -5.1826975636631469e+003	
  1.1790000000000000e+004	  1.8890046302680771e+003	 -5.1931580969287206e+003	
  1.1820000000000000e+004	  1.8795264159413380e+003	 -5.2057703243426595e+003	
  1.1850000000000000e+004	  1.8669736576830808e+003	 -5.2018742252577067e+003	
  1.1880000000000000e+004	  1.8673914302832877e+003	 -5.2063788573229986e+003	
  1.1910000000000000e+004	  1.8719673449413999e+003	 -5.2171469309285058e+003	
  1.1940000000000000e+004	  1.8717715136565880e+003	 -5.2010504785417688e+003	
  1.1970000000000000e+004	  1.8909302998926059e+003	 -5.2121191087434045e+003	
  1.2000000000000000e+004	  1.8882360852832260e+003	 -5.1981558144970768e+003	
  1.2030000000000000e+004	  1.8967713534594100e+003	 -5.1860579556281764e+003	
  1.2060000000000000e+004	  1.9094199938969698e+003	 -5.2946119153809841e+003	
  1.2090000000000000e+004	  1.9020763376627483e+003	 -5.2633259517273427e+003	
  1.2120000000000000e+004	  1.9142668100535502e+003	 -5.2736960185811067e+003	
  1.2150000000000000e+004	  1.9295905751163828e+003	 -5.2798741180263287e+003	
  1.2180000000000000e+004	  1.9539300896987495e+003	 -5.2715638671692350e+003	
  1.2210000000000000e+004	  1.9724155182880756e+003	 -5.2528129301046665e+003	
  1.2240000000000000e+004	  1.9822620789628304e+003	 -5.2240326904273661e+003	
  1.2270000000000000e+004	  1.9753948338310433e+003	 -5.1877592170831085e+003	
  1.2300000000000000e+004	  1.9722653791636722e+003	 -5.1444857253025775e+003	
  1.2330000000000000e+004	  1.9727401211440176e+003	 -5.1046458232774985e+003	
  1.2360000000000000e+004	  1.9592277928758172e+003	 -5.0829491079034215e+003	
  1.2390000000000000e+004	  1.9341436407144527e+003	 -5.0739931421330157e+003	
  1.2420000000000000e+004	  1.9168738083225769e+003	 -5.0394222245645324e+003	
  1.2450000000000000e+004	  1.9136861477721077e+003	 -5.0314855416531618e+003	
  1.2480000000000000e+004	  1.9152573498556558e+003	 -5.0317185321026882e+003	
  1.2510000000000000e+004	  1.9176938473984649e+003	 -5.0423939264604960e+003	
  1.2540000000000000e+004	  1.9263104068060568e+003	 -5.0674402760091562e+003	
  1.2570000000000000e+004	  1.9614620443057054e+003	 -5.0696517751825095e+003	
  1.2600000000000000e+004	  1.9802030564957797e+003	 -5.0918484038079387e+003	
  1.2630000000000000e+004	  1.9821146669768896e+003	 -5.1249249963694456e+003	
  1.2660000000000000e+004	  1.9825196219115048e+003	 -5.1569112836698732e+003	
  1.2690000000000000e+004	  1.9907107808412761e+003	 -5.1809847770759179e+003	
  1.2720000000000000e+004	  2.0043144428389642e+003	 -5.1804450290416662e+003	
  1.2750000000000000e+004	  2.0070605050744787e+003	 -5.1710017124802007e+003	
  1.2780000000000000e+004	  2.0091468592592053e+003	 -5.1749577513623453e+003	
  1.2810000000000000e+004	  1.9914894424386196e+003	 -5.1821562567596284e+003	
  1.2840000000000000e+004	  1.9865283948094930e+003	 -5.2092656804217186e+003	
  1.2870000000000000e+004	  2.0004022569170481e+003	 -5.2385112517000525e+003	
  1.2900000000000000e+004	  2.0320590677090422e+003	 -5.2527127446496906e+003	
  1.2930000000000000e+004	  2.0532806049414389e+003	 -5.2759891497597800e+003	
  1.2960000000000000e+004	  2.0734542528375746e+003	 -5.3015449373881484e+003	
  1.2990000000000000e+004	  2.0866762918867557e+003	 -5.3319593886090342e+003	
  1.3020000000000000e+004	  2.0858023971204666e+003	 -5.3491550964589906e+003	
  1.3050000000000000e+004	  2.0951338820342244e+003	 -5.3575636303256397e+003	
  1.3080000000000000e+004	  2.0973686577795588e+003	 -5.3668684302277607e+003	
  1.3110000000000000e+004	  2.1062661908763030e+003	 -5.3622221522458458e+003	
  1.3140000000000000e+004	  2.1010894421924904e+003	 -5.3740669360072479e+003	
  1.3170000000000000e+004	  2.0989026668805786e+003	 -5.3923785991907935e+003	
  1.3200000000000000e+004	  2.1003795556351720e+003	 -5.4204026788142337e+003	
  1.3230000000000000e+004	  2.0950095073893231e+003	 -5.4182656217237918e+003	
  1.3260000000000000e+004	  2.0996264710261753e+003	 -5.4159265317279869e+003	
  1.3290000000000000e+004	  2.0970504327637950e+003	 -5.4271651930505022e+003	
  1.3320000000000000e+004	  2.1044185671940536e+003	 -5.3970139574554159e+003	
  1.3350000000000000e+004	  2.1181593668421897e+003	 -5.3845678490840073e+003	
  1.3380000000000000e+004	  2.1214044460325122e+003	 -5.3849240637153825e+003	
  1.3410000000000000e+004	  2.1218900843840456e+003	 -5.3872394592494147e+003	
  1.3440000000000000e+004	  2.1228865035254057e+003	 -5.3797441087104589e+003	
  1.3470000000000000e+004	  2.1355339130123884e+003	 -5.4142524095001436e+003	
  1.3500000000000000e+004	  2.1325063078638809e+003	 -5.4319730315985962e+003	
  1.3530000000000000e+004	  2.1257468521838819e+003	 -5.4086712756932284e+003	
  1.3560000000000000e+004	  2.1238608993757070e+003	 -5.3953586506234851e+003	
  1.3590000000000000e+004	  2.1125074680956905e+003	 -5.3830526999686608e+003	
  1.3620000000000000e+004	  2.1083582235402509e+003	 -5.3969567878382832e+003	
  1.3650000000000000e+004	  2.1137858105123719e+003	 -5.3999543468707270e+003	
  1.3680000000000000e+004	  2.1238288621501038e+003	 -5.3986592850999341e+003	
  1.3710000000000000e+004	  2.1209009969944300e+003	 -5.3917663558593013e+003	
  1.3740000000000000e+004	  2.1185806989793377e+003	 -5.3615353294128836e+003	
  1.3770000000000000e+004	  2.1226219365791744e+003	 -5.3506667333297273e+003	
  1.3800000000000000e+004	  2.0968790794517363e+003	 -5.3400410098218645e+003	
  1.3830000000000000e+004	  2.0890164712161063e+003	 -5.4173618670446795e+003	
  1.3860000000000000e+004	  2.0865603014529911e+003	 -5.4364844319062913e+003	
  1.3890000000000000e+004	  2.0961108202969635e+003	 -5.4144864608281778e+003	
  1.3920000000000000e+004	  2.1060713792959386e+003	 -5.3997069756242272e+003	
  1.3950000000000000e+004	  2.1014517315868370e+003	 -5.4085010257986723e+003	
  1.3980000000000000e+004	  2.1077868576431788e+003	 -5.3875734111457741e+003	
  1.4010000000000000e+004	  2.1130742918796414e+003	 -5.3937849048958042e+003	
  1.4040000000000000e+004	  2.1091772580909469e+003	 -5.4068535333967320e+003	
  1.4070000000000000e+004	  2.1188610935178358e+003	 -5.4018776589084428e+003	
  1.4100000000000000e+004	  2.1282772931879022e+003	 -5.3968551370814021e+003	
  1.4130000000000000e+004	  2.1251240980391758e+003	 -5.3947981621054596e+003	
  1.4160000000000000e+004	  2.1249808072976211e+003	 -5.3765530186895048e+003	
  1.4190000000000000e+004	  2.1253063443615411e+003	 -5.3761265433810149e+003	
  1.4220000000000000e+004	  2.1130605572462700e+003	 -5.3887906703901972e+003	
  1.4250000000000000e+004	  2.1008147701309990e+003	 -5.4014547973993804e+003	
  1.4280000000000000e+004	  2.1121538863516816e+003	 -5.4186308827894891e+003	
  1.4310000000000000e+004	  2.1146801038229128e+003	 -5.3987273847520046e+003	
  1.4340000000000000e+004	  2.1133629283578907e+003	 -5.4067998109011623e+003	
  1.4370000000000000e+004	  2.1200041489484929e+003	 -5.3981606351960818e+003	
  1.4400000000000000e+004	  2.1292344592112931e+003	 -5.3959292240463183e+003	
  1.4430000000000000e+004	  2.1392527532873710e+003	 -5.3956480021090420e+003	
  1.4460000000000000e+004	  2.1492710473634493e+003	 -5.3953667801717647e+003	
  1.4490000000000000e+004	  2.1537867725808496e+003	 -5.3886266426241982e+003	
  1.4520000000000000e+004	  2.1546341185591323e+003	 -5.3775805613364373e+003	
  1.4550000000000000e+004	  2.0192566246554720e+003	 -5.4459870590403480e+003	
  1.4580000000000000e+004	  2.0374622193103837e+003	 -5.4235288341827172e+003	
  1.4610000000000000e+004	  2.0734950961421450e+003	 -5.3928862730829824e+003	
  1.4640000000000000e+004	  2.0825554542327668e+003	 -5.3871758497727615e+003	
  1.4670000000000000e+004	  2.1370244035894111e+003	 -5.3883711832743666e+003	
  1.4700000000000000e+004	  2.1268144967676635e+003	 -5.3991503901268743e+003	
  1.4730000000000000e+004	  2.1285057630386509e+003	 -5.4023414800003666e+003	
  1.4760000000000000e+004	  2.1412420220464896e+003	 -5.3941988393965621e+003	
  1.4790000000000000e+004	  2.1348651122777119e+003	 -5.3655384843600077e+003	
  1.4820000000000000e+004	  2.0827554429990478e+003	 -5.4134741923627662e+003	
  1.4850000000000000e+004	  2.0868043763729779e+003	 -5.4730438837366555e+003	
  1.4880000000000000e+004	  2.0786216179421617e+003	 -5.4560505532844554e+003	
  1.4910000000000000e+004	  2.0936968285712333e+003	 -5.4178516626258834e+003	
  1.4940000000000000e+004	  2.1073070734573394e+003	 -5.4105047329150993e+003	
  1.4970000000000000e+004	  2.1673673076106465e+003	 -5.4262746563816627e+003	
  1.5000000000000000e+004	  2.1912052071667053e+003	 -5.4229118191220650e+003	
  1.5030000000000000e+004	  2.1932023166235372e+003	 -5.3593230673204234e+003	
  1.5060000000000000e+004	  2.1784845943591540e+003	 -5.3546990863285691e+003	
  1.5090000000000000e+004	  2.1589758186187973e+003	 -5.3757598845309658e+003	
  1.5120000000000000e+004	  2.1414908545550620e+003	 -5.3878474218799729e+003	
  1.5150000000000000e+004	  2.1503726587467481e+003	 -5.3998092669692896e+003	
  1.5180000000000000e+004	  2.1455216298366367e+003	 -5.4153470272500572e+003	
  1.5210000000000000e+004	  2.1243168179806730e+003	 -5.4103377581882523e+003	
  1.5240000000000000e+004	  2.1303253579406392e+003	 -5.3997719091962299e+003	
  1.5270000000000000e+004	  2.1241551421013560e+003	 -5.3986810523721333e+003	
  1.5300000000000000e+004	  2.1161031413705582e+003	 -5.4088473458322524e+003	
  1.5330000000000000e+004	  2.1072581148077284e+003	 -5.4030464881470625e+003	
  1.5360000000000000e+004	  2.0937836900324946e+003	 -5.3944247993058916e+003	
  1.5390000000000000e+004	  2.0957271341809646e+003	 -5.3991176486001486e+003	
  1.5420000000000000e+004	  2.0987188590786077e+003	 -5.3968303066849521e+003	
  1.5450000000000000e+004	  2.1121617201713525e+003	 -5.4136995341901948e+003	
  1.5480000000000000e+004	  2.1189766339780003e+003	 -5.3980038239578871e+003	
  1.5510000000000000e+004	  2.1297334729103159e+003	 -5.3942952517359718e+003	
  1.5540000000000000e+004	  2.1251814141634668e+003	 -5.3786436073060431e+003	
  1.5570000000000000e+004	  2.1040460121735705e+003	 -5.4016129412022701e+003	
  1.5600000000000000e+004	  2.1077707297991801e+003	 -5.4181201328580164e+003	
  1.5630000000000000e+004	  2.1204934158802848e+003	 -5.4274928087155322e+003	
  1.5660000000000000e+004	  2.1389779372512203e+003	 -5.4071299251614337e+003	
  1.5690000000000000e+004	  2.1333496959343038e+003	 -5.4020773743225673e+003	
  1.5720000000000000e+004	  2.1240506103713201e+003	 -5.3948292624047963e+003	
  1.5750000000000000e+004	  2.1187162203564826e+003	 -5.3978645633828892e+003	
  1.5780000000000000e+004	  2.1091844526610976e+003	 -5.3999091630613248e+003	
  1.5810000000000000e+004	  2.1056425106502761e+003	 -5.4009314629005430e+003	
  1.5840000000000000e+004	  2.1184755514412232e+003	 -5.3974875906664456e+003	
  1.5870000000000000e+004	  2.1151035878597413e+003	 -5.3893127405795749e+003	
  1.5900000000000000e+004	  2.1488646389609394e+003	 -5.3472509320466961e+003	
  1.5930000000000000e+004	  2.1674761028685807e+003	 -5.3649760394150162e+003	
  1.5960000000000000e+004	  2.1571483566383199e+003	 -5.3812177350762104e+003	
  1.5990000000000000e+004	  2.1460118558014524e+003	 -5.3893634802545539e+003	
  1.6020000000000000e+004	  2.1339059480358842e+003	 -5.3954015895396033e+003	
  1.6050000000000000e+004	  2.1218000402703155e+003	 -5.4014396988246517e+003	
  1.6080000000000000e+004	  2.1102235539867061e+003	 -5.4071016108777922e+003	
  1.6110000000000000e+004	  2.0995146369152576e+003	 -5.4133433199748806e+003	
  1.6140000000000000e+004	  2.0766245742484907e+003	 -5.4188137603332443e+003	
  1.6170000000000000e+004	  2.0828410989775944e+003	 -5.4248353450526911e+003	
  1.6200000000000000e+004	  2.0988047512247445e+003	 -5.4190390454068238e+003	
  1.6230000000000000e+004	  2.0997911556703307e+003	 -5.4218549555543459e+003	
  1.6260000000000000e+004	  2.1044416052833149e+003	 -5.4120959136591673e+003	
  1.6290000000000000e+004	  2.1009740421017923e+003	 -5.4074991719849304e+003	
  1.6320000000000000e+004	  2.0974595782225974e+003	 -5.4175177109593160e+003	
  1.6350000000000000e+004	  2.0984714098515406e+003	 -5.4213499390320349e+003	
  1.6380000000000000e+004	  2.1085358324967583e+003	 -5.4128095453014212e+003	
  1.6410000000000000e+004	  2.1222951278291098e+003	 -5.4080239530285780e+003	
  1.6440000000000000e+004	  2.1217006402628663e+003	 -5.4055232933249108e+003	
  1.6470000000000000e+004	  2.1073290210474265e+003	 -5.4138519239650059e+003	
  1.6500000000000000e+004	  2.1245958995878404e+003	 -5.3951890366427442e+003	
  1.6530000000000000e+004	  2.1349276645160649e+003	 -5.3921949902637061e+003	
  1.6560000000000000e+004	  2.1436826537272545e+003	 -5.3914249828568800e+003	
  1.6590000000000000e+004	  2.1423434237975334e+003	 -5.3969779109237825e+003	
  1.6620000000000000e+004	  2.1262133897735725e+003	 -5.3934535733181146e+003	
  1.6650000000000000e+004	  2.1113253721479150e+003	 -5.3910071151072470e+003	
  1.6680000000000000e+004	  2.0979506071445817e+003	 -5.3893733875696453e+003	
  1.6710000000000000e+004	  2.0852585494186742e+003	 -5.3892473682876825e+003	
  1.6740000000000000e+004	  2.0947179457458960e+003	 -5.4000250238514209e+003	
  1.6770000000000000e+004	  2.1020685982651612e+003	 -5.4229165902076820e+003	
  1.6800000000000000e+004	  2.0910476731270678e+003	 -5.4159469027944833e+003	
  1.6830000000000000e+004	  2.0834646660411927e+003	 -5.4028238537752932e+003	
  1.6860000000000000e+004	  2.0718780093599162e+003	 -5.3748461554032783e+003	
  1.6890000000000000e+004	  2.0694767478008498e+003	 -5.3472607190212257e+003	
  1.6920000000000000e+004	  2.0718812708492142e+003	 -5.3134918825009809e+003	
  1.6950000000000000e+004	  2.0602695893277582e+003	 -5.2856193155773435e+003	
  1.6980000000000000e+004	  2.0428643232425011e+003	 -5.2629048081105475e+003	
  1.7010000000000000e+004	  2.0200045892057917e+003	 -5.2538444694327973e+003	
  1.7040000000000000e+004	  1.9914111117682876e+003	 -5.2284493275993145e+003	
  1.7070000000000000e+004	  1.9804782518509523e+003	 -5.1916201635500656e+003	
  1.7100000000000000e+004	  1.9768169637511271e+003	 -5.1576125234130577e+003	
  1.7130000000000000e+004	  1.9776238498763141e+003	 -5.1257817841924480e+003	
  1.7160000000000000e+004	  1.9752485366989931e+003	 -5.1065422607443452e+003	
  1.7190000000000000e+004	  1.9630531712536194e+003	 -5.0864049973873462e+003	
  1.7220000000000000e+004	  1.9411935508826261e+003	 -5.0758855323109774e+003	
  1.7250000000000000e+004	  1.9186008526323790e+003	 -5.0578755965346172e+003	
  1.7280000000000000e+004	  1.9137772329098484e+003	 -5.0304681552630773e+003	
  1.7310000000000000e+004	  1.9148156508713712e+003	 -5.0255438389452875e+003	
  1.7340000000000000e+004	  1.9155973069852785e+003	 -5.0227217949985543e+003	
  1.7370000000000000e+004	  1.9041325619789795e+003	 -5.0171101039177984e+003	
  1.7400000000000000e+004	  1.8885919846207412e+003	 -5.0130112491075188e+003	
  1.7430000000000000e+004	  1.8850767132619808e+003	 -5.0110176332211622e+003	
  1.7460000000000000e+004	  1.8820983270220372e+003	 -5.0064756099610267e+003	
  1.7490000000000000e+004	  1.8817480083368805e+003	 -4.9999549012293728e+003	
  1.7520000000000000e+004	  1.8843046902419189e+003	 -5.0133698489082253e+003	
  1.7550000000000000e+004	  1.8769610327359335e+003	 -5.0231880173003847e+003	
  1.7580000000000000e+004	  1.8862070469293726e+003	 -5.0089203452483853e+003	
  1.7610000000000000e+004	  1.9270814912405640e+003	 -5.0243805012648536e+003	
  1.7640000000000000e+004	  1.9177525993156789e+003	 -5.0244570321452056e+003	
  1.7670000000000000e+004	  1.9033358855626523e+003	 -5.0231819452600193e+003	
  1.7700000000000000e+004	  1.9048669285469718e+003	 -5.0279217776420574e+003	
  1.7730000000000000e+004	  1.9021122399797116e+003	 -5.0241453438828121e+003	
  1.7760000000000000e+004	  1.9080981383275300e+003	 -5.0330284484648837e+003	
  1.7790000000000000e+004	  1.9101543622990125e+003	 -5.0332881882904403e+003	
  1.7820000000000000e+004	  1.8988679773363247e+003	 -5.0367167556734694e+003	
  1.7850000000000000e+004	  1.8834560877865406e+003	 -5.0124718908797013e+003	
  1.7880000000000000e+004	  1.8815420757407153e+003	 -5.0094371751143617e+003	
  1.7910000000000000e+004	  1.8850635340693541e+003	 -5.0045312704187681e+003	
  1.7940000000000000e+004	  1.8820091145369609e+003	 -4.9974317132178712e+003	
  1.7970000000000000e+004	  1.8771079057826748e+003	 -5.0041973196453873e+003	
  1.8000000000000000e+004	  1.8709614862860351e+003	 -4.9975463171719066e+003	
  1.8030000000000000e+004	  1.8661547289286691e+003	 -5.0059301296122294e+003	
  1.8060000000000000e+004	  1.8613479715713033e+003	 -5.0143139420525531e+003	
  1.8090000000000000e+004	  1.8565412142139369e+003	 -5.0226977544928777e+003	
  1.8120000000000000e+004	  1.8534435259839986e+003	 -5.0312271354835020e+003	
  1.8150000000000000e+004	  1.8849248197612469e+003	 -5.0462158146079910e+003	
  1.8180000000000000e+004	  1.8992313507588567e+003	 -5.0592250727957307e+003	
  1.8210000000000000e+004	  1.9051302114051850e+003	 -5.0398262125317824e+003	
  1.8240000000000000e+004	  1.8987983461268700e+003	 -5.0416072859111191e+003	
  1.8270000000000000e+004	  1.9145605561642326e+003	 -5.0480562566278077e+003	
  1.8300000000000000e+004	  1.9118733210421346e+003	 -5.0683036017354107e+003	
  1.8330000000000000e+004	  1.8880521787911237e+003	 -5.0491997867500868e+003	
