  0.0000000000000000e+000	 -8.2522458171978229e+001	  1.5233260884125598e+003	
  3.0000000000000000e+001	 -8.2326574201150294e+001	  1.5225468685160497e+003	
  6.0000000000000000e+001	 -8.2130772929008700e+001	  1.5229921362817186e+003	
  9.0000000000000000e+001	 -8.2130772929008700e+001	  1.5231034558640517e+003	
  1.2000000000000000e+002	 -8.2326574201150294e+001	  1.5232147643459723e+003	
  1.5000000000000000e+002	 -8.0662034730911856e+001	  1.5238826697396476e+003	
  1.8000000000000000e+002	 -8.0955727251876581e+001	  1.5237713537333232e+003	
  2.1000000000000000e+002	 -8.1543206644428352e+001	  1.5237713537333232e+003	
  2.4000000000000000e+002	 -7.8507834639955291e+001	  1.5238826697396476e+003	
  2.7000000000000000e+002	 -8.0466224163148595e+001	  1.5236600355226187e+003	
  3.0000000000000000e+002	 -8.1445338157910470e+001	  1.5228808144933541e+003	
  3.3000000000000000e+002	 -8.2228649460007887e+001	  1.5215450152748192e+003	
  3.6000000000000000e+002	 -8.3305725115850521e+001	  1.5232147643459723e+003	
  3.9000000000000000e+002	 -8.2620307994222486e+001	  1.5215450152748192e+003	
  4.2000000000000000e+002	 -8.1934889588150185e+001	  1.5221015980803534e+003	
  4.5000000000000000e+002	 -8.0662034730911856e+001	  1.5228808144933541e+003	
  4.8000000000000000e+002	 -8.1934889588150185e+001	  1.5241053040307550e+003	
  5.1000000000000000e+002	 -8.1347407444758531e+001	  1.5235487180713558e+003	
  5.4000000000000000e+002	 -8.1543206644428352e+001	  1.5236600355226187e+003	
  5.7000000000000000e+002	 -8.1347407444758531e+001	  1.5239939865055135e+003	
  6.0000000000000000e+002	 -8.1641179083612045e+001	  1.5235487180713558e+003	
  6.3000000000000000e+002	 -8.2816151603593028e+001	  1.5238826697396476e+003	
  6.6000000000000000e+002	 -8.2620307994222486e+001	  1.5241053040307550e+003	
  6.9000000000000000e+002	 -7.5766298813341507e+001	  1.5300051082627731e+003	
  7.2000000000000000e+002	 -5.4028992101562743e+001	  1.5301164282584557e+003	
  7.5000000000000000e+002	 -2.6025065160204296e+001	  1.5277787697844608e+003	
  7.8000000000000000e+002	  5.5024566865599649e+000	  1.5242166223152053e+003	
  8.1000000000000000e+002	  3.5857147361400081e+001	  1.5199865723805826e+003	
  8.4000000000000000e+002	  6.8169240261307380e+001	  1.5198752562843147e+003	
  8.7000000000000000e+002	  9.5683551317058033e+001	  1.5303390616638007e+003	
  9.0000000000000000e+002	  9.8620983183050157e+001	  1.5408028735993744e+003	
  9.3000000000000000e+002	  9.7739767799415716e+001	  1.5462574067438568e+003	
  9.6000000000000000e+002	  9.5977298001834328e+001	  1.5507100896295024e+003	
  9.9000000000000000e+002	  9.9991828551744632e+001	  1.5390217984008250e+003	
  1.0200000000000000e+003	  9.9796021483158924e+001	  1.5282240380703245e+003	
  1.0500000000000000e+003	  9.8816787735600528e+001	  1.5374633577828135e+003	
  1.0800000000000000e+003	  9.9698041686033235e+001	  1.5325654027289297e+003	
  1.1100000000000000e+003	  1.0116679249628054e+002	  1.5391331117954289e+003	
  1.1400000000000000e+003	  1.0263551435633796e+002	  1.5400236489573429e+003	
  1.1700000000000000e+003	  1.0762923832129147e+002	  1.5345691103891006e+003	
  1.2000000000000000e+003	  1.0586669862697538e+002	  1.5269995535839694e+003	
  1.2300000000000000e+003	  1.0527926301584699e+002	  1.5448102850360754e+003	
  1.2600000000000000e+003	  1.0762923832129147e+002	  1.5445876497956797e+003	
  1.2900000000000000e+003	  1.0586669862697538e+002	  1.5345691103891006e+003	
  1.3200000000000000e+003	  9.9600146878906926e+001	  1.5413594554320371e+003	
  1.3500000000000000e+003	  1.0018765863676236e+002	  1.5350143831631844e+003	
  1.3800000000000000e+003	  1.0048140729775066e+002	  1.5507100896295024e+003	
  1.4100000000000000e+003	  1.0371259884813301e+002	  1.5410255046652910e+003	
  1.4400000000000000e+003	  1.0782506143732621e+002	  1.5394670682275689e+003	
  1.4700000000000000e+003	  1.3484971409718145e+002	  1.5363501855964296e+003	
  1.5000000000000000e+003	  1.5267032282311825e+002	  1.5283353548185971e+003	
  1.5300000000000000e+003	  1.5306201589639244e+002	  1.5285579905866405e+003	
  1.5600000000000000e+003	  1.5707654904356093e+002	  1.5332333056013556e+003	
  1.5900000000000000e+003	  1.5570571028604218e+002	  1.5343464785266569e+003	
  1.6200000000000000e+003	  1.5570571028604218e+002	  1.5303390616638007e+003	
  1.6500000000000000e+003	  1.5306201589639244e+002	  1.5261090130195844e+003	
  1.6800000000000000e+003	  1.5394324587590020e+002	  1.5238826697396476e+003	
  1.7100000000000000e+003	  1.6138480712806498e+002	  1.5416934041667380e+003	
  1.7400000000000000e+003	  1.8625532140229652e+002	  1.5517119464904761e+003	
  1.7700000000000000e+003	  1.8811572188843019e+002	  1.5464800410704788e+003	
  1.8000000000000000e+003	  1.9222817017810860e+002	  1.5374633577828135e+003	
  1.8300000000000000e+003	  2.1548080195673103e+002	  1.5594042701297783e+003	
  1.8600000000000000e+003	  2.3873343373535340e+002	  1.5813451824767430e+003	
  1.8900000000000000e+003	  2.6198606551397586e+002	  1.6032860948237080e+003	
  1.9200000000000000e+003	  2.9839788387858624e+002	  1.6045541741163811e+003	
  1.9500000000000000e+003	  3.1459309080330650e+002	  1.5787397357546884e+003	
  1.9800000000000000e+003	  2.9762434642246018e+002	  1.6075374720217419e+003	
  2.0100000000000000e+003	  3.1135209523832998e+002	  1.6097081551946658e+003	
  2.0400000000000000e+003	  3.1263479201112506e+002	  1.5943686604996458e+003	
  2.0700000000000000e+003	  2.9845663229592327e+002	  1.5883241419274968e+003	
  2.1000000000000000e+003	  2.9941619592130473e+002	  1.5835820332812900e+003	
  2.1300000000000000e+003	  2.9885808189627221e+002	  1.5901608699940994e+003	
  2.1600000000000000e+003	  3.1396643872610031e+002	  1.6001571457198875e+003	
  2.1900000000000000e+003	  3.2052675835617475e+002	  1.6057341337226985e+003	
  2.2200000000000000e+003	  3.2026239081064966e+002	  1.6030179978851295e+003	
  2.2500000000000000e+003	  3.2518754310492807e+002	  1.5961942578956223e+003	
  2.2800000000000000e+003	  3.3232557393340278e+002	  1.5903501107274801e+003	
  2.3100000000000000e+003	  3.2273965498167456e+002	  1.5923315580438700e+003	
  2.3400000000000000e+003	  3.2805646970685370e+002	  1.5869215482873637e+003	
  2.3700000000000000e+003	  3.3328514861155924e+002	  1.5727508793663685e+003	
  2.4000000000000000e+003	  3.2530503535490504e+002	  1.5748659036011904e+003	
  2.4300000000000000e+003	  3.3356909675372037e+002	  1.5762573649502106e+003	
  2.4600000000000000e+003	  3.4189191617118558e+002	  1.5839048542812129e+003	
  2.4900000000000000e+003	  3.4154920919314316e+002	  1.5999901735809690e+003	
  2.5200000000000000e+003	  3.5020493584994637e+002	  1.5907731179759321e+003	
  2.5500000000000000e+003	  3.3890549190386321e+002	  1.5831033679134139e+003	
  2.5800000000000000e+003	  2.4662999080235977e+002	  1.6012146610846814e+003	
  2.6100000000000000e+003	  2.9741872007706968e+002	  1.5935449114265386e+003	
  2.6400000000000000e+003	  3.0262783411524828e+002	  1.5625319667117251e+003	
  2.6700000000000000e+003	  2.6009336089181204e+002	  1.5390106628324420e+003	
  2.7000000000000000e+003	  2.7804126430308440e+002	  1.5435412718494874e+003	
  2.7300000000000000e+003	  2.8012041128556797e+002	  1.5423640272700659e+003	
  2.7600000000000000e+003	  3.0340135459456553e+002	  1.5764688702015296e+003	
  2.7900000000000000e+003	  2.8323078780335698e+002	  1.5613297452068794e+003	
  2.8200000000000000e+003	  2.4997869104647847e+002	  1.5784948396820298e+003	
  2.8500000000000000e+003	  2.6811264134895976e+002	  1.5829920537916037e+003	
  2.8800000000000000e+003	  2.8304800348088924e+002	  1.6213049228721336e+003	
  2.9100000000000000e+003	  2.4513187095935859e+002	  1.5944243158412708e+003	
  2.9400000000000000e+003	  2.0134409568006504e+002	  1.6009141030194485e+003	
  2.9700000000000000e+003	  1.9924869429174387e+002	  1.6161200219310733e+003	
  3.0000000000000000e+003	  1.7419215266276939e+002	  1.5722054244319550e+003	
  3.0300000000000000e+003	  1.5205345403532078e+002	  1.5560978394218153e+003	
  3.0600000000000000e+003	  1.1813556345125915e+002	  1.5471924702887979e+003	
  3.0900000000000000e+003	  1.0659131210593269e+002	  1.5266655958246261e+003	
  3.1200000000000000e+003	  1.2496025134261336e+002	  1.5148103268153839e+003	
  3.1500000000000000e+003	  1.2789773302231228e+002	  1.5167583771482227e+003	
  3.1800000000000000e+003	  1.2398111292840835e+002	  1.5186396358102734e+003	
  3.2100000000000000e+003	  1.1611848807480014e+002	  1.5225579999796487e+003	
  3.2400000000000000e+003	  1.1768513758778927e+002	  1.5255746897751019e+003	
  3.2700000000000000e+003	  1.1659828642492066e+002	  1.5276785855649218e+003	
  3.3000000000000000e+003	  1.1720536607317965e+002	  1.5238158809982694e+003	
  3.3300000000000000e+003	  1.1818450386529176e+002	  1.5242834109083367e+003	
  3.3600000000000000e+003	  1.1896779926966369e+002	  1.5242054934695334e+003	
  3.3900000000000000e+003	  1.1809640140404846e+002	  1.5217231199854334e+003	
  3.4200000000000000e+003	  1.1839992923839011e+002	  1.5314967609703890e+003	
  3.4500000000000000e+003	  1.1818446595167434e+002	  1.5248399979794726e+003	
  3.4800000000000000e+003	  1.1714661577126427e+002	  1.5313854420360753e+003	
  3.5100000000000000e+003	  1.3026727441561007e+002	  1.5171479911081483e+003	
  3.5400000000000000e+003	  1.3723884756129183e+002	  1.5123836120420481e+003	
  3.5700000000000000e+003	  1.2264942807751754e+002	  1.5226025250524062e+003	
  3.6000000000000000e+003	  1.2664440427821015e+002	  1.5183168162836400e+003	
  3.6300000000000000e+003	  1.2304113888209108e+002	  1.5204763674718949e+003	
  3.6600000000000000e+003	  1.2812294821853612e+002	  1.5107361208879993e+003	
  3.6900000000000000e+003	  1.2858312172244550e+002	  1.5108251747427194e+003	
  3.7200000000000000e+003	  1.3400763190993962e+002	  1.5104800939842994e+003	
  3.7500000000000000e+003	  1.3147162471159132e+002	  1.5099902959114627e+003	
  3.7800000000000000e+003	  1.3318514187418751e+002	  1.5091220227028066e+003	
  3.8100000000000000e+003	  1.3784593526969945e+002	  1.5016860396523261e+003	
  3.8400000000000000e+003	  1.3182414409756706e+002	  1.5020533892254903e+003	
  3.8700000000000000e+003	  1.2199339757849425e+002	  1.5075524537745857e+003	
  3.9000000000000000e+003	  1.2662482355753892e+002	  1.5018975444359671e+003	
  3.9300000000000000e+003	  1.2296277845332338e+002	  1.5131183067375873e+003	
  3.9600000000000000e+003	  1.2619398579991184e+002	  1.4994819655433434e+003	
  3.9900000000000000e+003	  1.3001268169246825e+002	  1.5081313019167669e+003	
  4.0200000000000000e+003	  1.2189548584025492e+002	  1.5106915960633951e+003	
  4.0500000000000000e+003	  1.1893845205792385e+002	  1.5262203297486262e+003	
  4.0800000000000000e+003	  1.1369015883690081e+002	  1.5198975158704111e+003	
  4.1100000000000000e+003	  1.2110238995830855e+002	  1.5125505887115971e+003	
  4.1400000000000000e+003	  1.1950637128555752e+002	  1.5173038310747309e+003	
  4.1700000000000000e+003	  1.2408879127526052e+002	  1.5277119801957301e+003	
  4.2000000000000000e+003	  1.1585411228017583e+002	  1.5237045645597289e+003	
  4.2300000000000000e+003	  1.1132060226936019e+002	  1.5195858309190842e+003	
  4.2600000000000000e+003	  1.2008409129929842e+002	  1.5183168159497516e+003	
  4.2900000000000000e+003	  1.1170249029183790e+002	  1.5220682019000103e+003	
  4.3200000000000000e+003	  1.0919587526204403e+002	  1.5214782252280563e+003	
  4.3500000000000000e+003	  1.1689203321519787e+002	  1.5124392724757504e+003	
  4.3800000000000000e+003	  1.2407902355844733e+002	  1.5183724753089095e+003	
  4.4100000000000000e+003	  1.1340621826363729e+002	  1.5206656080820042e+003	
  4.4400000000000000e+003	  1.1777327187613362e+002	  1.5170144070652548e+003	
  4.4700000000000000e+003	  1.1704869431949537e+002	  1.5200867599971780e+003	
  4.5000000000000000e+003	  1.0884334401710764e+002	  1.5260088245445072e+003	
  4.5300000000000000e+003	  9.8121637477431364e+001	  1.5399679931300593e+003	
  4.5600000000000000e+003	  9.7602676163265571e+001	  1.5430180807856536e+003	
  4.5900000000000000e+003	  1.0259637224354086e+002	  1.5471145511102163e+003	
  4.6200000000000000e+003	  1.0267472688064234e+002	  1.5614076641467589e+003	
  4.6500000000000000e+003	  9.2256488169283557e+001	  1.5160904747490824e+003	
  4.6800000000000000e+003	  1.0851042714959216e+002	  1.5185394512071307e+003	
  4.7100000000000000e+003	  1.0753129803349007e+002	  1.5186507670794572e+003	
  4.7400000000000000e+003	  1.0106889039363203e+002	  1.5111925220557710e+003	
  4.7700000000000000e+003	  9.9012661200683183e+001	  1.5111925220557710e+003	
  4.8000000000000000e+003	  9.7250179611694563e+001	  1.5117491103516559e+003	
  4.8300000000000000e+003	  9.8523072497643966e+001	  1.5088548600393146e+003	
  4.8600000000000000e+003	  1.0028556538053755e+002	  1.5172036458326068e+003	
  4.8900000000000000e+003	  9.8425156183843640e+001	  1.5180941834431339e+003	
  4.9200000000000000e+003	  1.0713965324748990e+002	  1.5183168158006426e+003	
  4.9500000000000000e+003	  9.8425156183843640e+001	  1.5203205222669696e+003	
  4.9800000000000000e+003	  1.0214595828052884e+002	  1.5292258894711442e+003	
  5.0100000000000000e+003	  1.0350697888553887e+002	  1.5296488951038164e+003	
  5.0400000000000000e+003	  9.9776434022733724e+001	  1.5294485243894960e+003	
  5.0700000000000000e+003	  9.9805740090687635e+001	  1.5255190315520408e+003	
  5.1000000000000000e+003	  9.8337026420735455e+001	  1.5243724704182937e+003	
  5.1300000000000000e+003	  1.0084367096431561e+002	  1.5227249748802437e+003	
  5.1600000000000000e+003	  1.0459383920913328e+002	  1.5185171876664820e+003	
  5.1900000000000000e+003	  1.0449594965807384e+002	  1.5197639379780019e+003	
  5.2200000000000000e+003	  1.0369299017460196e+002	  1.5197862035414394e+003	
  5.2500000000000000e+003	  1.0230260586639061e+002	  1.5236711673436891e+003	
  5.2800000000000000e+003	  1.0206764406311372e+002	  1.5192073523801216e+003	
  5.3100000000000000e+003	  9.2589428940515063e+001	  1.5221238617298598e+003	
  5.3400000000000000e+003	  6.9686977031890962e+001	  1.5160236839331126e+003	
  5.3700000000000000e+003	  4.0831218201080432e+001	  1.5224021543090253e+003	
  5.4000000000000000e+003	  7.3917653721870948e+000	  1.5263205167625426e+003	
  5.4300000000000000e+003	 -1.6869806547488256e+001	  1.5214559570233255e+003	
  5.4600000000000000e+003	 -5.7485389465550632e+001	  1.5335895258059488e+003	
  5.4900000000000000e+003	 -8.4686364423498034e+001	  1.5527249308454634e+003	
  5.5200000000000000e+003	 -8.9787745148194247e+001	  1.5564985824699613e+003	
  5.5500000000000000e+003	 -9.0345886503246419e+001	  1.5569549782605641e+003	
  5.5800000000000000e+003	 -9.0649402050186055e+001	  1.5577230698377432e+003	
  5.6100000000000000e+003	 -9.0835448042349029e+001	  1.5575115679904616e+003	
  5.6400000000000000e+003	 -9.1148764928283057e+001	  1.5573668558392933e+003	
  5.6700000000000000e+003	 -9.1530640891997535e+001	  1.5575227001206986e+003	
  5.7000000000000000e+003	 -9.1922314876270178e+001	  1.5573445917686054e+003	
  5.7300000000000000e+003	 -9.2695831428037863e+001	  1.5572889342775634e+003	
  5.7600000000000000e+003	 -9.3204983829318394e+001	  1.5576228856715163e+003	
  5.7900000000000000e+003	 -9.3126673335540971e+001	  1.5578343834220109e+003	
  5.8200000000000000e+003	 -9.3635801608719547e+001	  1.5581238105803445e+003	
  5.8500000000000000e+003	 -9.3077712451660844e+001	  1.5580347577069133e+003	
  5.8800000000000000e+003	 -9.1129181358269221e+001	  1.5564763187109295e+003	
  5.9100000000000000e+003	 -9.0668985544694323e+001	  1.5570996932400419e+003	
  5.9400000000000000e+003	 -9.0345886503246419e+001	  1.5569104515839856e+003	
  5.9700000000000000e+003	 -9.0688571560091447e+001	  1.5573334607150568e+003	
  6.0000000000000000e+003	 -9.0433964134345928e+001	  1.5572778026365063e+003	
  6.0300000000000000e+003	 -9.0199003938266145e+001	  1.5572889342775634e+003	
  6.0600000000000000e+003	 -9.0982337282813532e+001	  1.5579679669255497e+003	
  6.0900000000000000e+003	 -9.1912515723166791e+001	  1.5612852207789294e+003	
  6.1200000000000000e+003	 -9.6876824795728666e+001	  1.5612852207789294e+003	
  6.1500000000000000e+003	 -9.5182909988607037e+001	  1.5591256663455213e+003	
  6.1800000000000000e+003	 -1.0281047715183539e+002	  1.5603056280488140e+003	
  6.2100000000000000e+003	 -1.2678019405413383e+002	  1.5546618522904132e+003	
  6.2400000000000000e+003	 -1.4508061885968078e+002	  1.5318529759751459e+003	
  6.2700000000000000e+003	 -1.7047010482834929e+002	  1.5227806280224227e+003	
  6.3000000000000000e+003	 -2.0081408146717212e+002	  1.5108363072490577e+003	
  6.3300000000000000e+003	 -2.3119725162468029e+002	  1.5030329789418097e+003	
  6.3600000000000000e+003	 -2.5806524723595851e+002	  1.5145988220226816e+003	
  6.3900000000000000e+003	 -2.8274973643534844e+002	  1.5209438985143690e+003	
  6.4200000000000000e+003	 -3.0825668910396678e+002	  1.5116043926955076e+003	
  6.4500000000000000e+003	 -3.1893926613400731e+002	  1.4810589822626864e+003	
  6.4800000000000000e+003	 -3.1959530502005833e+002	  1.4798790210025331e+003	
  6.5100000000000000e+003	 -3.1101792490722863e+002	  1.5079977242602231e+003	
  6.5400000000000000e+003	 -2.8256369744703386e+002	  1.5248066041383997e+003	
  6.5700000000000000e+003	 -2.8422452939192164e+002	  1.5223214141581664e+003	
  6.6000000000000000e+003	 -2.8117551267448681e+002	  1.5289158964925518e+003	
  6.6300000000000000e+003	 -2.7812649595705199e+002	  1.5355103788269375e+003	
  6.6600000000000000e+003	 -2.7390795332480809e+002	  1.5479494271212493e+003	
  6.6900000000000000e+003	 -2.9591933842877722e+002	  1.5249513131887704e+003	
  6.7200000000000000e+003	 -3.1309371758060109e+002	  1.5067175747706635e+003	
  6.7500000000000000e+003	 -3.2290483972259295e+002	  1.4773966463755003e+003	
  6.7800000000000000e+003	 -3.2073111821392098e+002	  1.4790886669689489e+003	
  6.8100000000000000e+003	 -3.2028070726705369e+002	  1.4777306013754528e+003	
  6.8400000000000000e+003	 -3.2564646767684633e+002	  1.4768400625582312e+003	
  6.8700000000000000e+003	 -3.4708996095720244e+002	  1.4719421144768030e+003	
  6.9000000000000000e+003	 -3.8384740388594321e+002	  1.4786656655201282e+003	
  6.9300000000000000e+003	 -3.9957263182565310e+002	  1.4686025982648989e+003	
  6.9600000000000000e+003	 -4.1347662240211400e+002	  1.4679569595085370e+003	
  6.9900000000000000e+003	 -4.1698096628001889e+002	  1.4583286146834598e+003	
  7.0200000000000000e+003	 -4.1481652163833633e+002	  1.4411916401601741e+003	
  7.0500000000000000e+003	 -4.1190997590918926e+002	  1.4282835448126239e+003	
  7.0800000000000000e+003	 -4.1461243312723730e+002	  1.4039273652827212e+003	
  7.1100000000000000e+003	 -4.0909000786901800e+002	  1.4007882208289327e+003	
  7.1400000000000000e+003	 -4.1631615884933080e+002	  1.3868290569092746e+003	
  7.1700000000000000e+003	 -4.1572866933338128e+002	  1.3867400063162813e+003	
  7.2000000000000000e+003	 -4.1572866933338128e+002	  1.3867400063162813e+003	
  7.2300000000000000e+003	 -4.1572866933338128e+002	  1.3867400063162813e+003	
  7.2600000000000000e+003	 -4.1572866933338128e+002	  1.3867400063162813e+003	
  7.2900000000000000e+003	 -4.1572866933338128e+002	  1.3867400063162813e+003	
  7.3200000000000000e+003	 -4.1572866933338128e+002	  1.3867400063162813e+003	
  7.3500000000000000e+003	 -4.1572866933338128e+002	  1.3867400063162813e+003	
  7.3800000000000000e+003	 -4.1572866933338128e+002	  1.3867400063162813e+003	
  7.4100000000000000e+003	 -4.1572866933338128e+002	  1.3867400063162813e+003	
  7.4400000000000000e+003	 -4.1572866933338128e+002	  1.3867400063162813e+003	
  7.4700000000000000e+003	 -4.1572866933338128e+002	  1.3867400063162813e+003	
  7.5000000000000000e+003	 -4.1572866933338128e+002	  1.3867400063162813e+003	
  7.5300000000000000e+003	 -4.1572866933338128e+002	  1.3867400063162813e+003	
  7.5600000000000000e+003	 -4.1572866933338128e+002	  1.3867400063162813e+003	
  7.5900000000000000e+003	 -4.5447974986649029e+002	  1.3924695226741060e+003	
  7.6200000000000000e+003	 -4.9424742107020899e+002	  1.3983493463987531e+003	
  7.6500000000000000e+003	 -5.3401509227392762e+002	  1.4042291701234001e+003	
  7.6800000000000000e+003	 -5.7378276347764631e+002	  1.4101089938480472e+003	
  7.7100000000000000e+003	 -6.1355043468136512e+002	  1.4159888175726946e+003	
  7.7400000000000000e+003	 -6.5331810588508370e+002	  1.4218686412973418e+003	
  7.7700000000000000e+003	 -6.9308577708880262e+002	  1.4277484650219890e+003	
  7.8000000000000000e+003	 -5.1227328942307963e+002	  1.4536415809577979e+003	
  7.8300000000000000e+003	 -5.3763338168538826e+002	  1.4525284104576722e+003	
  7.8600000000000000e+003	 -5.2333772912541360e+002	  1.4751257846611029e+003	
  7.8900000000000000e+003	 -5.2921264957020730e+002	  1.4632148522320440e+003	
  7.9200000000000000e+003	 -5.1457309985115899e+002	  1.4618844769263246e+003	
  7.9500000000000000e+003	 -4.9261377527258679e+002	  1.4598889139677458e+003	
  7.9800000000000000e+003	 -4.7065445069401443e+002	  1.4578933510091670e+003	
  8.0100000000000000e+003	 -4.4869512611544218e+002	  1.4558977880505881e+003	
  8.0400000000000000e+003	 -4.2673580153686987e+002	  1.4539022250920091e+003	
  8.0700000000000000e+003	 -4.2285691599214135e+002	  1.4483651504759496e+003	
  8.1000000000000000e+003	 -4.3345136852878494e+002	  1.4451592191020522e+003	
  8.1300000000000000e+003	 -4.3492010311575797e+002	  1.4530849926473222e+003	
  8.1600000000000000e+003	 -4.2538313723224309e+002	  1.4657306197682997e+003	
  8.1900000000000000e+003	 -4.2322899130173062e+002	  1.4746137236542038e+003	
  8.2200000000000000e+003	 -4.0822834930355123e+002	  1.4779532356106822e+003	
  8.2500000000000000e+003	 -4.1596367095334665e+002	  1.4802908936701158e+003	
  8.2800000000000000e+003	 -4.0756252212926745e+002	  1.4800682629191390e+003	
  8.3100000000000000e+003	 -4.1974321147106423e+002	  1.4922908791789419e+003	
  8.3400000000000000e+003	 -4.3476342714895935e+002	  1.5182722884375230e+003	
  8.3700000000000000e+003	 -4.3971794918011574e+002	  1.5246841520770258e+003	
  8.4000000000000000e+003	 -4.5319111018484034e+002	  1.5186507669865430e+003	
  8.4300000000000000e+003	 -4.5182029406259653e+002	  1.5219234890718174e+003	
  8.4600000000000000e+003	 -4.4933324997458828e+002	  1.5294039963982973e+003	
  8.4900000000000000e+003	 -4.2926058181478766e+002	  1.5428733699659545e+003	
  8.5200000000000000e+003	 -4.2935850181418192e+002	  1.5440310685759744e+003	
  8.5500000000000000e+003	 -4.3582092505638968e+002	  1.5400459142446466e+003	
  8.5800000000000000e+003	 -4.5888979068959787e+002	  1.5252407433776632e+003	
  8.6100000000000000e+003	 -4.5859603948791528e+002	  1.5264652248522209e+003	
  8.6400000000000000e+003	 -4.5595232676755404e+002	  1.5299828460306871e+003	
  8.6700000000000000e+003	 -4.5828271746393682e+002	  1.5230143947046172e+003	
  8.7000000000000000e+003	 -4.5526692185074654e+002	  1.5296934207461213e+003	
  8.7300000000000000e+003	 -4.5514942251285419e+002	  1.5319642957281503e+003	
  8.7600000000000000e+003	 -4.5982978034356540e+002	  1.5289809947247807e+003	
  8.7900000000000000e+003	 -4.6094601446872196e+002	  1.5318752381613108e+003	
  8.8200000000000000e+003	 -4.6145517473425917e+002	  1.5320088186139005e+003	
  8.8500000000000000e+003	 -4.6188600527695826e+002	  1.5306952763187583e+003	
  8.8800000000000000e+003	 -4.5855687658333125e+002	  1.5308065948621745e+003	
  8.9100000000000000e+003	 -4.6321765763481261e+002	  1.5252407390649655e+003	
  8.9400000000000000e+003	 -4.5804771869762408e+002	  1.5294262611923200e+003	
  8.9700000000000000e+003	 -4.5871354559443353e+002	  1.5291813658451742e+003	
  9.0000000000000000e+003	 -4.6862259221538227e+002	  1.5344577953125936e+003	
  9.0300000000000000e+003	 -4.6319807376169257e+002	  1.5292704198283468e+003	
  9.0600000000000000e+003	 -4.5747981254473115e+002	  1.5280459319980284e+003	
  9.0900000000000000e+003	 -4.5624607613753244e+002	  1.5288251501404418e+003	
  9.1200000000000000e+003	 -4.5385693566979842e+002	  1.5317639220677570e+003	
  9.1500000000000000e+003	 -4.5450318291186011e+002	  1.5289142045510453e+003	
  9.1800000000000000e+003	 -4.5922271008598011e+002	  1.5244837870156141e+003	
  9.2100000000000000e+003	 -4.5313236750544922e+002	  1.5256192184344432e+003	
  9.2400000000000000e+003	 -4.5663773909320781e+002	  1.5267101253665198e+003	
  9.2700000000000000e+003	 -4.5941853356672652e+002	  1.5256860073507935e+003	
  9.3000000000000000e+003	 -4.6212100201973283e+002	  1.5251739467325424e+003	
  9.3300000000000000e+003	 -4.6382473088275555e+002	  1.5246396288733624e+003	
  9.3600000000000000e+003	 -4.6270849823409679e+002	  1.5259531692101968e+003	
  9.3900000000000000e+003	 -4.5287778323045097e+002	  1.5198084644736282e+003	
  9.4200000000000000e+003	 -4.2624479591487568e+002	  1.4947175919803217e+003	
  9.4500000000000000e+003	 -3.9702683009826922e+002	  1.4805135307248729e+003	
  9.4800000000000000e+003	 -3.9295354403970725e+002	  1.4800682601211029e+003	
  9.5100000000000000e+003	 -3.8819484773432578e+002	  1.4812704864657455e+003	
  9.5400000000000000e+003	 -3.6138560741903632e+002	  1.4728994359835638e+003	
  9.5700000000000000e+003	 -3.2768310933511583e+002	  1.4753484140555381e+003	
  9.6000000000000000e+003	 -3.2668438344598997e+002	  1.4686248618082877e+003	
  9.6300000000000000e+003	 -3.3800340627748801e+002	  1.4553558608245469e+003	
  9.6600000000000000e+003	 -3.4248792599624602e+002	  1.4521721972045591e+003	
  9.6900000000000000e+003	 -3.6232559851671294e+002	  1.4435339878235122e+003	
  9.7200000000000000e+003	 -3.7305712606956831e+002	  1.4106286554308033e+003	
  9.7500000000000000e+003	 -3.7816831477099612e+002	  1.3764097763894249e+003	
  9.7800000000000000e+003	 -3.6077853608410624e+002	  1.3526547053592408e+003	
  9.8100000000000000e+003	 -3.3024850724596820e+002	  1.3460424742963901e+003	
  9.8400000000000000e+003	 -2.9233564166881871e+002	  1.3551482137856251e+003	
  9.8700000000000000e+003	 -2.7835332612257372e+002	  1.3831555937129492e+003	
  9.9000000000000000e+003	 -2.6088522257662873e+002	  1.3651444842934047e+003	
  9.9300000000000000e+003	 -2.3292057254892580e+002	  1.3713782436077577e+003	
  9.9600000000000000e+003	 -2.4974243671256528e+002	  1.3849144055754703e+003	
  9.9900000000000000e+003	 -2.8364074889050124e+002	  1.3965581713666415e+003	
  1.0020000000000000e+004	 -2.9509684443009212e+002	  1.3979830299727860e+003	
  1.0050000000000000e+004	 -3.4024477760473269e+002	  1.3710240513921513e+003	
  1.0080000000000000e+004	 -3.5186823209768176e+002	  1.3899236736874268e+003	
  1.0110000000000000e+004	 -3.5139823099739988e+002	  1.4121648276949722e+003	
  1.0140000000000000e+004	 -3.2603814042972760e+002	  1.4240757580187787e+003	
  1.0170000000000000e+004	 -3.1395537408379107e+002	  1.4371443880609700e+003	
  1.0200000000000000e+004	 -3.1636408446371644e+002	  1.4547992789565603e+003	
  1.0230000000000000e+004	 -3.0980376229190506e+002	  1.5040459634260210e+003	
  1.0260000000000000e+004	 -2.8483532616097057e+002	  1.5195635677679904e+003	
  1.0290000000000000e+004	 -2.3599511948095233e+002	  1.5050255531089369e+003	
  1.0320000000000000e+004	 -1.8799696165559425e+002	  1.5135747083639096e+003	
  1.0350000000000000e+004	 -1.5962105054430390e+002	  1.5255301634783609e+003	
  1.0380000000000000e+004	 -1.6896220355861760e+002	  1.5245060465652816e+003	
  1.0410000000000000e+004	 -1.5071074734119753e+002	  1.5284689367335905e+003	
  1.0440000000000000e+004	 -1.4830203516696443e+002	  1.5290923113049223e+003	
  1.0470000000000000e+004	 -1.3994004633194334e+002	  1.5307175404689065e+003	
  1.0500000000000000e+004	 -1.3994004633194334e+002	  1.5312963888799698e+003	
  1.0530000000000000e+004	 -1.4025336756494886e+002	  1.5316080772777750e+003	
  1.0560000000000000e+004	 -1.4041004802035823e+002	  1.5311628095222288e+003	
  1.0590000000000000e+004	 -1.3780549703814569e+002	  1.5310069668018266e+003	
  1.0620000000000000e+004	 -1.3044222966779688e+002	  1.5266433360423639e+003	
  1.0650000000000000e+004	 -1.1969112774842397e+002	  1.5161572665760982e+003	
  1.0680000000000000e+004	 -1.1029123441688384e+002	  1.5030663722528457e+003	
  1.0710000000000000e+004	 -1.1015415464235298e+002	  1.4870589730235297e+003	
  1.0740000000000000e+004	 -1.0884211489411337e+002	  1.4761053713988942e+003	
  1.0770000000000000e+004	 -1.0911627038125201e+002	  1.4663094672385710e+003	
  1.0800000000000000e+004	 -1.0547381255687860e+002	  1.4503243300213071e+003	
  1.0830000000000000e+004	 -1.0008845897030236e+002	  1.4325358589769417e+003	
  1.0860000000000000e+004	 -9.5525592686907970e+001	  1.4125433074741420e+003	
  1.0890000000000000e+004	 -1.1195580952548771e+002	  1.4129440494343382e+003	
  1.0920000000000000e+004	 -1.5139996531445144e+002	  1.4255401166639915e+003	
  1.0950000000000000e+004	 -1.4290974409111914e+002	  1.4209940696212664e+003	
  1.0980000000000000e+004	 -1.3441952286778692e+002	  1.4164480225785417e+003	
  1.1010000000000000e+004	 -1.2592930164445464e+002	  1.4119019755358170e+003	
  1.1040000000000000e+004	 -1.1743908042112240e+002	  1.4073559284930918e+003	
  1.1070000000000000e+004	 -1.0894885919779014e+002	  1.4028098814503671e+003	
  1.1100000000000000e+004	 -1.1600953371259516e+002	  1.4155711319219495e+003	
  1.1130000000000000e+004	 -1.0276930788882191e+002	  1.4083745544851779e+003	
  1.1160000000000000e+004	 -8.1863688167074713e+001	  1.3970115374797497e+003	
  1.1190000000000000e+004	 -6.9832532213212545e+001	  1.3853151463281361e+003	
  1.1220000000000000e+004	 -1.0059761296482073e+002	  1.3669923507009698e+003	
  1.1250000000000000e+004	 -1.1720408129868709e+002	  1.3508513712225333e+003	
  1.1280000000000000e+004	 -1.4385666453764600e+002	  1.3445730887820962e+003	
  1.1310000000000000e+004	 -1.6457558305684310e+002	  1.3475023188440714e+003	
  1.1340000000000000e+004	 -1.4988825498578683e+002	  1.3383425099457775e+003	
  1.1370000000000000e+004	 -1.4944764906828175e+002	  1.3357456392408610e+003	
  1.1400000000000000e+004	 -1.4715642998157006e+002	  1.3365582569322494e+003	
  1.1430000000000000e+004	 -1.3684594224206873e+002	  1.3378384036039115e+003	
  1.1460000000000000e+004	 -1.3737467088444180e+002	  1.3384729084592157e+003	
  1.1490000000000000e+004	 -1.3774675399581125e+002	  1.3391074179686843e+003	
  1.1520000000000000e+004	 -1.3278241932457451e+002	  1.3314154050586490e+003	
  1.1550000000000000e+004	 -1.2926726989915019e+002	  1.3062688710383734e+003	
  1.1580000000000000e+004	 -1.2937497760694106e+002	  1.2755008276059834e+003	
  1.1610000000000000e+004	 -1.3198930072023074e+002	  1.2592151375206035e+003	
  1.1640000000000000e+004	 -1.3523033676620599e+002	  1.2372967983060958e+003	
  1.1670000000000000e+004	 -1.4046879854342532e+002	  1.2488960403567221e+003	
  1.1700000000000000e+004	 -1.4372936855501760e+002	  1.2525138448566136e+003	
  1.1730000000000000e+004	 -1.5161158516990943e+002	  1.2577791415929398e+003	
  1.1760000000000000e+004	 -1.5321738283256749e+002	  1.2550630053315358e+003	
  1.1790000000000000e+004	 -1.4565832580531645e+002	  1.2486177437794863e+003	
  1.1820000000000000e+004	 -1.4570729269907949e+002	  1.2433969710818501e+003	
  1.1850000000000000e+004	 -1.4519812467032526e+002	  1.2371075589694385e+003	
  1.1880000000000000e+004	 -1.5453924276782703e+002	  1.2314526473971869e+003	
  1.1910000000000000e+004	 -1.6409579945990677e+002	  1.2415491121414675e+003	
  1.1940000000000000e+004	 -1.7387755126864175e+002	  1.2467142250154859e+003	
  1.1970000000000000e+004	 -1.7221298458076095e+002	  1.2520797102510946e+003	
  1.2000000000000000e+004	 -1.7343691105007755e+002	  1.2514897268565394e+003	
  1.2030000000000000e+004	 -1.7620794098630967e+002	  1.2540054956479585e+003	
  1.2060000000000000e+004	 -1.8220035656604614e+002	  1.2594600320523373e+003	
  1.2090000000000000e+004	 -1.9762204230694979e+002	  1.2706028714773322e+003	
  1.2120000000000000e+004	 -2.0208698535208072e+002	  1.2704025050923233e+003	
  1.2150000000000000e+004	 -2.0768774374558902e+002	  1.2640017712589129e+003	
  1.2180000000000000e+004	 -2.0906837045051975e+002	  1.2488181162626538e+003	
  1.2210000000000000e+004	 -2.1401308433145908e+002	  1.2582578086080987e+003	
  1.2240000000000000e+004	 -2.2191487484613464e+002	  1.2588811834446183e+003	
  1.2270000000000000e+004	 -2.1463974919079925e+002	  1.2580351711925089e+003	
  1.2300000000000000e+004	 -2.1821366155770102e+002	  1.2485620907611622e+003	
  1.2330000000000000e+004	 -2.2448025166961551e+002	  1.2414043959027276e+003	
  1.2360000000000000e+004	 -4.4744348093110909e+002	  1.2448552324884367e+003	
  1.2390000000000000e+004	 -7.7641973488724477e+002	  1.0190373556839540e+003	
  1.2420000000000000e+004	 -7.8870811672959826e+002	  6.6278924676818463e+002	
  1.2450000000000000e+004	 -7.3506025495624317e+002	  2.3461913430080909e+002	
  1.2480000000000000e+004	 -5.7149253691616616e+002	  3.0363329907861420e+001	
  1.2510000000000000e+004	 -4.1176309846946242e+002	 -9.6425879540947239e+000	
  1.2540000000000000e+004	 -3.8795005838193703e+002	 -1.5632462625626749e+001	
  1.2570000000000000e+004	 -3.8896838213261543e+002	 -1.4686398482762797e+001	
  1.2600000000000000e+004	 -2.9785807697769445e+002	 -3.8630847979143788e+001	
  1.2630000000000000e+004	 -5.3262455095189507e+000	 -5.6479504435159100e+000	
  1.2660000000000000e+004	  6.0433931622728927e+001	  8.6778891833240934e+001	
  1.2690000000000000e+004	  6.3400792555242631e+001	  8.6901276301327883e+001	
  1.2720000000000000e+004	  4.5100331992960406e+001	  5.2081266776564576e+001	
  1.2750000000000000e+004	  4.8654696131560932e+001	  6.9082962365151790e+000	
  1.2780000000000000e+004	  4.4835977528804847e+001	 -3.3242972311295048e+001	
  1.2810000000000000e+004	  1.9896740414892047e+001	 -4.6979632941400077e+001	
  1.2840000000000000e+004	  1.7879682687553661e+001	 -5.2489825423060985e+001	
  1.2870000000000000e+004	  1.8506538928323398e+001	 -5.0051978012477647e+001	
  1.2900000000000000e+004	  1.6802743511062140e+001	 -5.0786726073940159e+001	
  1.2930000000000000e+004	  2.3225978600071912e+001	 -5.9714275073019031e+001	
  1.2960000000000000e+004	  2.0758471293090732e+001	 -5.5428543924599843e+001	
  1.2990000000000000e+004	  1.8957007654778128e+001	 -5.5517722895271866e+001	
  1.3020000000000000e+004	  1.2347169658501262e+001	 -5.3113176427264634e+001	
  1.3050000000000000e+004	  1.4344803593396311e+001	 -6.3020442585872537e+001	
  1.3080000000000000e+004	  1.4384041485917397e+001	 -5.8756991275815018e+001	
  1.3110000000000000e+004	  6.6455763855961209e+001	 -1.2375509658916758e+002	
  1.3140000000000000e+004	 -6.3918402099241042e+001	 -1.6880516295948792e+002	
  1.3170000000000000e+004	 -1.9409708682703845e+002	 -2.3922431959550681e+002	
  1.3200000000000000e+004	 -2.0956772367285367e+002	 -2.5670111709561178e+002	
  1.3230000000000000e+004	 -2.1810595344766435e+002	 -2.9112036125924340e+002	
  1.3260000000000000e+004	 -2.1718554944053693e+002	 -3.3545796582425737e+002	
  1.3290000000000000e+004	 -2.1197644861548346e+002	 -3.9116104590790803e+002	
  1.3320000000000000e+004	 -2.0330114555096003e+002	 -4.4740956889424632e+002	
  1.3350000000000000e+004	 -1.9482164838958283e+002	 -5.0083065635196016e+002	
  1.3380000000000000e+004	 -2.0576861530221817e+002	 -5.3435936190215114e+002	
  1.3410000000000000e+004	 -2.0612110973518355e+002	 -5.3035195140217752e+002	
  1.3440000000000000e+004	 -2.0504403680293976e+002	 -5.2941687998477960e+002	
  1.3470000000000000e+004	 -2.0580777177864576e+002	 -5.4047067730320612e+002	
  1.3500000000000000e+004	 -3.3968754780578183e+002	 -5.3816640735902342e+002	
  1.3530000000000000e+004	 -2.8432616508363026e+002	 -7.0607711775179473e+002	
  1.3560000000000000e+004	 -4.9833430488961623e+000	 -1.0065887666170642e+003	
  1.3590000000000000e+004	  3.9154482629981368e+002	 -1.1854976087916646e+003	
  1.3620000000000000e+004	  8.4396306882936437e+002	 -1.3575270553373539e+003	
  1.3650000000000000e+004	  1.0681306450371162e+003	 -1.9248546517885814e+003	
  1.3680000000000000e+004	  1.2683774876276932e+003	 -2.5959631841120054e+003	
  1.3710000000000000e+004	  1.4204303547188483e+003	 -3.2321070142422914e+003	
  1.3740000000000000e+004	  1.3004937487026334e+003	 -3.0352093277537128e+003	
  1.3770000000000000e+004	  1.8629884990848291e+003	 -2.8122300455287050e+003	
  1.3800000000000000e+004	  2.4557391186028426e+003	 -2.4791804149895747e+003	
  1.3830000000000000e+004	  3.1386796340137530e+003	 -2.3761453082463800e+003	
  1.3860000000000000e+004	  3.7600705090485803e+003	 -2.7788015213264598e+003	
  1.3890000000000000e+004	  4.0552169768087988e+003	 -3.4544406567548185e+003	
  1.3920000000000000e+004	  4.2777689480282334e+003	 -4.1648552555233946e+003	
  1.3950000000000000e+004	  4.8638025581807005e+003	 -4.6102794989088889e+003	
  1.3980000000000000e+004	  5.5843621672192266e+003	 -4.9209098659576011e+003	
  1.4010000000000000e+004	  6.3144195672746573e+003	 -5.1648946850653983e+003	
  1.4040000000000000e+004	  7.0813127430553595e+003	 -5.2190504538792793e+003	
  1.4070000000000000e+004	  7.7534237835922031e+003	 -5.2704678213871512e+003	
  1.4100000000000000e+004	  8.0869139173791573e+003	 -5.2970058185799580e+003	
  1.4130000000000000e+004	  8.3909902566991805e+003	 -5.6440146142549293e+003	
  1.4160000000000000e+004	  8.7865783471663344e+003	 -6.1158098777137520e+003	
  1.4190000000000000e+004	  9.0634341967228975e+003	 -6.4690969567402190e+003	
  1.4220000000000000e+004	  9.1085340394670602e+003	 -6.5338612457829204e+003	
  1.4250000000000000e+004	  9.4050806782849941e+003	 -6.9232261965367416e+003	
  1.4280000000000000e+004	  9.7717249644126987e+003	 -7.4659081893612947e+003	
  1.4310000000000000e+004	  9.8319723211240853e+003	 -7.8261080605900306e+003	
  1.4340000000000000e+004	  9.8325402306713404e+003	 -7.9298222023075505e+003	
  1.4370000000000000e+004	  9.8968902436916014e+003	 -8.0045716348066035e+003	
  1.4400000000000000e+004	  1.0385781924955347e+004	 -8.2261594534391097e+003	
  1.4430000000000000e+004	  1.0691121361709524e+004	 -8.7137951405426084e+003	
  1.4460000000000000e+004	  1.0694548401373915e+004	 -9.2958611237721489e+003	
  1.4490000000000000e+004	  1.0790769881485603e+004	 -9.6545582136652083e+003	
  1.4520000000000000e+004	  1.1038182556029453e+004	 -1.0171615010114096e+004	
  1.4550000000000000e+004	  1.1314979644992394e+004	 -1.0750118845359608e+004	
  1.4580000000000000e+004	  1.1686500105263895e+004	 -1.1201342709074690e+004	
  1.4610000000000000e+004	  1.1961329090873975e+004	 -1.1257290683119967e+004	
  1.4640000000000000e+004	  1.2497641186612982e+004	 -1.1209279618042869e+004	
  1.4670000000000000e+004	  1.2921967419371707e+004	 -1.1193005057959768e+004	
  1.4700000000000000e+004	  1.3164464728476752e+004	 -1.1179457767255222e+004	
  1.4730000000000000e+004	  1.3235825480562064e+004	 -1.1039899519175367e+004	
  1.4760000000000000e+004	  1.3195494122527965e+004	 -1.0872857079512123e+004	
  1.4790000000000000e+004	  1.3115830143358897e+004	 -1.0852185494205409e+004	
  1.4820000000000000e+004	  1.3070700930248420e+004	 -1.0809706888635614e+004	
  1.4850000000000000e+004	  1.3069114700692606e+004	 -1.0810731006204427e+004	
  1.4880000000000000e+004	  1.3070896761114747e+004	 -1.0815584431872119e+004	
  1.4910000000000000e+004	  1.3065129543400088e+004	 -1.0811632674629431e+004	
  1.4940000000000000e+004	  1.3065844325956763e+004	 -1.0820693886714467e+004	
  1.4970000000000000e+004	  1.3063367065837787e+004	 -1.0829855283597555e+004	
  1.5000000000000000e+004	  1.3084937831163352e+004	 -1.0810664215949446e+004	
