  0.0000000000000000e+000	 -8.2335059789721754e+002	 -5.9834538453412761e+003	
  3.0000000000000000e+001	 -9.3013436735605967e+002	 -5.8732976247676497e+003	
  6.0000000000000000e+001	 -9.0687245945794712e+002	 -5.7152909527242737e+003	
  9.0000000000000000e+001	 -9.4544414445111386e+002	 -5.6477214732765415e+003	
  1.2000000000000000e+002	 -9.4202409775446529e+002	 -5.6237604672436582e+003	
  1.5000000000000000e+002	 -9.5133182389335343e+002	 -5.5921480478219528e+003	
  1.8000000000000000e+002	 -9.6304030833065110e+002	 -5.5829180553864817e+003	
  2.1000000000000000e+002	 -9.6131343559398044e+002	 -5.5837748599186898e+003	
  2.4000000000000000e+002	 -9.5497256997608054e+002	 -5.5766090389931951e+003	
  2.7000000000000000e+002	 -9.5550378695657389e+002	 -5.5559034183999220e+003	
  3.0000000000000000e+002	 -9.6444673284162775e+002	 -5.5364043727332946e+003	
  3.3000000000000000e+002	 -9.6939522845673253e+002	 -5.5149201729380875e+003	
  3.6000000000000000e+002	 -9.6945347386096182e+002	 -5.4992689886138114e+003	
  3.9000000000000000e+002	 -9.6231786150912501e+002	 -5.4963733085445165e+003	
  4.2000000000000000e+002	 -9.6216203777110195e+002	 -5.4945305916517891e+003	
  4.5000000000000000e+002	 -9.6453811891766156e+002	 -5.4931910756568632e+003	
  4.8000000000000000e+002	 -9.6727975381133979e+002	 -5.4933580512614126e+003	
  5.1000000000000000e+002	 -9.7532933113925151e+002	 -5.4917185091000219e+003	
  5.4000000000000000e+002	 -9.9507166541259460e+002	 -5.4804718117901630e+003	
  5.7000000000000000e+002	 -1.0145541600754331e+003	 -5.4657323784064201e+003	
  6.0000000000000000e+002	 -1.0213197999307597e+003	 -5.4438208640667499e+003	
  6.3000000000000000e+002	 -1.0123833271230794e+003	 -5.4264760868565163e+003	
  6.6000000000000000e+002	 -9.9572091979647939e+002	 -5.4005307213125416e+003	
  6.9000000000000000e+002	 -1.0010531145186599e+003	 -5.3713052114703414e+003	
  7.2000000000000000e+002	 -1.0025127959392621e+003	 -5.3489987616869412e+003	
  7.5000000000000000e+002	 -1.0038017373927549e+003	 -5.3328849097898847e+003	
  7.8000000000000000e+002	 -1.0086065927119108e+003	 -5.3097627594955675e+003	
  8.1000000000000000e+002	 -1.0124930805986385e+003	 -5.3057810314277340e+003	
  8.4000000000000000e+002	 -1.0366104004907609e+003	 -5.3003898586737205e+003	
  8.7000000000000000e+002	 -1.0630475664914416e+003	 -5.2974956143676072e+003	
  9.0000000000000000e+002	 -1.0866451866639572e+003	 -5.2815909686623554e+003	
  9.3000000000000000e+002	 -1.1096471503370210e+003	 -5.2558296233644769e+003	
  9.6000000000000000e+002	 -1.1187313163943857e+003	 -5.2276107382998071e+003	
  9.9000000000000000e+002	 -1.1197744918804513e+003	 -5.2088752154374051e+003	
  1.0200000000000000e+003	 -1.1182944661286683e+003	 -5.2099798228797999e+003	
  1.0500000000000000e+003	 -1.1183697860047632e+003	 -5.2094660519708486e+003	
  1.0800000000000000e+003	 -1.1295379008156563e+003	 -5.1881913902748202e+003	
  1.1100000000000000e+003	 -1.1330244589857696e+003	 -5.1771151821837129e+003	
  1.1400000000000000e+003	 -1.1361903929234006e+003	 -5.1730653598656063e+003	
  1.1700000000000000e+003	 -1.1521355422955462e+003	 -5.1411259149063644e+003	
  1.2000000000000000e+003	 -1.1647327399875419e+003	 -5.1127500458164131e+003	
  1.2300000000000000e+003	 -1.1719569388714485e+003	 -5.0975923662272016e+003	
  1.2600000000000000e+003	 -1.1790283916693377e+003	 -5.0845126074837790e+003	
  1.2900000000000000e+003	 -1.1790283915259181e+003	 -5.0809766520041721e+003	
  1.3200000000000000e+003	 -1.1760209896944250e+003	 -5.0840593875426121e+003	
  1.3500000000000000e+003	 -1.1764163515736780e+003	 -5.0845551689247332e+003	
  1.3800000000000000e+003	 -1.1743774056215507e+003	 -5.0834550936761761e+003	
  1.4100000000000000e+003	 -1.1800565027645991e+003	 -5.0826758753882941e+003	
  1.4400000000000000e+003	 -1.1850231068081798e+003	 -5.0800279487477283e+003	
  1.4700000000000000e+003	 -1.1875855722703930e+003	 -5.0767594900982867e+003	
  1.5000000000000000e+003	 -1.1839777819502885e+003	 -5.0802003938678827e+003	
  1.5300000000000000e+003	 -1.1876939060090019e+003	 -5.0788054658680148e+003	
  1.5600000000000000e+003	 -1.1871253640715752e+003	 -5.0758388506497076e+003	
  1.5900000000000000e+003	 -1.1870854297595736e+003	 -5.0745696050233400e+003	
  1.6200000000000000e+003	 -1.1961321168048469e+003	 -5.0737148481011263e+003	
  1.6500000000000000e+003	 -1.1978952419316734e+003	 -5.0721625932692123e+003	
  1.6800000000000000e+003	 -1.1906719685490593e+003	 -5.0745687324356586e+003	
  1.7100000000000000e+003	 -1.1839372968657558e+003	 -5.0731840563608357e+003	
  1.7400000000000000e+003	 -1.1825323625025637e+003	 -5.0689997753079724e+003	
  1.7700000000000000e+003	 -1.1891912965484883e+003	 -5.0604287459306779e+003	
  1.8000000000000000e+003	 -1.1952095123928646e+003	 -5.0571706842123713e+003	
  1.8300000000000000e+003	 -1.1927673744858130e+003	 -5.0643580281433951e+003	
  1.8600000000000000e+003	 -1.1947717912726091e+003	 -5.0753713530335144e+003	
  1.8900000000000000e+003	 -1.1894563822155994e+003	 -5.0840858911419091e+003	
  1.9200000000000000e+003	 -1.1714644215221970e+003	 -5.0994151845257029e+003	
  1.9500000000000000e+003	 -1.1562369443742691e+003	 -5.1196999430695378e+003	
  1.9800000000000000e+003	 -1.1386382794423780e+003	 -5.1471284763102631e+003	
  2.0100000000000000e+003	 -1.1085456051260669e+003	 -5.1524345905404580e+003	
  2.0400000000000000e+003	 -1.0695099864092961e+003	 -5.1567017467927917e+003	
  2.0700000000000000e+003	 -1.0313089807486861e+003	 -5.1559543318365404e+003	
  2.1000000000000000e+003	 -1.0015039555750247e+003	 -5.1523603795031095e+003	
  2.1300000000000000e+003	 -9.6855918074186513e+002	 -5.1523882089867011e+003	
  2.1600000000000000e+003	 -9.2704303817599634e+002	 -5.1652095525750574e+003	
  2.1900000000000000e+003	 -8.8813797365826440e+002	 -5.1550171475773250e+003	
  2.2200000000000000e+003	 -8.5992201355635802e+002	 -5.1376386941409655e+003	
  2.2500000000000000e+003	 -8.4003653864012745e+002	 -5.1446795000610637e+003	
  2.2800000000000000e+003	 -8.2560265306539338e+002	 -5.1447908166391881e+003	
  2.3100000000000000e+003	 -8.0406126257692836e+002	 -5.1222157085099270e+003	
  2.3400000000000000e+003	 -7.9213063956802341e+002	 -5.1038004356393085e+003	
  2.3700000000000000e+003	 -7.8261125021270971e+002	 -5.0895626936249719e+003	
  2.4000000000000000e+003	 -7.8982855716051176e+002	 -5.0641177248776758e+003	
  2.4300000000000000e+003	 -8.1320505799961563e+002	 -5.0455216519546793e+003	
  2.4600000000000000e+003	 -8.2120676748247763e+002	 -5.0376568971788874e+003	
  2.4900000000000000e+003	 -8.2716504690578211e+002	 -5.0321088728068735e+003	
  2.5200000000000000e+003	 -8.2779596260248104e+002	 -5.0293605509805056e+003	
  2.5500000000000000e+003	 -8.1891642977370589e+002	 -5.0339189854910901e+003	
  2.5800000000000000e+003	 -8.0366347787112204e+002	 -5.0183624211169063e+003	
  2.6100000000000000e+003	 -7.9238134916542606e+002	 -4.9940992683271297e+003	
  2.6400000000000000e+003	 -7.7917675562536897e+002	 -4.9655066759442798e+003	
  2.6700000000000000e+003	 -7.5536716311061639e+002	 -5.0080420408136797e+003	
  2.7000000000000000e+003	 -7.1495822077764956e+002	 -5.0402640605914976e+003	
  2.7300000000000000e+003	 -7.4794173364625624e+002	 -5.1088512958101901e+003	
  2.7600000000000000e+003	 -8.3118383690799658e+002	 -5.1343270091392915e+003	
  2.7900000000000000e+003	 -8.1321635312238254e+002	 -5.0822027778415695e+003	
  2.8200000000000000e+003	 -8.2339955916050451e+002	 -5.0528150639731048e+003	
  2.8500000000000000e+003	 -8.3246761343810022e+002	 -5.0492127178375549e+003	
  2.8800000000000000e+003	 -8.2465805899392353e+002	 -5.0485735554720550e+003	
  2.9100000000000000e+003	 -8.0925077763570960e+002	 -5.0607464068310646e+003	
  2.9400000000000000e+003	 -8.1538028525769437e+002	 -5.0724569655137066e+003	
  2.9700000000000000e+003	 -8.3549910605712591e+002	 -5.0731185079253382e+003	
  3.0000000000000000e+003	 -8.5338265892635286e+002	 -5.0774598735763866e+003	
  3.0300000000000000e+003	 -8.6565006452725265e+002	 -5.0797816307689845e+003	
  3.0600000000000000e+003	 -8.7244294754104499e+002	 -5.0603985403896259e+003	
  3.0900000000000000e+003	 -8.7104194239882588e+002	 -5.0351360516944005e+003	
  3.1200000000000000e+003	 -8.9368651648578850e+002	 -5.0289468219938763e+003	
  3.1500000000000000e+003	 -9.1003839174389577e+002	 -5.0311175051582104e+003	
  3.1800000000000000e+003	 -9.3037216582020142e+002	 -5.0245683497001437e+003	
  3.2100000000000000e+003	 -9.2036846908909331e+002	 -5.0187056486360971e+003	
  3.2400000000000000e+003	 -9.2296890353007041e+002	 -5.0157210590117538e+003	
  3.2700000000000000e+003	 -9.2660880530158545e+002	 -5.0178990021075870e+003	
  3.3000000000000000e+003	 -9.3934661942641003e+002	 -5.0162349204934799e+003	
  3.3300000000000000e+003	 -9.4165201938679274e+002	 -5.0175776348494355e+003	
  3.3600000000000000e+003	 -9.4027192785482976e+002	 -5.0163543191346716e+003	
  3.3900000000000000e+003	 -9.3884728833488089e+002	 -5.0186994648032851e+003	
  3.4200000000000000e+003	 -9.3058757439129636e+002	 -5.0196481337364366e+003	
  3.4500000000000000e+003	 -9.1897480523383149e+002	 -5.0035516792788922e+003	
  3.4800000000000000e+003	 -9.1638983775575878e+002	 -4.9726723174295621e+003	
  3.5100000000000000e+003	 -9.1759043688114184e+002	 -4.9582319197780607e+003	
  3.5400000000000000e+003	 -8.9575905646194610e+002	 -4.9644014564762665e+003	
  3.5700000000000000e+003	 -8.7782421665898983e+002	 -4.9702827104075695e+003	
  3.6000000000000000e+003	 -8.7810313092505862e+002	 -4.9832292256757773e+003	
  3.6300000000000000e+003	 -8.7328746750257449e+002	 -5.0023049289201908e+003	
  3.6600000000000000e+003	 -8.6580138883676193e+002	 -5.0293752242723976e+003	
  3.6900000000000000e+003	 -8.5381736040591193e+002	 -5.0660468131501120e+003	
  3.7200000000000000e+003	 -8.5899181999798736e+002	 -5.0762194836418766e+003	
  3.7500000000000000e+003	 -8.5892654172212985e+002	 -5.0754217109716747e+003	
  3.7800000000000000e+003	 -8.5699974255573363e+002	 -5.0804802410893262e+003	
  3.8100000000000000e+003	 -8.5504255904317893e+002	 -5.0806721671064724e+003	
  3.8400000000000000e+003	 -8.5385125549230418e+002	 -5.0793363622448232e+003	
  3.8700000000000000e+003	 -8.5399213352891672e+002	 -5.0775689195103978e+003	
  3.9000000000000000e+003	 -8.5603036942774986e+002	 -5.0762740058920708e+003	
  3.9300000000000000e+003	 -8.6039976740906752e+002	 -5.0761273589976554e+003	
  3.9600000000000000e+003	 -8.7544160712214580e+002	 -5.0828300065962621e+003	
  3.9900000000000000e+003	 -8.7788949520326798e+002	 -5.0822306063307678e+003	
  4.0200000000000000e+003	 -8.7788949520326798e+002	 -5.0822306063307678e+003	
  4.0500000000000000e+003	 -8.7788949520326798e+002	 -5.0822306063307678e+003	
  4.0800000000000000e+003	 -8.7788949520326798e+002	 -5.0822306063307678e+003	
  4.1100000000000000e+003	 -8.7788949520326798e+002	 -5.0822306063307678e+003	
  4.1400000000000000e+003	 -8.7788949520326798e+002	 -5.0822306063307678e+003	
  4.1700000000000000e+003	 -8.7788949520326798e+002	 -5.0822306063307678e+003	
  4.2000000000000000e+003	 -8.7788949520326798e+002	 -5.0822306063307678e+003	
  4.2300000000000000e+003	 -8.7788949520326798e+002	 -5.0822306063307678e+003	
  4.2600000000000000e+003	 -8.7788949520326798e+002	 -5.0822306063307678e+003	
  4.2900000000000000e+003	 -8.8553014002772875e+002	 -5.0871071930456574e+003	
  4.3200000000000000e+003	 -8.7724760649521397e+002	 -5.0886416475234319e+003	
  4.3500000000000000e+003	 -8.7666555344390054e+002	 -5.0910803165575508e+003	
  4.3800000000000000e+003	 -8.8203458077581331e+002	 -5.1136591344563367e+003	
  4.4100000000000000e+003	 -8.8585327769237654e+002	 -5.1383047401465428e+003	
  4.4400000000000000e+003	 -8.8937823748110134e+002	 -5.1499485094322044e+003	
  4.4700000000000000e+003	 -8.9355020367266820e+002	 -5.1619991309648422e+003	
  4.5000000000000000e+003	 -9.2177106733889821e+002	 -5.1574809662618727e+003	
  4.5300000000000000e+003	 -9.5318646026611202e+002	 -5.1497583423168817e+003	
  4.5600000000000000e+003	 -9.8095092198249949e+002	 -5.1430592178418101e+003	
  4.5900000000000000e+003	 -1.0136002784267283e+003	 -5.1412286696689280e+003	
  4.6200000000000000e+003	 -1.0417999203680108e+003	 -5.1489466551529040e+003	
  4.6500000000000000e+003	 -1.0653877450697339e+003	 -5.1503733700465446e+003	
  4.6800000000000000e+003	 -1.0886185556674363e+003	 -5.1524203191877423e+003	
  4.7100000000000000e+003	 -1.1153800993853763e+003	 -5.1476405343115712e+003	
  4.7400000000000000e+003	 -1.1475184540854254e+003	 -5.1521634337960468e+003	
  4.7700000000000000e+003	 -1.1632225819355142e+003	 -5.1303624077166214e+003	
  4.8000000000000000e+003	 -1.1664292264301912e+003	 -5.1074173100496473e+003	
  4.8300000000000000e+003	 -1.1630503716604662e+003	 -5.1026522351254343e+003	
  4.8600000000000000e+003	 -1.1435279315834321e+003	 -5.0853126992024572e+003	
  4.8900000000000000e+003	 -1.1390299409369297e+003	 -5.0665279384430396e+003	
  4.9200000000000000e+003	 -1.1326164760778333e+003	 -5.0597445527590262e+003	
  4.9500000000000000e+003	 -1.1153588821397830e+003	 -5.0296054480543417e+003	
  4.9800000000000000e+003	 -1.1133978549506678e+003	 -5.0214885756820104e+003	
  5.0100000000000000e+003	 -1.1245154166791594e+003	 -5.0108501529041459e+003	
  5.0400000000000000e+003	 -1.1184573913133802e+003	 -5.0071173426871455e+003	
  5.0700000000000000e+003	 -1.1091811931785558e+003	 -5.0089452870602463e+003	
  5.1000000000000000e+003	 -1.0999049950437313e+003	 -5.0107732314333462e+003	
  5.1300000000000000e+003	 -1.0944049834745610e+003	 -5.0217019339331127e+003	
  5.1600000000000000e+003	 -1.1020179040658338e+003	 -5.0182941122768125e+003	
  5.1900000000000000e+003	 -1.1200686170192685e+003	 -5.0027001045671150e+003	
  5.2200000000000000e+003	 -1.1066832887690789e+003	 -5.0012048543212240e+003	
  5.2500000000000000e+003	 -1.0950040712367379e+003	 -5.0013147927702230e+003	
  5.2800000000000000e+003	 -1.0930214358871158e+003	 -5.0136503672646077e+003	
  5.3100000000000000e+003	 -1.0806233848113138e+003	 -5.0776666061668202e+003	
  5.3400000000000000e+003	 -1.0860968584630575e+003	 -5.0100303361100632e+003	
  5.3700000000000000e+003	 -1.0907576331683247e+003	 -5.0148519573316644e+003	
  5.4000000000000000e+003	 -1.1094295063516490e+003	 -5.0031386719387929e+003	
  5.4300000000000000e+003	 -1.1078109023583213e+003	 -5.0201088499593152e+003	
  5.4600000000000000e+003	 -1.0922753208749218e+003	 -5.0024719048324514e+003	
  5.4900000000000000e+003	 -1.0943696242836866e+003	 -5.0034057316910930e+003	
  5.5200000000000000e+003	 -1.0984929528137504e+003	 -5.0056126368160421e+003	
  5.5500000000000000e+003	 -1.1046942628559216e+003	 -5.0110433218064754e+003	
  5.5800000000000000e+003	 -1.0954651050146242e+003	 -5.0036321708428313e+003	
  5.6100000000000000e+003	 -1.0963388113974606e+003	 -4.9994815223149944e+003	
  5.6400000000000000e+003	 -1.1245007920817175e+003	 -4.9440603971217906e+003	
  5.6700000000000000e+003	 -1.1735187641612961e+003	 -4.8458187765323173e+003	
  5.7000000000000000e+003	 -1.1385704884784379e+003	 -4.7320013226218425e+003	
  5.7300000000000000e+003	 -1.0595150803019330e+003	 -4.6329034143392746e+003	
  5.7600000000000000e+003	 -1.0209765727299518e+003	 -4.5296710764089703e+003	
  5.7900000000000000e+003	 -9.3565959525645303e+002	 -4.5059085864712124e+003	
  5.8200000000000000e+003	 -9.5675592082956564e+002	 -4.5916763884355205e+003	
  5.8500000000000000e+003	 -9.6103927421136393e+002	 -4.6033889711773900e+003	
  5.8800000000000000e+003	 -9.6307591457078593e+002	 -4.6058676313172691e+003	
  5.9100000000000000e+003	 -9.7128245282472858e+002	 -4.6035183764022986e+003	
  5.9400000000000000e+003	 -9.7609254807780542e+002	 -4.6102182742958921e+003	
  5.9700000000000000e+003	 -9.7958078435379764e+002	 -4.6213102282797872e+003	
  6.0000000000000000e+003	 -9.8306902062978963e+002	 -4.6324021822636832e+003	
  6.0300000000000000e+003	 -9.8655725690578186e+002	 -4.6434941362475784e+003	
  6.0600000000000000e+003	 -1.0016741736553464e+003	 -4.7003461645520856e+003	
  6.0900000000000000e+003	 -1.0529949164325310e+003	 -4.7666095241727035e+003	
  6.1200000000000000e+003	 -1.0574011106037628e+003	 -4.9047169380635023e+003	
  6.1500000000000000e+003	 -1.0053998565755450e+003	 -5.0038077102462476e+003	
  6.1800000000000000e+003	 -1.0147165131034290e+003	 -5.0965014585284989e+003	
  6.2100000000000000e+003	 -1.0945640942455902e+003	 -5.0405840973529666e+003	
  6.2400000000000000e+003	 -1.1055232799253306e+003	 -5.0114551941502978e+003	
  6.2700000000000000e+003	 -1.1139915643505331e+003	 -5.0089839550836041e+003	
  6.3000000000000000e+003	 -1.1204490462697463e+003	 -5.0390657648057568e+003	
  6.3300000000000000e+003	 -1.1343478002917484e+003	 -5.0589552133367069e+003	
  6.3600000000000000e+003	 -1.1539522504265710e+003	 -5.0659337839131013e+003	
  6.3900000000000000e+003	 -1.1526574607468663e+003	 -5.0645115438059811e+003	
  6.4200000000000000e+003	 -1.1518496945267173e+003	 -5.0634886077318288e+003	
  6.4500000000000000e+003	 -1.1521135805209633e+003	 -5.0625078350892400e+003	
  6.4800000000000000e+003	 -1.1519901569312826e+003	 -5.0613291834311458e+003	
  6.5100000000000000e+003	 -1.1518667333416020e+003	 -5.0601505317730507e+003	
  6.5400000000000000e+003	 -1.1517433097519215e+003	 -5.0589718801149565e+003	
  6.5700000000000000e+003	 -1.1533313494332654e+003	 -5.0587099577179397e+003	
  6.6000000000000000e+003	 -1.1583423156566575e+003	 -5.0602814938430793e+003	
  6.6300000000000000e+003	 -1.1626485375649281e+003	 -5.0617164560050051e+003	
  6.6600000000000000e+003	 -1.1564495581635676e+003	 -5.0587586016582045e+003	
  6.6900000000000000e+003	 -1.1509658290617494e+003	 -5.0447612706364353e+003	
  6.7200000000000000e+003	 -1.1514757821588755e+003	 -5.0379264013390721e+003	
  6.7500000000000000e+003	 -1.1599768433408942e+003	 -5.0328853260175110e+003	
  6.7800000000000000e+003	 -1.1676940528414050e+003	 -5.0343300031771687e+003	
  6.8100000000000000e+003	 -1.1653039107978113e+003	 -5.0249394068370966e+003	
  6.8400000000000000e+003	 -1.1686275973123750e+003	 -5.0200785590652540e+003	
  6.8700000000000000e+003	 -1.1678461842618115e+003	 -5.0247518719091950e+003	
  6.9000000000000000e+003	 -1.1700000111017139e+003	 -5.0211829997216646e+003	
  6.9300000000000000e+003	 -1.1738014325314559e+003	 -5.0131288799303975e+003	
  6.9600000000000000e+003	 -1.1805193744694625e+003	 -5.0097834140589075e+003	
  6.9900000000000000e+003	 -1.1772169549753110e+003	 -5.0135137045657902e+003	
  7.0200000000000000e+003	 -1.1831897940374758e+003	 -5.0136592733993166e+003	
  7.0500000000000000e+003	 -1.1835123414122145e+003	 -5.0129226163681269e+003	
  7.0800000000000000e+003	 -1.1860783011076173e+003	 -5.0149950783597696e+003	
  7.1100000000000000e+003	 -1.1933997036867540e+003	 -5.0147420853638978e+003	
  7.1400000000000000e+003	 -1.2134607261905278e+003	 -5.0156201667746000e+003	
  7.1700000000000000e+003	 -1.2161128790692276e+003	 -5.0269416294833218e+003	
  7.2000000000000000e+003	 -1.2178696622136099e+003	 -5.0213806320381427e+003	
  7.2300000000000000e+003	 -1.2115206110946840e+003	 -5.0225646411745392e+003	
  7.2600000000000000e+003	 -1.2036897271754192e+003	 -5.0212693152141619e+003	
  7.2900000000000000e+003	 -1.2030560427492439e+003	 -5.0245322470867068e+003	
  7.3200000000000000e+003	 -1.2069832465149327e+003	 -5.0303568389373231e+003	
  7.3500000000000000e+003	 -1.2421838412378190e+003	 -5.0188132550048440e+003	
  7.3800000000000000e+003	 -1.2562207172230410e+003	 -5.0231371291352407e+003	
  7.4100000000000000e+003	 -1.2819337403141626e+003	 -5.0533566636878913e+003	
  7.4400000000000000e+003	 -1.3270601964325595e+003	 -5.0253011863040410e+003	
  7.4700000000000000e+003	 -1.3717259515483415e+003	 -4.9901713644244810e+003	
  7.5000000000000000e+003	 -1.4092765185235455e+003	 -4.9465350618932744e+003	
  7.5300000000000000e+003	 -1.3829372640428528e+003	 -4.8786316313490861e+003	
  7.5600000000000000e+003	 -1.4321642503100859e+003	 -4.8699767275421882e+003	
  7.5900000000000000e+003	 -1.4766573951834964e+003	 -4.8570446769469481e+003	
  7.6200000000000000e+003	 -1.4503422478006080e+003	 -4.8190324562773558e+003	
  7.6500000000000000e+003	 -1.3814685373733787e+003	 -4.7832834762147913e+003	
  7.6800000000000000e+003	 -1.4001377435526431e+003	 -4.7366281180385949e+003	
  7.7100000000000000e+003	 -1.4799504737440668e+003	 -4.7464902833525994e+003	
  7.7400000000000000e+003	 -1.5261272801398300e+003	 -4.7045659391150939e+003	
  7.7700000000000000e+003	 -1.4756631742646130e+003	 -4.6588916769410316e+003	
  7.8000000000000000e+003	 -1.4313677447260504e+003	 -4.6150841165424508e+003	
  7.8300000000000000e+003	 -1.4052130274305885e+003	 -4.5614613846461789e+003	
  7.8600000000000000e+003	 -1.4378678228473884e+003	 -4.5246432542876355e+003	
  7.8900000000000000e+003	 -1.4582787392541416e+003	 -4.4723242167994304e+003	
  7.9200000000000000e+003	 -1.4934089080352021e+003	 -4.4367485818031073e+003	
  7.9500000000000000e+003	 -1.5113845051102769e+003	 -4.3728168498682089e+003	
  7.9800000000000000e+003	 -1.4612794005227902e+003	 -4.3194858390759246e+003	
  8.0100000000000000e+003	 -1.4040513948977077e+003	 -4.3704994304880374e+003	
  8.0400000000000000e+003	 -1.3600401206051272e+003	 -4.4323613789766905e+003	
  8.0700000000000000e+003	 -1.2968018196427163e+003	 -4.4423884804838199e+003	
  8.1000000000000000e+003	 -1.2708241051531820e+003	 -4.4645320211898379e+003	
  8.1300000000000000e+003	 -1.2168890210079044e+003	 -4.4805987883002917e+003	
  8.1600000000000000e+003	 -1.2141310712862849e+003	 -4.5200050422931463e+003	
  8.1900000000000000e+003	 -1.1559888921659426e+003	 -4.5411181853298522e+003	
  8.2200000000000000e+003	 -1.1493110584470319e+003	 -4.5856227607983910e+003	
  8.2500000000000000e+003	 -1.1949245835921006e+003	 -4.6201361993491719e+003	
  8.2800000000000000e+003	 -1.1944081067684840e+003	 -4.6719793878205583e+003	
  8.3100000000000000e+003	 -1.2334064219569329e+003	 -4.6442296238798081e+003	
  8.3400000000000000e+003	 -1.2716697376374825e+003	 -4.6872572969306202e+003	
  8.3700000000000000e+003	 -1.2440279141791455e+003	 -4.7536967401285665e+003	
  8.4000000000000000e+003	 -1.2075707348095591e+003	 -4.7993738561801183e+003	
  8.4300000000000000e+003	 -1.2000802070706873e+003	 -4.8478524531616495e+003	
  8.4600000000000000e+003	 -1.1734308933471693e+003	 -4.9132883555824546e+003	
  8.4900000000000000e+003	 -1.1643811301796013e+003	 -4.9460695545477292e+003	
  8.5200000000000000e+003	 -1.1673825753207188e+003	 -4.9679288171647167e+003	
  8.5500000000000000e+003	 -1.1613546592002413e+003	 -4.9946240490593891e+003	
  8.5800000000000000e+003	 -1.1629321819777749e+003	 -5.0033974853913014e+003	
  8.6100000000000000e+003	 -1.1634832510307865e+003	 -5.0066656546591194e+003	
  8.6400000000000000e+003	 -1.1663875075255316e+003	 -5.0043976905222116e+003	
  8.6700000000000000e+003	 -1.1912515009736005e+003	 -5.0069802476231271e+003	
  8.7000000000000000e+003	 -1.2221300060362782e+003	 -5.0048737854993569e+003	
  8.7300000000000000e+003	 -1.2480685583696666e+003	 -4.9977854548512996e+003	
  8.7600000000000000e+003	 -1.2514429710135830e+003	 -4.9959407212605993e+003	
  8.7900000000000000e+003	 -1.2508004000343226e+003	 -4.9962798909211724e+003	
  8.8200000000000000e+003	 -1.2501578290550622e+003	 -4.9966190605817465e+003	
  8.8500000000000000e+003	 -1.2495152580758017e+003	 -4.9969582302423205e+003	
  8.8800000000000000e+003	 -1.2480324057980033e+003	 -4.9864807761311640e+003	
  8.9100000000000000e+003	 -1.2690917510228869e+003	 -4.9676339340869081e+003	
  8.9400000000000000e+003	 -1.2725743410360114e+003	 -4.9700925437630103e+003	
  8.9700000000000000e+003	 -1.2733159669345575e+003	 -4.9727964641899571e+003	
  9.0000000000000000e+003	 -1.2826511238583676e+003	 -4.9687777279662578e+003	
  9.0300000000000000e+003	 -1.2919862807821773e+003	 -4.9647589917425603e+003	
  9.0600000000000000e+003	 -1.3013214377059871e+003	 -4.9607402555188610e+003	
  9.0900000000000000e+003	 -1.2819724741310627e+003	 -4.9503357461758587e+003	
  9.1200000000000000e+003	 -1.2820994424902540e+003	 -4.9307451599009146e+003	
  9.1500000000000000e+003	 -1.2888254779582674e+003	 -4.9284674405228616e+003	
  9.1800000000000000e+003	 -1.2840351546021266e+003	 -4.9211633265940945e+003	
  9.2100000000000000e+003	 -1.2906502896247696e+003	 -4.9150630312139892e+003	
  9.2400000000000000e+003	 -1.2904463542211670e+003	 -4.9215332407553306e+003	
  9.2700000000000000e+003	 -1.2913863421768585e+003	 -4.9206352830073465e+003	
  9.3000000000000000e+003	 -1.2927420943080413e+003	 -4.9183661271278006e+003	
  9.3300000000000000e+003	 -1.2913863438701753e+003	 -4.9150019641629178e+003	
  9.3600000000000000e+003	 -1.2877512329890722e+003	 -4.8928384767642538e+003	
  9.3900000000000000e+003	 -1.2829967722344022e+003	 -4.8909271105929747e+003	
  9.4200000000000000e+003	 -1.2865884865086471e+003	 -4.9044571987873351e+003	
  9.4500000000000000e+003	 -1.2734828863404168e+003	 -4.9012118762889713e+003	
  9.4800000000000000e+003	 -1.2654387560997643e+003	 -4.9158115419317483e+003	
  9.5100000000000000e+003	 -1.2638721060375167e+003	 -4.8977503434600949e+003	
  9.5400000000000000e+003	 -1.2448498116455053e+003	 -4.9068454568731186e+003	
  9.5700000000000000e+003	 -1.2376797319725740e+003	 -4.9152549570310603e+003	
  9.6000000000000000e+003	 -1.2242653173665758e+003	 -4.9287243258894887e+003	
  9.6300000000000000e+003	 -1.2304452870251621e+003	 -4.9323121618041851e+003	
  9.6600000000000000e+003	 -1.2332170454087516e+003	 -4.9351892813431941e+003	
  9.6900000000000000e+003	 -1.2389719836930426e+003	 -4.9404298799710004e+003	
  9.7200000000000000e+003	 -1.2393818633423264e+003	 -4.9438729438692435e+003	
  9.7500000000000000e+003	 -1.2397917429916106e+003	 -4.9473160077674847e+003	
  9.7800000000000000e+003	 -1.2402016226408946e+003	 -4.9507590716657278e+003	
  9.8100000000000000e+003	 -1.2406115022901784e+003	 -4.9542021355639699e+003	
  9.8400000000000000e+003	 -1.2387153758145732e+003	 -4.9633319561470789e+003	
  9.8700000000000000e+003	 -1.2380375005929122e+003	 -4.9657466805025842e+003	
  9.9000000000000000e+003	 -1.2373596253712512e+003	 -4.9681614048580896e+003	
  9.9300000000000000e+003	 -1.2274279843830268e+003	 -4.9801750902343956e+003	
  9.9600000000000000e+003	 -1.2235621059029427e+003	 -4.9854201496554851e+003	
  9.9900000000000000e+003	 -1.2181456012837084e+003	 -4.9937335124192196e+003	
  1.0020000000000000e+004	 -1.1821277897382677e+003	 -4.9893921450356502e+003	
  1.0050000000000000e+004	 -1.1645482052572024e+003	 -5.0025532518090940e+003	
  1.0080000000000000e+004	 -1.1632451760518982e+003	 -5.0068089896430765e+003	
  1.0110000000000000e+004	 -1.1485930119373754e+003	 -5.0318781720599181e+003	
  1.0140000000000000e+004	 -1.1454923567573298e+003	 -5.0572876246204114e+003	
  1.0170000000000000e+004	 -1.1450354190152336e+003	 -5.0708391571717329e+003	
  1.0200000000000000e+004	 -1.1546964063541673e+003	 -5.0883530466683342e+003	
  1.0230000000000000e+004	 -1.1579454179553877e+003	 -5.1145328049566479e+003	
  1.0260000000000000e+004	 -1.1502011943616201e+003	 -5.1313922855942965e+003	
  1.0290000000000000e+004	 -1.1554937204951523e+003	 -5.1500926902894862e+003	
  1.0320000000000000e+004	 -1.1601097317625001e+003	 -5.1544817649623710e+003	
  1.0350000000000000e+004	 -1.1476464966445719e+003	 -5.1618779917509210e+003	
  1.0380000000000000e+004	 -1.1333018854101242e+003	 -5.1927684868927245e+003	
  1.0410000000000000e+004	 -1.1213763628296185e+003	 -5.2288286799295702e+003	
  1.0440000000000000e+004	 -1.1129905508471529e+003	 -5.2580003060645458e+003	
  1.0470000000000000e+004	 -1.0982481630858492e+003	 -5.2785939711828751e+003	
  1.0500000000000000e+004	 -1.1044479897532221e+003	 -5.2891589750153507e+003	
  1.0530000000000000e+004	 -1.1027872422655632e+003	 -5.2930810970293778e+003	
  1.0560000000000000e+004	 -1.0999705830390312e+003	 -5.2914257968339871e+003	
  1.0590000000000000e+004	 -1.1005926951735989e+003	 -5.2975178769058757e+003	
  1.0620000000000000e+004	 -1.1204325373090048e+003	 -5.2969241871764871e+003	
  1.0650000000000000e+004	 -1.1052491152091716e+003	 -5.2998926420174466e+003	
  1.0680000000000000e+004	 -1.0959560535489543e+003	 -5.2936824972080422e+003	
  1.0710000000000000e+004	 -1.0948211211936309e+003	 -5.2923972914641490e+003	
  1.0740000000000000e+004	 -1.0909419446369880e+003	 -5.2989388079516821e+003	
  1.0770000000000000e+004	 -1.0977728007698158e+003	 -5.2919089324539600e+003	
  1.0800000000000000e+004	 -1.0940106028001258e+003	 -5.2794845077734326e+003	
  1.0830000000000000e+004	 -1.0921818568317990e+003	 -5.2797779803964231e+003	
  1.0860000000000000e+004	 -1.0926302651771387e+003	 -5.2750248665290756e+003	
  1.0890000000000000e+004	 -1.0906977961532839e+003	 -5.2758667009104429e+003	
  1.0920000000000000e+004	 -1.0917177484858548e+003	 -5.2787887754332851e+003	
  1.0950000000000000e+004	 -1.0927377008184258e+003	 -5.2817108499561264e+003	
  1.0980000000000000e+004	 -1.0931408088720164e+003	 -5.2831076375573448e+003	
  1.1010000000000000e+004	 -1.0933196099150689e+003	 -5.2839497753688811e+003	
  1.1040000000000000e+004	 -1.0934984109581212e+003	 -5.2847919131804174e+003	
  1.1070000000000000e+004	 -1.0936772120011738e+003	 -5.2856340509919528e+003	
  1.1100000000000000e+004	 -1.0954575707478687e+003	 -5.2833806057467118e+003	
  1.1130000000000000e+004	 -1.0974158803505238e+003	 -5.2807832068284970e+003	
  1.1160000000000000e+004	 -1.0959872788420091e+003	 -5.2807984139499749e+003	
  1.1190000000000000e+004	 -1.0911717662223248e+003	 -5.2834262271111484e+003	
  1.1220000000000000e+004	 -1.0781007744676187e+003	 -5.2916708004090287e+003	
  1.1250000000000000e+004	 -1.0536476830575200e+003	 -5.3107200854041930e+003	
  1.1280000000000000e+004	 -1.0197591557195594e+003	 -5.3160855691606139e+003	
  1.1310000000000000e+004	 -9.9477038691333644e+002	 -5.3140527481663048e+003	
  1.1340000000000000e+004	 -9.7427388076287889e+002	 -5.2949778240920368e+003	
  1.1370000000000000e+004	 -9.5091712104918906e+002	 -5.3023961863964332e+003	
  1.1400000000000000e+004	 -9.2386778227763045e+002	 -5.3171255899642229e+003	
  1.1430000000000000e+004	 -8.9403663719544977e+002	 -5.3313279162007593e+003	
  1.1460000000000000e+004	 -8.6843201868687413e+002	 -5.3450830191630830e+003	
  1.1490000000000000e+004	 -8.5223564914890835e+002	 -5.3544751269425551e+003	
  1.1520000000000000e+004	 -8.4272633494913782e+002	 -5.3719628253088649e+003	
  1.1550000000000000e+004	 -8.4918722013047648e+002	 -5.3984231185888675e+003	
  1.1580000000000000e+004	 -8.4930736688542345e+002	 -5.4077565934116683e+003	
  1.1610000000000000e+004	 -8.4991171073805867e+002	 -5.4080797123390903e+003	
  1.1640000000000000e+004	 -8.5017199144917288e+002	 -5.4094324261566644e+003	
  1.1670000000000000e+004	 -8.5043227216028708e+002	 -5.4107851399742376e+003	
  1.1700000000000000e+004	 -8.5052298919232044e+002	 -5.4117526567426512e+003	
  1.1730000000000000e+004	 -8.5041991916254733e+002	 -5.4122799483120261e+003	
  1.1760000000000000e+004	 -8.5180202397179403e+002	 -5.4124814072553563e+003	
  1.1790000000000000e+004	 -8.5431985071676172e+002	 -5.4124337000728856e+003	
  1.1820000000000000e+004	 -8.5603928894048181e+002	 -5.4128167040901544e+003	
  1.1850000000000000e+004	 -8.5331271846661969e+002	 -5.4155568171167461e+003	
  1.1880000000000000e+004	 -8.5445506902923739e+002	 -5.4172765247520310e+003	
  1.1910000000000000e+004	 -8.5509077473033676e+002	 -5.4179351503701773e+003	
  1.1940000000000000e+004	 -8.5193646359473030e+002	 -5.4150316291874169e+003	
  1.1970000000000000e+004	 -8.5598907610259505e+002	 -5.4128052871602067e+003	
  1.2000000000000000e+004	 -8.5890789034330396e+002	 -5.4177880520283134e+003	
  1.2030000000000000e+004	 -8.6151150902668144e+002	 -5.4123154916043532e+003	
  1.2060000000000000e+004	 -8.6391206946978275e+002	 -5.4192338496654347e+003	
  1.2090000000000000e+004	 -8.6362840299506843e+002	 -5.4194362938180411e+003	
  1.2120000000000000e+004	 -8.6581847932234280e+002	 -5.4227095396735767e+003	
  1.2150000000000000e+004	 -8.6298676561532011e+002	 -5.4216141809621558e+003	
  1.2180000000000000e+004	 -8.6532961329437956e+002	 -5.4198047715638877e+003	
  1.2210000000000000e+004	 -8.6249229096224553e+002	 -5.4191874671081387e+003	
  1.2240000000000000e+004	 -8.5917785820883796e+002	 -5.4201948872255707e+003	
  1.2270000000000000e+004	 -8.6744778906317742e+002	 -5.4198509171724490e+003	
  1.2300000000000000e+004	 -8.6085220854262445e+002	 -5.4213767034587472e+003	
  1.2330000000000000e+004	 -8.5938347649478931e+002	 -5.4202635323469176e+003	
  1.2360000000000000e+004	 -8.6226698596231711e+002	 -5.4242830650991618e+003	
  1.2390000000000000e+004	 -8.6466491499051619e+002	 -5.4229199983041535e+003	
  1.2420000000000000e+004	 -8.6409480333692886e+002	 -5.4212507166804162e+003	
  1.2450000000000000e+004	 -8.6056662318147812e+002	 -5.4192477630195817e+003	
  1.2480000000000000e+004	 -8.6745873261277393e+002	 -5.4184124486267874e+003	
  1.2510000000000000e+004	 -8.6723703348598076e+002	 -5.4198616717292562e+003	
  1.2540000000000000e+004	 -8.7060998906613565e+002	 -5.4208418696048611e+003	
  1.2570000000000000e+004	 -8.6677609136554418e+002	 -5.4234546222257222e+003	
  1.2600000000000000e+004	 -8.6782518705378038e+002	 -5.4215052479546939e+003	
  1.2630000000000000e+004	 -8.6420581336428074e+002	 -5.4186865396130206e+003	
  1.2660000000000000e+004	 -8.6977475094176600e+002	 -5.4209546267944570e+003	
  1.2690000000000000e+004	 -8.7057031148770398e+002	 -5.4212190048537595e+003	
  1.2720000000000000e+004	 -8.6618860242762366e+002	 -5.4203562971400261e+003	
  1.2750000000000000e+004	 -8.6997562281563387e+002	 -5.4174129419392257e+003	
  1.2780000000000000e+004	 -8.7137811489060903e+002	 -5.4194286546542035e+003	
  1.2810000000000000e+004	 -8.6371435148994794e+002	 -5.4215336896872432e+003	
  1.2840000000000000e+004	 -8.6930965623260761e+002	 -5.4182969304916132e+003	
  1.2870000000000000e+004	 -8.7364241106797658e+002	 -5.4036030737661449e+003	
  1.2900000000000000e+004	 -8.7071128144310978e+002	 -5.4171991135972594e+003	
  1.2930000000000000e+004	 -8.6552313628977276e+002	 -5.4175589400140025e+003	
  1.2960000000000000e+004	 -8.6768369460096142e+002	 -5.4201721954985269e+003	
  1.2990000000000000e+004	 -8.7137811527299630e+002	 -5.4206067600653842e+003	
  1.3020000000000000e+004	 -8.6731778551074399e+002	 -5.4183364292998831e+003	
  1.3050000000000000e+004	 -8.6114595759007432e+002	 -5.4249759571915147e+003	
  1.3080000000000000e+004	 -8.6700936321951838e+002	 -5.4219376546128005e+003	
  1.3110000000000000e+004	 -8.6819248962516053e+002	 -5.4178017608047949e+003	
  1.3140000000000000e+004	 -8.6773426295733896e+002	 -5.4182492231678361e+003	
  1.3170000000000000e+004	 -8.6621694450358723e+002	 -5.4185254238183661e+003	
  1.3200000000000000e+004	 -8.6200991054846486e+002	 -5.4221144518668552e+003	
  1.3230000000000000e+004	 -8.6736646516846918e+002	 -5.4230966625900292e+003	
  1.3260000000000000e+004	 -8.5847343982527025e+002	 -5.4319103575333647e+003	
  1.3290000000000000e+004	 -8.5536894782727495e+002	 -5.4243080546700794e+003	
  1.3320000000000000e+004	 -8.5536894782727495e+002	 -5.4243080546700794e+003	
  1.3350000000000000e+004	 -8.5536894782727495e+002	 -5.4243080546700794e+003	
  1.3380000000000000e+004	 -8.5536894782727495e+002	 -5.4243080546700794e+003	
  1.3410000000000000e+004	 -8.5536894782727495e+002	 -5.4243080546700794e+003	
  1.3440000000000000e+004	 -8.5536894782727495e+002	 -5.4243080546700794e+003	
  1.3470000000000000e+004	 -8.5536894782727495e+002	 -5.4243080546700794e+003	
  1.3500000000000000e+004	 -8.5536894782727495e+002	 -5.4243080546700794e+003	
  1.3530000000000000e+004	 -8.5536894782727495e+002	 -5.4243080546700794e+003	
  1.3560000000000000e+004	 -8.5536894782727495e+002	 -5.4243080546700794e+003	
  1.3590000000000000e+004	 -8.5536894782727495e+002	 -5.4243080546700794e+003	
  1.3620000000000000e+004	 -8.5536894782727495e+002	 -5.4243080546700794e+003	
  1.3650000000000000e+004	 -8.5536894782727495e+002	 -5.4243080546700794e+003	
  1.3680000000000000e+004	 -8.5536894782727495e+002	 -5.4243080546700794e+003	
  1.3710000000000000e+004	 -8.5536894782727495e+002	 -5.4243080546700794e+003	
  1.3740000000000000e+004	 -8.5536894782727495e+002	 -5.4243080546700794e+003	
  1.3770000000000000e+004	 -8.5536894782727495e+002	 -5.4243080546700794e+003	
  1.3800000000000000e+004	 -8.5536894782727495e+002	 -5.4243080546700794e+003	
  1.3830000000000000e+004	 -8.5536894782727495e+002	 -5.4243080546700794e+003	
  1.3860000000000000e+004	 -8.5536894782727495e+002	 -5.4243080546700794e+003	
  1.3890000000000000e+004	 -8.5536894782727495e+002	 -5.4243080546700794e+003	
  1.3920000000000000e+004	 -8.5536894782727495e+002	 -5.4243080546700794e+003	
  1.3950000000000000e+004	 -8.5536894782727495e+002	 -5.4243080546700794e+003	
  1.3980000000000000e+004	 -8.5536894782727495e+002	 -5.4243080546700794e+003	
  1.4010000000000000e+004	 -8.5536894782727495e+002	 -5.4243080546700794e+003	
  1.4040000000000000e+004	 -8.5536894782727495e+002	 -5.4243080546700794e+003	
  1.4070000000000000e+004	 -8.5536894782727495e+002	 -5.4243080546700794e+003	
  1.4100000000000000e+004	 -8.5536894782727495e+002	 -5.4243080546700794e+003	
  1.4130000000000000e+004	 -8.5536894782727495e+002	 -5.4243080546700794e+003	
  1.4160000000000000e+004	 -8.5536894782727495e+002	 -5.4243080546700794e+003	
  1.4190000000000000e+004	 -8.5536894782727495e+002	 -5.4243080546700794e+003	
  1.4220000000000000e+004	 -8.5536894782727495e+002	 -5.4243080546700794e+003	
  1.4250000000000000e+004	 -8.5536894782727495e+002	 -5.4243080546700794e+003	
  1.4280000000000000e+004	 -8.5536894782727495e+002	 -5.4243080546700794e+003	
  1.4310000000000000e+004	 -8.5536894782727495e+002	 -5.4243080546700794e+003	
  1.4340000000000000e+004	 -8.5536894782727495e+002	 -5.4243080546700794e+003	
  1.4370000000000000e+004	 -8.5536894782727495e+002	 -5.4243080546700794e+003	
  1.4400000000000000e+004	 -8.5536894782727495e+002	 -5.4243080546700794e+003	
  1.4430000000000000e+004	 -8.5536894782727495e+002	 -5.4243080546700794e+003	
  1.4460000000000000e+004	 -8.5536894782727495e+002	 -5.4243080546700794e+003	
  1.4490000000000000e+004	 -8.5536894782727495e+002	 -5.4243080546700794e+003	
  1.4520000000000000e+004	 -8.5536894782727495e+002	 -5.4243080546700794e+003	
  1.4550000000000000e+004	 -8.5536894782727495e+002	 -5.4243080546700794e+003	
  1.4580000000000000e+004	 -8.5536894782727495e+002	 -5.4243080546700794e+003	
  1.4610000000000000e+004	 -8.5536894782727495e+002	 -5.4243080546700794e+003	
  1.4640000000000000e+004	 -8.5536894782727495e+002	 -5.4243080546700794e+003	
  1.4670000000000000e+004	 -8.5536894782727495e+002	 -5.4243080546700794e+003	
  1.4700000000000000e+004	 -8.5536894782727495e+002	 -5.4243080546700794e+003	
  1.4730000000000000e+004	 -8.5536894782727495e+002	 -5.4243080546700794e+003	
  1.4760000000000000e+004	 -8.5536894782727495e+002	 -5.4243080546700794e+003	
  1.4790000000000000e+004	 -8.5536894782727495e+002	 -5.4243080546700794e+003	
  1.4820000000000000e+004	 -8.5536894782727495e+002	 -5.4243080546700794e+003	
  1.4850000000000000e+004	 -8.5536894782727495e+002	 -5.4243080546700794e+003	
  1.4880000000000000e+004	 -8.5536894782727495e+002	 -5.4243080546700794e+003	
  1.4910000000000000e+004	 -8.5536894782727495e+002	 -5.4243080546700794e+003	
  1.4940000000000000e+004	 -8.5536894782727495e+002	 -5.4243080546700794e+003	
  1.4970000000000000e+004	 -8.5536894782727495e+002	 -5.4243080546700794e+003	
  1.5000000000000000e+004	 -8.5536894782727495e+002	 -5.4243080546700794e+003	
  1.5030000000000000e+004	 -8.5536894782727495e+002	 -5.4243080546700794e+003	
  1.5060000000000000e+004	 -8.5536894782727495e+002	 -5.4243080546700794e+003	
  1.5090000000000000e+004	 -8.5536894782727495e+002	 -5.4243080546700794e+003	
  1.5120000000000000e+004	 -8.5536894782727495e+002	 -5.4243080546700794e+003	
  1.5150000000000000e+004	 -8.5536894782727495e+002	 -5.4243080546700794e+003	
  1.5180000000000000e+004	 -8.5536894782727495e+002	 -5.4243080546700794e+003	
  1.5210000000000000e+004	 -8.5536894782727495e+002	 -5.4243080546700794e+003	
  1.5240000000000000e+004	 -8.5223565049252284e+002	 -5.4337081645123480e+003	
  1.5270000000000000e+004	 -8.6337352705911815e+002	 -5.4457365963860520e+003	
  1.5300000000000000e+004	 -8.7958016587656914e+002	 -5.4448349272177884e+003	
  1.5330000000000000e+004	 -8.7817937442970458e+002	 -5.4422886950329321e+003	
  1.5360000000000000e+004	 -8.7433361696060763e+002	 -5.4399158832721359e+003	
  1.5390000000000000e+004	 -8.7048785949151045e+002	 -5.4375430715113380e+003	
  1.5420000000000000e+004	 -8.6664210202241350e+002	 -5.4351702597505409e+003	
  1.5450000000000000e+004	 -8.6279634455331654e+002	 -5.4327974479897439e+003	
  1.5480000000000000e+004	 -8.5576060507539682e+002	 -5.4423242982348165e+003	
  1.5510000000000000e+004	 -8.5271187415079078e+002	 -5.4510798159219039e+003	
  1.5540000000000000e+004	 -8.4655655649577159e+002	 -5.4512467920738554e+003	
  1.5570000000000000e+004	 -8.4442199860530513e+002	 -5.4518404832285041e+003	
  1.5600000000000000e+004	 -8.4469616213139034e+002	 -5.4538194541551757e+003	
  1.5630000000000000e+004	 -8.4763362589779717e+002	 -5.4533247114148562e+003	
  1.5660000000000000e+004	 -8.4775112571248633e+002	 -5.4543636714696750e+003	
  1.5690000000000000e+004	 -8.4118328078586569e+002	 -5.4510744798371970e+003	
  1.5720000000000000e+004	 -8.3434261376883012e+002	 -5.4470487653291621e+003	
  1.5750000000000000e+004	 -8.2310907919328645e+002	 -5.4346160169160885e+003	
  1.5780000000000000e+004	 -8.0686314916587253e+002	 -5.4107273683268240e+003	
  1.5810000000000000e+004	 -8.0048734731986224e+002	 -5.3927496566687169e+003	
  1.5840000000000000e+004	 -7.9634552610261073e+002	 -5.3834546791867433e+003	
  1.5870000000000000e+004	 -8.0055028993823839e+002	 -5.3788509219431608e+003	
  1.5900000000000000e+004	 -8.0117975091483936e+002	 -5.3770618970876676e+003	
  1.5930000000000000e+004	 -8.0095856767015061e+002	 -5.3772278784726786e+003	
  1.5960000000000000e+004	 -7.9897718824098843e+002	 -5.3862718566371268e+003	
  1.5990000000000000e+004	 -8.1746479342685029e+002	 -5.3990885466489817e+003	
  1.6020000000000000e+004	 -8.3817499504374530e+002	 -5.3912320342408402e+003	
  1.6050000000000000e+004	 -8.3675413229883327e+002	 -5.3698492554361355e+003	
  1.6080000000000000e+004	 -8.5399813073590360e+002	 -5.3455909626837220e+003	
  1.6110000000000000e+004	 -8.7628368373223077e+002	 -5.3294324893513312e+003	
  1.6140000000000000e+004	 -8.9648190341359293e+002	 -5.3174043496035338e+003	
  1.6170000000000000e+004	 -9.1098916408711000e+002	 -5.3070863083894292e+003	
  1.6200000000000000e+004	 -9.1957348896876920e+002	 -5.3040855864203650e+003	
  1.6230000000000000e+004	 -9.2362905146826836e+002	 -5.3013620266659809e+003	
  1.6260000000000000e+004	 -9.2536245178851073e+002	 -5.3009565637068990e+003	
  1.6290000000000000e+004	 -9.2530904530441831e+002	 -5.3031424263496219e+003	
  1.6320000000000000e+004	 -9.1038436137165957e+002	 -5.3144900250899418e+003	
  1.6350000000000000e+004	 -8.7204953557358010e+002	 -5.3372183260110905e+003	
  1.6380000000000000e+004	 -8.4524909930887486e+002	 -5.3244697123627129e+003	
  1.6410000000000000e+004	 -8.1108319636569445e+002	 -5.3150980282394858e+003	
  1.6440000000000000e+004	 -7.7335037623135963e+002	 -5.3214183140162486e+003	
  1.6470000000000000e+004	 -7.4405216089493808e+002	 -5.3230169150140964e+003	
  1.6500000000000000e+004	 -7.3991441171210545e+002	 -5.3163211901884506e+003	
  1.6530000000000000e+004	 -7.3931542356378645e+002	 -5.3145966194264356e+003	
  1.6560000000000000e+004	 -7.5854210637717324e+002	 -5.3187139622383911e+003	
  1.6590000000000000e+004	 -7.7956460587231732e+002	 -5.3259340965513893e+003	
  1.6620000000000000e+004	 -7.7344171386578034e+002	 -5.3461952554418012e+003	
  1.6650000000000000e+004	 -7.7728584006488040e+002	 -5.3575076739757487e+003	
  1.6680000000000000e+004	 -7.8033011930452483e+002	 -5.3646117288538953e+003	
  1.6710000000000000e+004	 -7.8196097676341162e+002	 -5.3664294155922016e+003	
  1.6740000000000000e+004	 -7.8288512333191943e+002	 -5.3656039182605882e+003	
  1.6770000000000000e+004	 -7.8380926990042713e+002	 -5.3647784209289757e+003	
  1.6800000000000000e+004	 -7.8241583087868128e+002	 -5.3654560949333609e+003	
  1.6830000000000000e+004	 -7.8000903326123887e+002	 -5.3670513085245730e+003	
  1.6860000000000000e+004	 -7.7742126698779521e+002	 -5.3711064318155159e+003	
  1.6890000000000000e+004	 -7.7794634761293253e+002	 -5.3715536126606785e+003	
  1.6920000000000000e+004	 -7.7980550548031874e+002	 -5.3704545324576502e+003	
  1.6950000000000000e+004	 -7.8149979944948075e+002	 -5.3691761839621277e+003	
  1.6980000000000000e+004	 -7.8088599884350401e+002	 -5.3653880793716580e+003	
  1.7010000000000000e+004	 -7.8027219823752728e+002	 -5.3615999747811884e+003	
  1.7040000000000000e+004	 -7.7972482688145840e+002	 -5.3629293231578522e+003	
  1.7070000000000000e+004	 -7.7893458814870121e+002	 -5.3653378205521376e+003	
  1.7100000000000000e+004	 -7.7770190293351334e+002	 -5.3678424552245833e+003	
  1.7130000000000000e+004	 -7.7646921771832569e+002	 -5.3703470898970272e+003	
  1.7160000000000000e+004	 -7.7523653250313782e+002	 -5.3728517245694720e+003	
  1.7190000000000000e+004	 -7.7623152140226205e+002	 -5.3720989598260276e+003	
  1.7220000000000000e+004	 -7.7851621636756636e+002	 -5.3694603322628591e+003	
  1.7250000000000000e+004	 -7.8080091133287090e+002	 -5.3668217046996906e+003	
  1.7280000000000000e+004	 -7.8203544249522110e+002	 -5.3640210558986928e+003	
  1.7310000000000000e+004	 -7.8288272703304779e+002	 -5.3622978809452297e+003	
  1.7340000000000000e+004	 -7.8275176946124736e+002	 -5.3621462415590340e+003	
  1.7370000000000000e+004	 -7.8190145282290985e+002	 -5.3628932378222189e+003	
  1.7400000000000000e+004	 -7.8105113618457221e+002	 -5.3636402340854038e+003	
  1.7430000000000000e+004	 -7.7092818444163538e+002	 -5.3843623413135338e+003	
  1.7460000000000000e+004	 -7.7256513265574677e+002	 -5.4053563170780080e+003	
  1.7490000000000000e+004	 -7.9012463011854504e+002	 -5.4032691222528056e+003	
  1.7520000000000000e+004	 -8.2038049761313459e+002	 -5.4107397368582069e+003	
  1.7550000000000000e+004	 -8.3526364371954378e+002	 -5.4054769117128544e+003	
  1.7580000000000000e+004	 -8.3853639085739223e+002	 -5.4062443253387901e+003	
  1.7610000000000000e+004	 -8.3588377435823611e+002	 -5.4119271194139246e+003	
  1.7640000000000000e+004	 -8.3950033099405755e+002	 -5.4063177741246636e+003	
  1.7670000000000000e+004	 -8.3675237947179824e+002	 -5.4051148313074391e+003	
  1.7700000000000000e+004	 -8.4056067528008839e+002	 -5.4056657135668202e+003	
  1.7730000000000000e+004	 -8.4462128854963214e+002	 -5.4048799454290192e+003	
  1.7760000000000000e+004	 -8.4007561457952795e+002	 -5.4063438810621146e+003	
  1.7790000000000000e+004	 -8.4018573577049540e+002	 -5.4061525941275177e+003	
  1.7820000000000000e+004	 -8.4255465551742179e+002	 -5.4051830576096991e+003	
  1.7850000000000000e+004	 -8.4220883721969426e+002	 -5.4053563173763096e+003	
  1.7880000000000000e+004	 -8.4029132847506196e+002	 -5.4061911960444313e+003	
  1.7910000000000000e+004	 -8.3757009701814457e+002	 -5.4065467926391120e+003	
  1.7940000000000000e+004	 -8.3220806236371914e+002	 -5.4053276052781994e+003	
  1.7970000000000000e+004	 -8.2698130584048408e+002	 -5.4042175438746044e+003	
  1.8000000000000000e+004	 -8.2437871152861544e+002	 -5.4039370239978743e+003	
  1.8030000000000000e+004	 -8.2750221390995932e+002	 -5.4041738260800930e+003	
  1.8060000000000000e+004	 -8.3278964610353330e+002	 -5.4047202924236763e+003	
  1.8090000000000000e+004	 -8.3426117537147854e+002	 -5.4063382936960616e+003	
  1.8120000000000000e+004	 -8.3318876935567130e+002	 -5.4086706515876513e+003	
  1.8150000000000000e+004	 -8.3089008844642024e+002	 -5.4091175509072882e+003	
  1.8180000000000000e+004	 -8.2736513264372547e+002	 -5.4076789916549760e+003	
  1.8210000000000000e+004	 -8.2596634083104391e+002	 -5.4055113665014842e+003	
  1.8240000000000000e+004	 -8.3047744479638277e+002	 -5.4028278291624592e+003	
  1.8270000000000000e+004	 -8.3912223513112519e+002	 -5.4042091325825504e+003	
  1.8300000000000000e+004	 -8.3687799159808992e+002	 -5.4046134897370794e+003	
  1.8330000000000000e+004	 -8.3523644588398520e+002	 -5.4057923091758894e+003	
  1.8360000000000000e+004	 -8.2887492590452916e+002	 -5.4050394231419978e+003	
  1.8390000000000000e+004	 -8.2677372504442064e+002	 -5.4041418491197001e+003	
  1.8420000000000000e+004	 -8.3053367604172831e+002	 -5.4045425902045372e+003	
  1.8450000000000000e+004	 -8.3429362703903587e+002	 -5.4049433312893734e+003	
  1.8480000000000000e+004	 -8.1919898857596604e+002	 -5.4088795041998210e+003	
  1.8510000000000000e+004	 -8.0565949351197628e+002	 -5.4077433516996043e+003	
  1.8540000000000000e+004	 -8.0415264754544046e+002	 -5.4080780213437783e+003	
  1.8570000000000000e+004	 -8.1442249121468728e+002	 -5.4107678469717584e+003	
  1.8600000000000000e+004	 -8.0507305396327786e+002	 -5.4108015794333023e+003	
  1.8630000000000000e+004	 -7.9691343356814946e+002	 -5.4115065873436106e+003	
  1.8660000000000000e+004	 -7.9322006709367770e+002	 -5.4182434975922060e+003	
  1.8690000000000000e+004	 -8.1092286858500461e+002	 -5.4196755508523074e+003	
  1.8720000000000000e+004	 -8.2603348342913046e+002	 -5.4533061579617925e+003	
  1.8750000000000000e+004	 -8.2071178024674339e+002	 -5.4724693968154170e+003	
  1.8780000000000000e+004	 -8.1851666886089572e+002	 -5.4854562944606860e+003	
  1.8810000000000000e+004	 -8.1579246063583093e+002	 -5.4947452746841227e+003	
  1.8840000000000000e+004	 -8.1525241671308004e+002	 -5.4960290061340256e+003	
  1.8870000000000000e+004	 -8.1304989562646335e+002	 -5.4957216839644625e+003	
  1.8900000000000000e+004	 -8.1336730800913176e+002	 -5.5039229709509345e+003	
  1.8930000000000000e+004	 -8.1463612965528102e+002	 -5.5102448557482776e+003	
  1.8960000000000000e+004	 -8.1426078378191676e+002	 -5.5016548858316455e+003	
  1.8990000000000000e+004	 -8.1336322531195526e+002	 -5.5131783883772541e+003	
  1.9020000000000000e+004	 -8.0641123186166567e+002	 -5.5131390995485926e+003	
  1.9050000000000000e+004	 -8.1303683945471687e+002	 -5.5211539305743599e+003	
  1.9080000000000000e+004	 -8.0850662375823788e+002	 -5.5329758071347087e+003	
  1.9110000000000000e+004	 -7.9880646628396141e+002	 -5.5403375775463073e+003	
  1.9140000000000000e+004	 -8.0631331890276670e+002	 -5.4978886568557764e+003	
  1.9170000000000000e+004	 -8.0631331890276670e+002	 -5.4978886568557764e+003	
  1.9200000000000000e+004	 -8.0631331890276670e+002	 -5.4978886568557764e+003	
  1.9230000000000000e+004	 -8.0631331890276670e+002	 -5.4978886568557764e+003	
  1.9260000000000000e+004	 -8.0631331890276670e+002	 -5.4978886568557764e+003	
  1.9290000000000000e+004	 -8.0631331890276670e+002	 -5.4978886568557764e+003	
  1.9320000000000000e+004	 -8.0631331890276670e+002	 -5.4978886568557764e+003	
  1.9350000000000000e+004	 -8.0631331890276670e+002	 -5.4978886568557764e+003	
  1.9380000000000000e+004	 -8.0631331890276670e+002	 -5.4978886568557764e+003	
  1.9410000000000000e+004	 -8.0631331890276670e+002	 -5.4978886568557764e+003	
  1.9440000000000000e+004	 -8.0631331890276670e+002	 -5.4978886568557764e+003	
  1.9470000000000000e+004	 -8.0631331890276670e+002	 -5.4978886568557764e+003	
  1.9500000000000000e+004	 -8.0631331890276670e+002	 -5.4978886568557764e+003	
  1.9530000000000000e+004	 -8.0631331890276670e+002	 -5.4978886568557764e+003	
  1.9560000000000000e+004	 -8.0631331890276670e+002	 -5.4978886568557764e+003	
  1.9590000000000000e+004	 -8.0631331890276670e+002	 -5.4978886568557764e+003	
  1.9620000000000000e+004	 -8.0631331890276670e+002	 -5.4978886568557764e+003	
  1.9650000000000000e+004	 -8.0631331890276670e+002	 -5.4978886568557764e+003	
  1.9680000000000000e+004	 -8.0631331890276670e+002	 -5.4978886568557764e+003	
  1.9710000000000000e+004	 -8.0631331890276670e+002	 -5.4978886568557764e+003	
  1.9740000000000000e+004	 -8.0631331890276670e+002	 -5.4978886568557764e+003	
  1.9770000000000000e+004	 -8.0631331890276670e+002	 -5.4978886568557764e+003	
  1.9800000000000000e+004	 -8.0631331890276670e+002	 -5.4978886568557764e+003	
  1.9830000000000000e+004	 -8.0631331890276670e+002	 -5.4978886568557764e+003	
  1.9860000000000000e+004	 -8.0631331890276670e+002	 -5.4978886568557764e+003	
  1.9890000000000000e+004	 -8.0631331890276670e+002	 -5.4978886568557764e+003	
  1.9920000000000000e+004	 -8.0631331890276670e+002	 -5.4978886568557764e+003	
  1.9950000000000000e+004	 -8.0631331890276670e+002	 -5.4978886568557764e+003	
  1.9980000000000000e+004	 -8.0631331890276670e+002	 -5.4978886568557764e+003	
  2.0010000000000000e+004	 -8.0631331890276670e+002	 -5.4978886568557764e+003	
  2.0040000000000000e+004	 -8.0108571572505207e+002	 -5.5007152545620656e+003	
  2.0070000000000000e+004	 -7.9235057697995433e+002	 -5.5076845616011624e+003	
  2.0100000000000000e+004	 -7.9439813328072375e+002	 -5.5083488147743237e+003	
  2.0130000000000000e+004	 -7.9651695846271014e+002	 -5.5086225459125571e+003	
  2.0160000000000000e+004	 -7.9688545955652091e+002	 -5.5045597321478699e+003	
  2.0190000000000000e+004	 -7.9053494421425341e+002	 -5.5090839765423925e+003	
  2.0220000000000000e+004	 -7.9634459366407361e+002	 -5.5005549670945356e+003	
  2.0250000000000000e+004	 -7.9175655702543884e+002	 -5.5056437482434712e+003	
  2.0280000000000000e+004	 -7.9722117161216079e+002	 -5.5125507090156234e+003	
  2.0310000000000000e+004	 -7.9201486475982063e+002	 -5.5083969905216927e+003	
  2.0340000000000000e+004	 -7.9067239286731626e+002	 -5.5055888959742761e+003	
  2.0370000000000000e+004	 -7.8725436713897500e+002	 -5.5049867593924346e+003	
  2.0400000000000000e+004	 -7.9289890592612130e+002	 -5.5013394874580999e+003	
  2.0430000000000000e+004	 -7.9363326767043282e+002	 -5.5066827083362850e+003	
  2.0460000000000000e+004	 -8.0888709643485140e+002	 -5.4939766564186912e+003	
  2.0490000000000000e+004	 -8.1455779580424917e+002	 -5.4992244624175073e+003	
  2.0520000000000000e+004	 -8.1679026993037223e+002	 -5.4840853358733175e+003	
  2.0550000000000000e+004	 -8.2246936105575764e+002	 -5.4507458652721916e+003	
  2.0580000000000000e+004	 -8.1641166147178524e+002	 -5.4223785578772695e+003	
  2.0610000000000000e+004	 -8.1205115983475162e+002	 -5.4119741196583573e+003	
  2.0640000000000000e+004	 -8.2168604187385449e+002	 -5.4086123426322147e+003	
  2.0670000000000000e+004	 -8.4013330531191082e+002	 -5.3881299973351406e+003	
  2.0700000000000000e+004	 -8.3827893435644478e+002	 -5.3585881504150439e+003	
  2.0730000000000000e+004	 -8.5762675914429326e+002	 -5.3413506223106888e+003	
  2.0760000000000000e+004	 -8.8033737741458890e+002	 -5.3233712739716948e+003	
  2.0790000000000000e+004	 -9.1056876674120883e+002	 -5.3051152691384877e+003	
  2.0820000000000000e+004	 -9.3004577398509832e+002	 -5.2890503571293175e+003	
  2.0850000000000000e+004	 -9.4503499755204666e+002	 -5.2703657817620306e+003	
  2.0880000000000000e+004	 -9.4848136329420379e+002	 -5.2537819745464549e+003	
  2.0910000000000000e+004	 -9.4953617035959587e+002	 -5.2356033061446824e+003	
  2.0940000000000000e+004	 -9.4744208634510778e+002	 -5.2387424489075311e+003	
  2.0970000000000000e+004	 -9.4447198480406655e+002	 -5.2366274248421205e+003	
  2.1000000000000000e+004	 -9.5854324600107884e+002	 -5.2446747223000593e+003	
  2.1030000000000000e+004	 -9.4628342226021834e+002	 -5.1942156092667028e+003	
  2.1060000000000000e+004	 -9.4020287121889100e+002	 -5.1700152716780412e+003	
  2.1090000000000000e+004	 -9.5174652801538832e+002	 -5.1485625023292150e+003	
  2.1120000000000000e+004	 -9.7821363994224396e+002	 -5.1421488910748676e+003	
  2.1150000000000000e+004	 -9.9398921480479316e+002	 -5.1466991103052178e+003	
  2.1180000000000000e+004	 -9.8148401465504696e+002	 -5.1547258679368542e+003	
  2.1210000000000000e+004	 -9.8549854843998173e+002	 -5.1674995050711950e+003	
  2.1240000000000000e+004	 -9.8915507667016982e+002	 -5.1759526469885768e+003	
  2.1270000000000000e+004	 -9.8119026917960707e+002	 -5.1705978305669969e+003	
  2.1300000000000000e+004	 -9.5783743910366422e+002	 -5.1509132566979606e+003	
  2.1330000000000000e+004	 -9.4213091449597596e+002	 -5.1637552017033222e+003	
  2.1360000000000000e+004	 -9.4372782659101870e+002	 -5.1787647954434860e+003	
  2.1390000000000000e+004	 -9.5121663022082305e+002	 -5.2029900155492551e+003	
  2.1420000000000000e+004	 -9.5054273938472932e+002	 -5.2295031294640103e+003	
  2.1450000000000000e+004	 -9.5524268522089085e+002	 -5.2424530186073389e+003	
  2.1480000000000000e+004	 -9.5519046077964106e+002	 -5.2640336935557252e+003	
  2.1510000000000000e+004	 -9.6939591075293254e+002	 -5.2854146733548487e+003	
  2.1540000000000000e+004	 -9.6425089906613664e+002	 -5.3247905671907929e+003	
  2.1570000000000000e+004	 -9.9294012094376967e+002	 -5.3240113470930082e+003	
  2.1600000000000000e+004	 -9.9963753760895213e+002	 -5.3495994377814295e+003	
  2.1630000000000000e+004	 -1.0001369035681978e+003	 -5.3651986744137057e+003	
  2.1660000000000000e+004	 -9.9519217689171239e+002	 -5.3798368728319574e+003	
  2.1690000000000000e+004	 -9.9891295946034529e+002	 -5.3511170620753137e+003	
  2.1720000000000000e+004	 -1.0053893649173569e+003	 -5.3232798350496550e+003	
  2.1750000000000000e+004	 -1.0068930671590554e+003	 -5.3108759297493843e+003	
  2.1780000000000000e+004	 -1.0086677856546947e+003	 -5.3027497813181863e+003	
  2.1810000000000000e+004	 -1.0165594967408981e+003	 -5.2901585798011911e+003	
  2.1840000000000000e+004	 -1.0122574376368183e+003	 -5.2872926065761112e+003	
  2.1870000000000000e+004	 -1.0157544154642632e+003	 -5.2868314360358854e+003	
  2.1900000000000000e+004	 -1.0466327435514554e+003	 -5.2978120730288119e+003	
  2.1930000000000000e+004	 -1.0713703767343011e+003	 -5.3133249050850882e+003	
  2.1960000000000000e+004	 -1.0897269434638663e+003	 -5.3352485148117630e+003	
  2.1990000000000000e+004	 -1.1017372161335004e+003	 -5.3635363392208501e+003	
  2.2020000000000000e+004	 -1.1135719259955351e+003	 -5.3953656091879111e+003	
  2.2050000000000000e+004	 -1.1117115337130194e+003	 -5.4306531288904471e+003	
  2.2080000000000000e+004	 -1.1191139382820509e+003	 -5.4536141364029363e+003	
  2.2110000000000000e+004	 -1.1417946099270951e+003	 -5.4778515788917221e+003	
  2.2140000000000000e+004	 -1.1580989650729503e+003	 -5.4859359834809929e+003	
  2.2170000000000000e+004	 -1.1577920408478201e+003	 -5.4868425748085565e+003	
  2.2200000000000000e+004	 -1.1571116538247798e+003	 -5.4892801338471227e+003	
  2.2230000000000000e+004	 -1.1583826338668146e+003	 -5.4890749621198911e+003	
  2.2260000000000000e+004	 -1.1576338707564651e+003	 -5.4857550933323710e+003	
  2.2290000000000000e+004	 -1.1579858998792920e+003	 -5.4865343127098131e+003	
  2.2320000000000000e+004	 -1.1585151079396474e+003	 -5.4855324589112142e+003	
  2.2350000000000000e+004	 -1.1596767386574329e+003	 -5.4845002466978249e+003	
  2.2380000000000000e+004	 -1.1611588227112945e+003	 -5.4813024082503189e+003	
  2.2410000000000000e+004	 -1.1595921789224949e+003	 -5.4838070433581715e+003	
  2.2440000000000000e+004	 -1.1612364819322970e+003	 -5.4886147914487865e+003	
  2.2470000000000000e+004	 -1.1594420391677972e+003	 -5.4875806942353356e+003	
  2.2500000000000000e+004	 -1.1587109373964292e+003	 -5.4855923996162182e+003	
  2.2530000000000000e+004	 -1.1611196568666267e+003	 -5.4852430345168341e+003	
  2.2560000000000000e+004	 -1.1654445068699349e+003	 -5.4869624552181258e+003	
  2.2590000000000000e+004	 -1.1656139743274846e+003	 -5.4889610256745173e+003	
  2.2620000000000000e+004	 -1.1673314121766361e+003	 -5.4887962771241137e+003	
  2.2650000000000000e+004	 -1.1636427843598401e+003	 -5.4918599573164756e+003	
  2.2680000000000000e+004	 -1.1608805396725213e+003	 -5.4930785867342347e+003	
  2.2710000000000000e+004	 -1.1621885165840558e+003	 -5.4931989756034654e+003	
  2.2740000000000000e+004	 -1.1591920001531817e+003	 -5.4927971098086718e+003	
  2.2770000000000000e+004	 -1.1575033170954246e+003	 -5.4946456181705153e+003	
  2.2800000000000000e+004	 -1.1555698118997977e+003	 -5.4975547058518396e+003	
  2.2830000000000000e+004	 -1.1572931233858849e+003	 -5.4983072094882136e+003	
  2.2860000000000000e+004	 -1.1577317811477856e+003	 -5.4958849496772373e+003	
  2.2890000000000000e+004	 -1.1572209228579663e+003	 -5.4944813851531526e+003	
  2.2920000000000000e+004	 -1.1562630553073031e+003	 -5.4952170466273492e+003	
  2.2950000000000000e+004	 -1.1568897132677566e+003	 -5.4981892130058859e+003	
  2.2980000000000000e+004	 -1.1578079429465204e+003	 -5.4973815456721723e+003	
  2.3010000000000000e+004	 -1.1573127085205772e+003	 -5.5006760369473941e+003	
  2.3040000000000000e+004	 -1.1564461145877817e+003	 -5.5039917376872227e+003	
  2.3070000000000000e+004	 -1.1543461721911854e+003	 -5.5087078230873785e+003	
  2.3100000000000000e+004	 -1.1545156392348281e+003	 -5.5066184864926026e+003	
  2.3130000000000000e+004	 -1.1537515225094071e+003	 -5.4990296571196204e+003	
  2.3160000000000000e+004	 -1.1527087216512982e+003	 -5.4970148176067132e+003	
  2.3190000000000000e+004	 -1.1822976790984806e+003	 -5.5265589947588533e+003	
  2.3220000000000000e+004	 -1.2136554824377074e+003	 -5.5180529546340167e+003	
  2.3250000000000000e+004	 -1.2032446584994047e+003	 -5.5123801193445843e+003	
  2.3280000000000000e+004	 -1.2059257613777647e+003	 -5.5073474300234129e+003	
  2.3310000000000000e+004	 -1.2029057656886002e+003	 -5.4982703152744753e+003	
  2.3340000000000000e+004	 -1.2037716185118938e+003	 -5.4795435987672299e+003	
  2.3370000000000000e+004	 -1.2105245196758660e+003	 -5.4706778108746021e+003	
  2.3400000000000000e+004	 -1.2057942693722614e+003	 -5.4780424079585837e+003	
  2.3430000000000000e+004	 -1.2073749097096465e+003	 -5.4924341195161551e+003	
  2.3460000000000000e+004	 -1.2015978968337447e+003	 -5.4876474837746482e+003	
  2.3490000000000000e+004	 -1.1932295760731140e+003	 -5.5051242688853108e+003	
  2.3520000000000000e+004	 -1.1627378847431391e+003	 -5.5351798854387398e+003	
  2.3550000000000000e+004	 -1.1586130246946902e+003	 -5.5391594714561061e+003	
  2.3580000000000000e+004	 -1.2140919061422230e+003	 -5.4736215284250729e+003	
  2.3610000000000000e+004	 -1.1933730005172279e+003	 -5.4722857230863483e+003	
  2.3640000000000000e+004	 -1.2116831875957496e+003	 -5.4726803936802289e+003	
  2.3670000000000000e+004	 -1.2121315339686848e+003	 -5.4745706548270828e+003	
  2.3700000000000000e+004	 -1.2123033182802005e+003	 -5.4869795808198505e+003	
  2.3730000000000000e+004	 -1.2132394185237335e+003	 -5.4927917547095112e+003	
  2.3760000000000000e+004	 -1.2124269275144991e+003	 -5.4712625538263073e+003	
  2.3790000000000000e+004	 -1.1963255284672268e+003	 -5.4462846181248606e+003	
  2.3820000000000000e+004	 -1.2008762227673185e+003	 -5.5060024365078798e+003	
  2.3850000000000000e+004	 -1.2097248765989616e+003	 -5.5020073888835650e+003	
  2.3880000000000000e+004	 -1.2039478673920960e+003	 -5.5071279758193305e+003	
  2.3910000000000000e+004	 -1.2171664487732073e+003	 -5.4973320720802976e+003	
  2.3940000000000000e+004	 -1.2062889382722956e+003	 -5.4879055376309816e+003	
  2.3970000000000000e+004	 -1.2071790784952989e+003	 -5.4960519249597255e+003	
  2.4000000000000000e+004	 -1.2080692187183020e+003	 -5.5041983122884703e+003	
  2.4030000000000000e+004	 -1.2153416629472317e+003	 -5.4878599983117447e+003	
  2.4060000000000000e+004	 -1.2102455015966605e+003	 -5.4834391545141434e+003	
  2.4090000000000000e+004	 -1.2053935592548514e+003	 -5.4886035017457389e+003	
  2.4120000000000000e+004	 -1.2076196950112012e+003	 -5.4974155586651104e+003	
  2.4150000000000000e+004	 -1.2045843173812227e+003	 -5.4902634363274337e+003	
  2.4180000000000000e+004	 -1.2066704573606339e+003	 -5.4933277483115953e+003	
  2.4210000000000000e+004	 -1.2079121889283711e+003	 -5.4940282372932397e+003	
  2.4240000000000000e+004	 -1.2076109108886640e+003	 -5.4875632825887915e+003	
  2.4270000000000000e+004	 -1.2073096328489564e+003	 -5.4810983278843432e+003	
  2.4300000000000000e+004	 -1.2077894167456020e+003	 -5.4843524980098937e+003	
  2.4330000000000000e+004	 -1.2066242239615942e+003	 -5.4885009155904381e+003	
  2.4360000000000000e+004	 -1.2137981581978727e+003	 -5.4964860610716478e+003	
  2.4390000000000000e+004	 -1.2143269032470916e+003	 -5.4907519941297569e+003	
  2.4420000000000000e+004	 -1.2112425653095850e+003	 -5.4873135323804518e+003	
  2.4450000000000000e+004	 -1.2110956931126891e+003	 -5.4792430429884816e+003	
  2.4480000000000000e+004	 -1.2123318762783097e+003	 -5.4769146601636594e+003	
  2.4510000000000000e+004	 -1.2056246660506231e+003	 -5.4420492167401762e+003	
  2.4540000000000000e+004	 -1.2122445677928324e+003	 -5.3825084831769755e+003	
  2.4570000000000000e+004	 -1.2200451623702884e+003	 -5.3654046109525334e+003	
  2.4600000000000000e+004	 -1.2010691529526796e+003	 -5.4486197084811374e+003	
  2.4630000000000000e+004	 -1.2086793565943676e+003	 -5.4467817397525559e+003	
  2.4660000000000000e+004	 -1.2178507691043892e+003	 -5.4363921438064681e+003	
  2.4690000000000000e+004	 -1.2270221816144110e+003	 -5.4260025478603820e+003	
  2.4720000000000000e+004	 -1.2182641325322400e+003	 -5.4766446677348267e+003	
  2.4750000000000000e+004	 -1.2176391429513283e+003	 -5.4817745466355300e+003	
  2.4780000000000000e+004	 -1.2181924314100463e+003	 -5.4790663877191937e+003	
  2.4810000000000000e+004	 -1.2150123094222108e+003	 -5.4909424705611236e+003	
  2.4840000000000000e+004	 -1.2078236844139410e+003	 -5.4895584273968816e+003	
  2.4870000000000000e+004	 -1.2055145132399680e+003	 -5.4923228019393955e+003	
  2.4900000000000000e+004	 -1.1986184683702540e+003	 -5.4892536307259406e+003	
  2.4930000000000000e+004	 -1.2077665687301558e+003	 -5.4863580611028110e+003	
  2.4960000000000000e+004	 -1.2181456036274412e+003	 -5.4840853366333513e+003	
  2.4990000000000000e+004	 -1.2147063223313642e+003	 -5.4871604714337827e+003	
  2.5020000000000000e+004	 -1.2023444987850285e+003	 -5.4863603801004847e+003	
  2.5050000000000000e+004	 -1.2005105188380212e+003	 -5.4581250168018178e+003	
  2.5080000000000000e+004	 -1.1991826481999178e+003	 -5.4427825692961842e+003	
  2.5110000000000000e+004	 -1.2140698739004399e+003	 -5.4996279871142124e+003	
  2.5140000000000000e+004	 -1.2106909717221240e+003	 -5.4665862888335241e+003	
  2.5170000000000000e+004	 -1.2058213175576323e+003	 -5.4605974285553075e+003	
  2.5200000000000000e+004	 -1.2113182286253584e+003	 -5.4781349309101597e+003	
  2.5230000000000000e+004	 -1.2103647423094533e+003	 -5.4679598906085967e+003	
  2.5260000000000000e+004	 -1.2157614779662997e+003	 -5.4490877585034696e+003	
  2.5290000000000000e+004	 -1.2200944373617899e+003	 -5.5169669721236733e+003	
  2.5320000000000000e+004	 -1.2167446601754068e+003	 -5.4739982948801053e+003	
  2.5350000000000000e+004	 -1.2140331549284258e+003	 -5.4733988949753812e+003	
  2.5380000000000000e+004	 -1.2044700816682146e+003	 -5.4729907321337669e+003	
  2.5410000000000000e+004	 -1.2037716199065262e+003	 -5.4683673622213937e+003	
  2.5440000000000000e+004	 -1.2028738590497519e+003	 -5.4741885497674402e+003	
  2.5470000000000000e+004	 -1.2061445797124602e+003	 -5.4786791973884428e+003	
  2.5500000000000000e+004	 -1.2100186233312618e+003	 -5.4758670635779108e+003	
  2.5530000000000000e+004	 -1.2093800433429894e+003	 -5.4806199868693202e+003	
  2.5560000000000000e+004	 -1.2085466615514604e+003	 -5.4768436079068497e+003	
  2.5590000000000000e+004	 -1.2078042268282240e+003	 -5.4765500250227797e+003	
  2.5620000000000000e+004	 -1.2070617921049879e+003	 -5.4762564421387115e+003	
  2.5650000000000000e+004	 -1.2085101133161888e+003	 -5.4782898907882636e+003	
  2.5680000000000000e+004	 -1.2094222290088953e+003	 -5.4814946837553089e+003	
  2.5710000000000000e+004	 -1.1850501877679535e+003	 -5.4658293321772117e+003	
  2.5740000000000000e+004	 -1.1736404681353008e+003	 -5.4687821651432341e+003	
  2.5770000000000000e+004	 -1.1572422080899155e+003	 -5.4789647502406860e+003	
  2.5800000000000000e+004	 -1.1434879704394586e+003	 -5.4801826896310586e+003	
  2.5830000000000000e+004	 -1.1264143067959417e+003	 -5.4713073042224878e+003	
  2.5860000000000000e+004	 -1.1110506052356743e+003	 -5.4533618177945009e+003	
  2.5890000000000000e+004	 -1.1083171307454468e+003	 -5.4309499737982815e+003	
  2.5920000000000000e+004	 -1.1095941118806109e+003	 -5.4089741236325135e+003	
  2.5950000000000000e+004	 -1.1065611847796799e+003	 -5.3926939978315186e+003	
  2.5980000000000000e+004	 -1.1056272727281539e+003	 -5.3907555439745111e+003	
  2.6010000000000000e+004	 -1.1066750094488830e+003	 -5.3908642233454848e+003	
  2.6040000000000000e+004	 -1.1073391013982341e+003	 -5.3911931365827886e+003	
  2.6070000000000000e+004	 -1.1059345216135846e+003	 -5.3832361674003923e+003	
  2.6100000000000000e+004	 -1.1001575153234596e+003	 -5.3693174067349319e+003	
  2.6130000000000000e+004	 -1.0855681128997614e+003	 -5.3414742171913567e+003	
  2.6160000000000000e+004	 -1.0666971423641778e+003	 -5.3132135880927372e+003	
  2.6190000000000000e+004	 -1.0474137382238107e+003	 -5.3070169366254913e+003	
  2.6220000000000000e+004	 -1.0187789128058952e+003	 -5.3074993110184978e+003	
  2.6250000000000000e+004	 -1.0001388628272128e+003	 -5.3202221125308752e+003	
  2.6280000000000000e+004	 -9.9837442482523045e+002	 -5.3216180299750231e+003	
  2.6310000000000000e+004	 -1.0000335491697798e+003	 -5.3280558686200802e+003	
  2.6340000000000000e+004	 -1.0002715392073769e+003	 -5.3632784538897185e+003	
  2.6370000000000000e+004	 -9.9147138836469674e+002	 -5.3916735911075639e+003	
  2.6400000000000000e+004	 -9.6842862343301510e+002	 -5.4284082339624783e+003	
  2.6430000000000000e+004	 -9.6252105792744624e+002	 -5.4636029908524906e+003	
  2.6460000000000000e+004	 -9.6878298934071313e+002	 -5.4947717786325566e+003	
  2.6490000000000000e+004	 -9.7134977094742362e+002	 -5.5146418811170324e+003	
  2.6520000000000000e+004	 -9.5990065857026036e+002	 -5.5525294507367116e+003	
  2.6550000000000000e+004	 -9.6366340862583252e+002	 -5.5871125866142893e+003	
  2.6580000000000000e+004	 -9.6511433614619307e+002	 -5.6272998450170189e+003	
  2.6610000000000000e+004	 -9.5116399836619030e+002	 -5.6430461551102844e+003	
  2.6640000000000000e+004	 -9.5236437569447423e+002	 -5.6458290826712882e+003	
  2.6670000000000000e+004	 -9.5095684206078079e+002	 -5.6458290826712882e+003	
  2.6700000000000000e+004	 -9.5108437471776188e+002	 -5.6459967628655995e+003	
  2.6730000000000000e+004	 -9.5238578159702331e+002	 -5.6462926690908535e+003	
  2.6760000000000000e+004	 -9.5368718847628463e+002	 -5.6465885753161092e+003	
  2.6790000000000000e+004	 -9.5240313215509764e+002	 -5.6473465104882407e+003	
  2.6820000000000000e+004	 -9.5177367528758180e+002	 -5.6465764972577890e+003	
  2.6850000000000000e+004	 -9.5151964265388813e+002	 -5.6465571218690138e+003	
  2.6880000000000000e+004	 -9.5124953239675494e+002	 -5.6470945148717956e+003	
  2.6910000000000000e+004	 -9.5097942213962187e+002	 -5.6476319078745773e+003	
  2.6940000000000000e+004	 -9.5222129154458332e+002	 -5.6510927909232632e+003	
  2.6970000000000000e+004	 -9.5222791491271937e+002	 -5.6498130631219656e+003	
  2.7000000000000000e+004	 -9.5331701303412331e+002	 -5.6506033490133877e+003	
  2.7030000000000000e+004	 -9.5250105339078038e+002	 -5.6515062549182667e+003	
  2.7060000000000000e+004	 -9.5250105339078038e+002	 -5.6515062549182667e+003	
  2.7090000000000000e+004	 -9.5011341928929266e+002	 -5.6559332496104826e+003	
  2.7120000000000000e+004	 -9.6292459218837098e+002	 -5.6472458455719798e+003	
  2.7150000000000000e+004	 -9.4469841654784841e+002	 -5.6951703861365895e+003	
  2.7180000000000000e+004	 -9.4789902441289530e+002	 -5.8413204620185979e+003	
  2.7210000000000000e+004	 -8.8295662054829336e+002	 -5.9723777943136083e+003	
  2.7240000000000000e+004	 -8.7091621404149407e+002	 -5.9807289969472240e+003	
  2.7270000000000000e+004	 -7.8721980967728382e+002	 -5.9968204607047328e+003	
  2.7300000000000000e+004	 -7.4511617341935096e+002	 -5.9853462364864063e+003	
  2.7330000000000000e+004	 -7.1755297815588096e+002	 -5.9752322834156666e+003	
  2.7360000000000000e+004	 -6.0220484319543493e+002	 -6.0015471561258419e+003	
  2.7390000000000000e+004	 -6.0555061381862788e+002	 -6.0020496615713419e+003	
  2.7420000000000000e+004	 -5.9325964888686349e+002	 -6.0071468120181707e+003	
  2.7450000000000000e+004	 -6.2503269424819314e+002	 -5.9721662914757953e+003	
  2.7480000000000000e+004	 -6.5793880507183997e+002	 -5.9555132542439169e+003	
  2.7510000000000000e+004	 -6.2747078109913139e+002	 -5.9306153297197588e+003	
  2.7540000000000000e+004	 -5.9290664429574645e+002	 -5.8970578624488116e+003	
  2.7570000000000000e+004	 -5.6367888836175359e+002	 -5.8600588408849853e+003	
  2.7600000000000000e+004	 -5.4441402138014917e+002	 -5.8277768820309275e+003	
  2.7630000000000000e+004	 -5.2822126106402789e+002	 -5.8209587098073798e+003	
  2.7660000000000000e+004	 -5.5506233076793285e+002	 -5.8021500946213710e+003	
  2.7690000000000000e+004	 -5.6598365992609979e+002	 -5.7973744697831426e+003	
  2.7720000000000000e+004	 -5.6434546209178370e+002	 -5.8012919747275837e+003	
  2.7750000000000000e+004	 -5.4752283268774374e+002	 -5.7782964317228216e+003	
  2.7780000000000000e+004	 -5.2735838113910961e+002	 -5.8995764117854624e+003	
  2.7810000000000000e+004	 -5.7166275495388993e+002	 -5.9763723660632759e+003	
  2.7840000000000000e+004	 -5.7768911907540701e+002	 -5.9731771461614089e+003	
  2.7870000000000000e+004	 -5.7683218527045585e+002	 -5.9712015437786431e+003	
  2.7900000000000000e+004	 -5.7564415309777883e+002	 -5.9743703707451368e+003	
  2.7930000000000000e+004	 -5.7886153491001983e+002	 -5.9720274733329343e+003	
  2.7960000000000000e+004	 -5.7539936023495454e+002	 -5.9821514355738345e+003	
  2.7990000000000000e+004	 -5.7671709340032544e+002	 -5.9767982553006177e+003	
  2.8020000000000000e+004	 -5.7787662375593470e+002	 -5.9752163808590112e+003	
  2.8050000000000000e+004	 -5.7929872484338409e+002	 -5.9705304608706128e+003	
  2.8080000000000000e+004	 -5.7874279289895844e+002	 -5.9699473712135741e+003	
  2.8110000000000000e+004	 -5.7811907718161331e+002	 -5.9709730785982320e+003	
  2.8140000000000000e+004	 -5.7797920328956263e+002	 -5.9718477127944634e+003	
  2.8170000000000000e+004	 -5.7777870771112191e+002	 -5.9743258441752869e+003	
  2.8200000000000000e+004	 -5.7761630911753969e+002	 -5.9767042297239477e+003	
  2.8230000000000000e+004	 -5.7861934477123668e+002	 -5.9745864889552940e+003	
