  0.0000000000000000e+000	  1.5737169568373113e+003	 -5.8512091319759738e+003	
  3.0000000000000000e+001	  1.6004059033284716e+003	 -5.1435901826883392e+003	
  6.0000000000000000e+001	  1.6114086357139568e+003	 -4.4354193246797440e+003	
  9.0000000000000000e+001	  1.5988812195472547e+003	 -3.6722047346371814e+003	
  1.2000000000000000e+002	  1.4019872822996915e+003	 -2.9485362449572631e+003	
  1.5000000000000000e+002	  1.2107670622818412e+003	 -2.2757723914087555e+003	
  1.8000000000000000e+002	  1.0218656086580334e+003	 -1.6707845015373989e+003	
  2.1000000000000000e+002	  9.4088064907784394e+002	 -1.3616893020240145e+003	
  2.4000000000000000e+002	  9.0622748986758359e+002	 -1.2373627188864109e+003	
  2.7000000000000000e+002	  6.9930607616358009e+002	 -8.1097864104688836e+002	
  3.0000000000000000e+002	  5.4961949837708937e+002	 -3.6850800556344740e+002	
  3.3000000000000000e+002	  4.0309604247104005e+002	 -7.6507281760424775e+001	
  3.6000000000000000e+002	  1.8723447578473778e+002	 -8.7887663755340228e+001	
  3.9000000000000000e+002	  2.4946351668166696e+002	  2.8320725560381202e+001	
  4.2000000000000000e+002	  2.6183135122155147e+002	  1.1017772867777396e+002	
  4.5000000000000000e+002	  2.4280149992155489e+002	  1.0731684740141840e+002	
  4.8000000000000000e+002	  2.0789463612995576e+002	  9.3791861411676322e+001	
  5.1000000000000000e+002	  1.8029880395313887e+002	  7.1862327836971076e+001	
  5.4000000000000000e+002	  1.5720708782479775e+002	  4.2919897567067835e+001	
  5.7000000000000000e+002	  1.3077849254863875e+002	  1.3082762853793271e+001	
  6.0000000000000000e+002	  1.1399372162769600e+002	 -1.9894613342097955e+001	
  6.3000000000000000e+002	  1.2741902827100193e+002	 -4.6801493170898652e+001	
  6.6000000000000000e+002	  1.3575397493476126e+002	 -5.0573163535445609e+001	
  6.9000000000000000e+002	  1.3690592984069920e+002	 -5.2144794424451611e+001	
  7.2000000000000000e+002	  1.3256500441307722e+002	 -5.2552957114268111e+001	
  7.5000000000000000e+002	  1.3434528643235490e+002	 -4.3040386277882675e+001	
  7.8000000000000000e+002	  1.3651427319329028e+002	 -3.5669797963534954e+001	
  8.1000000000000000e+002	  1.3289337037746188e+002	 -4.5987082564897939e+001	
  8.4000000000000000e+002	  1.3295133950614726e+002	 -4.8272025959461054e+001	
  8.7000000000000000e+002	  1.3300930863483268e+002	 -5.0556969354024190e+001	
  9.0000000000000000e+002	  1.3306727776351809e+002	 -5.2841912748587312e+001	
  9.3000000000000000e+002	  1.3312524689220348e+002	 -5.5126856143150441e+001	
  9.6000000000000000e+002	  1.3318321602088886e+002	 -5.7411799537713563e+001	
  9.9000000000000000e+002	  1.3431616271092940e+002	 -5.6038046840462485e+001	
  1.0200000000000000e+003	  1.3548617759274080e+002	 -5.4538132209010932e+001	
  1.0500000000000000e+003	  1.3665619247455220e+002	 -5.3038217577559372e+001	
  1.0800000000000000e+003	  1.3751793863745712e+002	 -5.1357314187507782e+001	
  1.1100000000000000e+003	  1.2943989195207376e+002	 -4.4427736798055349e+001	
  1.1400000000000000e+003	  1.3298931168577772e+002	 -4.8805220602126724e+001	
  1.1700000000000000e+003	  1.2584151858911032e+002	 -4.7246729967071538e+001	
  1.2000000000000000e+003	  1.2823135915534147e+002	 -4.4653407071602629e+001	
  1.2300000000000000e+003	  1.3140960823389690e+002	 -4.9272743369171366e+001	
  1.2600000000000000e+003	  1.3002838090271609e+002	 -5.2345079533281506e+001	
  1.2900000000000000e+003	  1.2399302651698343e+002	 -4.9391756308251644e+001	
  1.3200000000000000e+003	  1.2728873450075710e+002	 -5.0287696830018476e+001	
  1.3500000000000000e+003	  1.3058444248453080e+002	 -5.1183637351785322e+001	
  1.3800000000000000e+003	  1.2982228983637503e+002	 -5.1568969597524237e+001	
  1.4100000000000000e+003	  1.2454062513042689e+002	 -5.1190641615041514e+001	
  1.4400000000000000e+003	  1.2880608301132202e+002	 -5.1360300380762979e+001	
  1.4700000000000000e+003	  1.3131885965933768e+002	 -4.9992302062403667e+001	
  1.5000000000000000e+003	  1.3383163630735331e+002	 -4.8624303744044376e+001	
  1.5300000000000000e+003	  1.3714091874253447e+002	 -4.9762557681254442e+001	
  1.5600000000000000e+003	  1.3805644417904099e+002	 -4.9459222484134855e+001	
  1.5900000000000000e+003	  1.3904978126322956e+002	 -4.8178305954773585e+001	
  1.6200000000000000e+003	  1.3733718104113709e+002	 -4.6330285126438035e+001	
  1.6500000000000000e+003	  1.3852467754511039e+002	 -4.5548603235478332e+001	
  1.6800000000000000e+003	  1.3352240648924300e+002	 -4.4525697070235438e+001	
  1.7100000000000000e+003	  1.3475178409382136e+002	 -4.5910917785079164e+001	
  1.7400000000000000e+003	  1.7421171994206469e+002	 -6.9196544990867949e+001	
  1.7700000000000000e+003	  1.1644154235269805e+002	 -1.1610020253396722e+002	
  1.8000000000000000e+003	 -1.2728202837711399e+002	 -1.1509462132166655e+002	
  1.8300000000000000e+003	 -3.3230472900417470e+002	 -1.1759929115910613e+002	
  1.8600000000000000e+003	 -5.1481908960923579e+002	 -1.9897206031050627e+002	
  1.8900000000000000e+003	 -4.4966616155007966e+002	 -5.1491227257687217e+002	
  1.9200000000000000e+003	 -1.7485670951560476e+002	 -9.1643861173213452e+002	
  1.9500000000000000e+003	  1.5898586358318275e+002	 -1.1170413002607456e+003	
  1.9800000000000000e+003	  6.2245770077578891e+002	 -1.2261073211635244e+003	
  2.0100000000000000e+003	  9.6715536062781541e+002	 -1.6012614087228908e+003	
  2.0400000000000000e+003	  1.1237955669937860e+003	 -2.1478376446088159e+003	
  2.0700000000000000e+003	  1.2818516798128533e+003	 -2.6489618398075331e+003	
  2.1000000000000000e+003	  1.4395728192576987e+003	 -3.1640143442338490e+003	
  2.1300000000000000e+003	  1.5744023608080795e+003	 -3.6828410830556600e+003	
  2.1600000000000000e+003	  1.5898472331846815e+003	 -4.2326350669076319e+003	
  2.1900000000000000e+003	  1.5675238029999421e+003	 -4.7412385013657940e+003	
  2.2200000000000000e+003	  1.3389745083697610e+003	 -4.7058229665447461e+003	
  2.2500000000000000e+003	  1.7146172540545988e+003	 -4.6734742175008687e+003	
  2.2800000000000000e+003	  2.1568033203547484e+003	 -4.7518072029724935e+003	
  2.3100000000000000e+003	  2.5521640548502673e+003	 -4.7045564248993351e+003	
  2.3400000000000000e+003	  2.6324372957846103e+003	 -4.6818452625270202e+003	
  2.3700000000000000e+003	  2.6444074564019911e+003	 -4.6865205810585876e+003	
  2.4000000000000000e+003	  2.5187826654136193e+003	 -4.8396785986442092e+003	
  2.4300000000000000e+003	  2.3744693155450041e+003	 -5.0084273689356205e+003	
  2.4600000000000000e+003	  2.3169756787951792e+003	 -5.1965467196182235e+003	
  2.4900000000000000e+003	  2.2449272042630982e+003	 -5.2536218347573340e+003	
  2.5200000000000000e+003	  2.2527152479863380e+003	 -5.1402610671179054e+003	
  2.5500000000000000e+003	  2.2255141835808026e+003	 -5.1373970183855627e+003	
  2.5800000000000000e+003	  2.1986271955569523e+003	 -5.1338340337599457e+003	
  2.6100000000000000e+003	  2.1561374947892391e+003	 -5.1399819180704017e+003	
  2.6400000000000000e+003	  2.1277069794292211e+003	 -5.1426757924628109e+003	
  2.6700000000000000e+003	  2.1179932068433468e+003	 -5.1476951812044435e+003	
  2.7000000000000000e+003	  2.0969769942015459e+003	 -5.1645162064587148e+003	
  2.7300000000000000e+003	  2.0842479905226346e+003	 -5.1759596055195543e+003	
  2.7600000000000000e+003	  2.0742861594528454e+003	 -5.1822756403817066e+003	
  2.7900000000000000e+003	  2.0708009388913883e+003	 -5.1905273028970005e+003	
  2.8200000000000000e+003	  2.0749133844122298e+003	 -5.1972423741755265e+003	
  2.8500000000000000e+003	  2.0746933381911608e+003	 -5.2026433906412331e+003	
  2.8800000000000000e+003	  2.0747501936393901e+003	 -5.2062823825933929e+003	
  2.9100000000000000e+003	  2.0729980244241920e+003	 -5.2176917990531556e+003	
  2.9400000000000000e+003	  2.0701636299956313e+003	 -5.2175746235922916e+003	
  2.9700000000000000e+003	  2.0636661674215402e+003	 -5.2177925706365968e+003	
  3.0000000000000000e+003	  2.0472196386102169e+003	 -5.2154215171816059e+003	
  3.0300000000000000e+003	  2.0318481736500789e+003	 -5.2390592741350038e+003	
  3.0600000000000000e+003	  2.0083183440908799e+003	 -5.2580345590387578e+003	
  3.0900000000000000e+003	  2.0049732119280013e+003	 -5.2946653767080170e+003	
  3.1200000000000000e+003	  2.0119864042565755e+003	 -5.3317053233093084e+003	
  3.1500000000000000e+003	  2.0321019059893169e+003	 -5.3556254039754112e+003	
  3.1800000000000000e+003	  2.0623034147567123e+003	 -5.3818765949770132e+003	
  3.2100000000000000e+003	  2.0860349463912653e+003	 -5.4056763546852180e+003	
  3.2400000000000000e+003	  2.0904527347590615e+003	 -5.4354866351132669e+003	
  3.2700000000000000e+003	  2.0862592256460111e+003	 -5.4512498008073553e+003	
  3.3000000000000000e+003	  2.0958655229446026e+003	 -5.4529646854513312e+003	
  3.3300000000000000e+003	  2.0946563991960033e+003	 -5.4502338055394184e+003	
  3.3600000000000000e+003	  2.0919485650592082e+003	 -5.4528878216964740e+003	
  3.3900000000000000e+003	  2.0838460203061718e+003	 -5.4563615208901001e+003	
  3.4200000000000000e+003	  2.0613945278250653e+003	 -5.4742449043258630e+003	
  3.4500000000000000e+003	  2.0509077883516147e+003	 -5.4988348526470181e+003	
  3.4800000000000000e+003	  2.0348986165020510e+003	 -5.5129164659803528e+003	
  3.5100000000000000e+003	  2.0317109221090318e+003	 -5.5214384077509922e+003	
  3.5400000000000000e+003	  2.0333319682205722e+003	 -5.5183710036173643e+003	
  3.5700000000000000e+003	  2.0333319682205722e+003	 -5.5183710036173643e+003	
  3.6000000000000000e+003	  2.0333319682205722e+003	 -5.5183710036173643e+003	
  3.6300000000000000e+003	  2.0333319682205722e+003	 -5.5183710036173643e+003	
  3.6600000000000000e+003	  2.0333319682205722e+003	 -5.5183710036173643e+003	
  3.6900000000000000e+003	  2.0333319682205722e+003	 -5.5183710036173643e+003	
  3.7200000000000000e+003	  2.0333319682205722e+003	 -5.5183710036173643e+003	
  3.7500000000000000e+003	  2.0333319682205722e+003	 -5.5183710036173643e+003	
  3.7800000000000000e+003	  2.0333319682205722e+003	 -5.5183710036173643e+003	
  3.8100000000000000e+003	  2.0333319682205722e+003	 -5.5183710036173643e+003	
  3.8400000000000000e+003	  2.0333319682205722e+003	 -5.5183710036173643e+003	
  3.8700000000000000e+003	  2.0333319682205722e+003	 -5.5183710036173643e+003	
  3.9000000000000000e+003	  2.0333319682205722e+003	 -5.5183710036173643e+003	
  3.9300000000000000e+003	  2.0333319682205722e+003	 -5.5183710036173643e+003	
  3.9600000000000000e+003	  2.0333319682205722e+003	 -5.5183710036173643e+003	
  3.9900000000000000e+003	  2.0333319682205722e+003	 -5.5183710036173643e+003	
  4.0200000000000000e+003	  2.0333319682205722e+003	 -5.5183710036173643e+003	
  4.0500000000000000e+003	  2.0333319682205722e+003	 -5.5183710036173643e+003	
  4.0800000000000000e+003	  2.0333319682205722e+003	 -5.5183710036173643e+003	
  4.1100000000000000e+003	  2.0333319682205722e+003	 -5.5183710036173643e+003	
  4.1400000000000000e+003	  2.0333319682205722e+003	 -5.5183710036173643e+003	
  4.1700000000000000e+003	  2.0333319682205722e+003	 -5.5183710036173643e+003	
  4.2000000000000000e+003	  2.0333319682205722e+003	 -5.5183710036173643e+003	
  4.2300000000000000e+003	  2.0333319682205722e+003	 -5.5183710036173643e+003	
  4.2600000000000000e+003	  2.0333319682205722e+003	 -5.5183710036173643e+003	
  4.2900000000000000e+003	  2.0333319682205722e+003	 -5.5183710036173643e+003	
  4.3200000000000000e+003	  2.0333319682205722e+003	 -5.5183710036173643e+003	
  4.3500000000000000e+003	  2.0333319682205722e+003	 -5.5183710036173643e+003	
  4.3800000000000000e+003	  2.0333319682205722e+003	 -5.5183710036173643e+003	
  4.4100000000000000e+003	  2.0333319682205722e+003	 -5.5183710036173643e+003	
  4.4400000000000000e+003	  2.0333319682205722e+003	 -5.5183710036173643e+003	
  4.4700000000000000e+003	  2.0333319682205722e+003	 -5.5183710036173643e+003	
  4.5000000000000000e+003	  2.0333319682205722e+003	 -5.5183710036173643e+003	
  4.5300000000000000e+003	  2.0333319682205722e+003	 -5.5183710036173643e+003	
  4.5600000000000000e+003	  2.0333319682205722e+003	 -5.5183710036173643e+003	
  4.5900000000000000e+003	  2.0333319682205722e+003	 -5.5183710036173643e+003	
  4.6200000000000000e+003	  2.0333319682205722e+003	 -5.5183710036173643e+003	
  4.6500000000000000e+003	  2.0333319682205722e+003	 -5.5183710036173643e+003	
  4.6800000000000000e+003	  2.0333319682205722e+003	 -5.5183710036173643e+003	
  4.7100000000000000e+003	  2.0333319682205722e+003	 -5.5183710036173643e+003	
  4.7400000000000000e+003	  2.0333319682205722e+003	 -5.5183710036173643e+003	
  4.7700000000000000e+003	  2.0333319682205722e+003	 -5.5183710036173643e+003	
  4.8000000000000000e+003	  2.0238540338302587e+003	 -5.5507221927557102e+003	
  4.8300000000000000e+003	  2.0125516962062004e+003	 -5.5893006474193153e+003	
  4.8600000000000000e+003	  2.0012493585821426e+003	 -5.6278791020829203e+003	
  4.8900000000000000e+003	  2.0128798832176990e+003	 -5.6390804829479148e+003	
  4.9200000000000000e+003	  2.0394157797769376e+003	 -5.6127456407455793e+003	
  4.9500000000000000e+003	  2.0057524566286625e+003	 -5.6123523205288120e+003	
  4.9800000000000000e+003	  1.9804445808997964e+003	 -5.5972874062808396e+003	
  5.0100000000000000e+003	  1.9812156928087666e+003	 -5.5719217101457516e+003	
  5.0400000000000000e+003	  1.9816443730202382e+003	 -5.5577327296366202e+003	
  5.0700000000000000e+003	  1.9774731752677199e+003	 -5.5507197522986635e+003	
  5.1000000000000000e+003	  1.9828565661395332e+003	 -5.5438626193388536e+003	
  5.1300000000000000e+003	  1.9734166293547439e+003	 -5.5554598369264386e+003	
  5.1600000000000000e+003	  1.9584756251346680e+003	 -5.5765898467859115e+003	
  5.1900000000000000e+003	  1.9522212763557088e+003	 -5.5756993097018794e+003	
  5.2200000000000000e+003	  1.9657017823718029e+003	 -5.5595583301178358e+003	
  5.2500000000000000e+003	  1.9658486550474249e+003	 -5.5495397912491499e+003	
  5.2800000000000000e+003	  1.9861712906342377e+003	 -5.5332220137478653e+003	
  5.3100000000000000e+003	  2.0072330557419489e+003	 -5.5085548587469884e+003	
  5.3400000000000000e+003	  2.0332340533751026e+003	 -5.4973826703909208e+003	
  5.3700000000000000e+003	  2.0342376861510536e+003	 -5.5114136851709773e+003	
  5.4000000000000000e+003	  2.0299889656055445e+003	 -5.5106287680659552e+003	
  5.4300000000000000e+003	  2.0260569285984027e+003	 -5.5103132234342156e+003	
  5.4600000000000000e+003	  2.0221248915912604e+003	 -5.5099976788024751e+003	
  5.4900000000000000e+003	  2.0181928545841181e+003	 -5.5096821341707364e+003	
  5.5200000000000000e+003	  2.0285567070958064e+003	 -5.5207942906083026e+003	
  5.5500000000000000e+003	  2.0364717890771294e+003	 -5.5336214463460901e+003	
  5.5800000000000000e+003	  2.0399902168033170e+003	 -5.5071279758193305e+003	
  5.6100000000000000e+003	  2.0523079783432304e+003	 -5.4825491607737686e+003	
  5.6400000000000000e+003	  2.0658248252501839e+003	 -5.4610683853425135e+003	
  5.6700000000000000e+003	  2.0824528736263392e+003	 -5.4420445785116162e+003	
  5.7000000000000000e+003	  2.0905234777658134e+003	 -5.4192077070276073e+003	
  5.7300000000000000e+003	  2.0727918866354357e+003	 -5.3876568984951018e+003	
  5.7600000000000000e+003	  2.0705850223649472e+003	 -5.3658323262237227e+003	
  5.7900000000000000e+003	  2.0816089353696557e+003	 -5.3542577935880818e+003	
  5.8200000000000000e+003	  2.0923227495497895e+003	 -5.3532506390346825e+003	
  5.8500000000000000e+003	  2.0907974450419301e+003	 -5.3577280603412701e+003	
  5.8800000000000000e+003	  2.0807393539501950e+003	 -5.3546977612188202e+003	
  5.9100000000000000e+003	  2.0646649043553753e+003	 -5.3712097975367942e+003	
  5.9400000000000000e+003	  2.0817144278635046e+003	 -5.3930418640953212e+003	
  5.9700000000000000e+003	  2.0879198174920384e+003	 -5.4347162031794614e+003	
  6.0000000000000000e+003	  2.0795340619029275e+003	 -5.4660360637075273e+003	
  6.0300000000000000e+003	  2.0809188646014532e+003	 -5.4676104059610052e+003	
  6.0600000000000000e+003	  2.0950578537357992e+003	 -5.4748905438107849e+003	
  6.0900000000000000e+003	  2.1073476716686814e+003	 -5.5090529466302351e+003	
  6.1200000000000000e+003	  2.1012219869118926e+003	 -5.5033513391473789e+003	
  6.1500000000000000e+003	  2.0950963021551042e+003	 -5.4976497316645236e+003	
  6.1800000000000000e+003	  2.0889706173983159e+003	 -5.4919481241816684e+003	
  6.2100000000000000e+003	  2.0828449326415275e+003	 -5.4862465166988113e+003	
  6.2400000000000000e+003	  2.0767192478847387e+003	 -5.4805449092159561e+003	
  6.2700000000000000e+003	  2.0769975844981345e+003	 -5.4940243624067853e+003	
  6.3000000000000000e+003	  2.0777396102802959e+003	 -5.4991063287022653e+003	
  6.3300000000000000e+003	  2.0777995585788071e+003	 -5.5006397785635500e+003	
  6.3600000000000000e+003	  2.0778595068773184e+003	 -5.5021732284248328e+003	
  6.3900000000000000e+003	  2.0779194551758296e+003	 -5.5037066782861175e+003	
  6.4200000000000000e+003	  2.0779794034743404e+003	 -5.5052401281474004e+003	
  6.4500000000000000e+003	  2.0780393517728521e+003	 -5.5067735780086841e+003	
  6.4800000000000000e+003	  2.0780993000713629e+003	 -5.5083070278699679e+003	
  6.5100000000000000e+003	  2.0781592483698741e+003	 -5.5098404777312517e+003	
  6.5400000000000000e+003	  2.0782191966683858e+003	 -5.5113739275925354e+003	
  6.5700000000000000e+003	  2.0869830936947419e+003	 -5.5195732271870111e+003	
  6.6000000000000000e+003	  2.1435847380217579e+003	 -5.5635657453926551e+003	
  6.6300000000000000e+003	  2.1435847380217579e+003	 -5.5635657453926551e+003	
  6.6600000000000000e+003	  2.1435847380217579e+003	 -5.5635657453926551e+003	
  6.6900000000000000e+003	  2.1435847380217579e+003	 -5.5635657453926551e+003	
  6.7200000000000000e+003	  2.1435847380217579e+003	 -5.5635657453926551e+003	
  6.7500000000000000e+003	  2.1435847380217579e+003	 -5.5635657453926551e+003	
  6.7800000000000000e+003	  2.1435847380217579e+003	 -5.5635657453926551e+003	
  6.8100000000000000e+003	  2.1435847380217579e+003	 -5.5635657453926551e+003	
  6.8400000000000000e+003	  2.1435847380217579e+003	 -5.5635657453926551e+003	
  6.8700000000000000e+003	  2.1435847380217579e+003	 -5.5635657453926551e+003	
  6.9000000000000000e+003	  2.1435847380217579e+003	 -5.5635657453926551e+003	
  6.9300000000000000e+003	  2.1435847380217579e+003	 -5.5635657453926551e+003	
  6.9600000000000000e+003	  2.1344174976627105e+003	 -5.5578922526396209e+003	
  6.9900000000000000e+003	  2.0813105274097711e+003	 -5.5247160782391675e+003	
  7.0200000000000000e+003	  2.0695361957373998e+003	 -5.5257735907297038e+003	
  7.0500000000000000e+003	  2.0818784370801941e+003	 -5.5116029238511255e+003	
  7.0800000000000000e+003	  2.0859125518290862e+003	 -5.5283895427144653e+003	
  7.1100000000000000e+003	  2.0560598660736478e+003	 -5.4672437144017395e+003	
  7.1400000000000000e+003	  2.0402656035569466e+003	 -5.4635542888067966e+003	
  7.1700000000000000e+003	  2.0240506169003002e+003	 -5.4588456494500560e+003	
  7.2000000000000000e+003	  2.0275398938104297e+003	 -5.4602977290909330e+003	
  7.2300000000000000e+003	  2.0385704429081768e+003	 -5.4608757218087840e+003	
  7.2600000000000000e+003	  2.0703816598863737e+003	 -5.4567612704624062e+003	
  7.2900000000000000e+003	  2.0859125518290862e+003	 -5.4293173242970361e+003	
  7.3200000000000000e+003	  2.0750439400425294e+003	 -5.3972579996353761e+003	
  7.3500000000000000e+003	  2.0719106447784266e+003	 -5.3978402735018444e+003	
  7.3800000000000000e+003	  2.0727117711252140e+003	 -5.3975717111045587e+003	
  7.4100000000000000e+003	  2.0739134606453954e+003	 -5.3978753029830750e+003	
  7.4400000000000000e+003	  2.0751151501655763e+003	 -5.3981788948615904e+003	
  7.4700000000000000e+003	  2.0763168396857577e+003	 -5.3984824867401067e+003	
  7.5000000000000000e+003	  2.0793522172998414e+003	 -5.4046352868400218e+003	
  7.5300000000000000e+003	  2.0759162766286731e+003	 -5.4105452134990637e+003	
  7.5600000000000000e+003	  2.0751685595548356e+003	 -5.4139454443684590e+003	
  7.5900000000000000e+003	  2.0706377460267945e+003	 -5.4082783929194684e+003	
  7.6200000000000000e+003	  2.0783679113523344e+003	 -5.4091572118877975e+003	
  7.6500000000000000e+003	  2.0804292887724782e+003	 -5.4044170800954225e+003	
  7.6800000000000000e+003	  2.0702971718188237e+003	 -5.4059310525269821e+003	
  7.7100000000000000e+003	  2.0779953906669130e+003	 -5.4144644411157624e+003	
  7.7400000000000000e+003	  2.0699448041913902e+003	 -5.4042881017964337e+003	
  7.7700000000000000e+003	  2.0753376856288060e+003	 -5.4126197591327418e+003	
  7.8000000000000000e+003	  2.0741688214221758e+003	 -5.4158618693465687e+003	
  7.8300000000000000e+003	  2.0740763044614687e+003	 -5.4214072606718910e+003	
  7.8600000000000000e+003	  2.0747991524262266e+003	 -5.4129537102522581e+003	
  7.8900000000000000e+003	  2.0778628740596168e+003	 -5.4142250683446991e+003	
  7.9200000000000000e+003	  2.0467724921865001e+003	 -5.4168423879029233e+003	
  7.9500000000000000e+003	  2.0378936737457209e+003	 -5.3928511518876130e+003	
  7.9800000000000000e+003	  2.0397943843811997e+003	 -5.3834546792599949e+003	
  8.0100000000000000e+003	  2.0397943843811997e+003	 -5.3834546792599949e+003	
  8.0400000000000000e+003	  2.0397943843811997e+003	 -5.3834546792599949e+003	
  8.0700000000000000e+003	  2.0397943843811997e+003	 -5.3834546792599949e+003	
  8.1000000000000000e+003	  2.0397943843811997e+003	 -5.3834546792599949e+003	
  8.1300000000000000e+003	  2.0397943843811997e+003	 -5.3834546792599949e+003	
  8.1600000000000000e+003	  2.0397943843811997e+003	 -5.3834546792599949e+003	
  8.1900000000000000e+003	  2.0397943843811997e+003	 -5.3834546792599949e+003	
  8.2200000000000000e+003	  2.0397943843811997e+003	 -5.3834546792599949e+003	
  8.2500000000000000e+003	  2.0397943843811997e+003	 -5.3834546792599949e+003	
  8.2800000000000000e+003	  2.0397943843811997e+003	 -5.3834546792599949e+003	
  8.3100000000000000e+003	  2.0397943843811997e+003	 -5.3834546792599949e+003	
  8.3400000000000000e+003	  2.0397943843811997e+003	 -5.3834546792599949e+003	
  8.3700000000000000e+003	  2.0397943843811997e+003	 -5.3834546792599949e+003	
  8.4000000000000000e+003	  2.0397943843811997e+003	 -5.3834546792599949e+003	
  8.4300000000000000e+003	  2.0397943843811997e+003	 -5.3834546792599949e+003	
  8.4600000000000000e+003	  2.0397943843811997e+003	 -5.3834546792599949e+003	
  8.4900000000000000e+003	  2.0397943843811997e+003	 -5.3834546792599949e+003	
  8.5200000000000000e+003	  2.0397943843811997e+003	 -5.3834546792599949e+003	
  8.5500000000000000e+003	  2.0397943843811997e+003	 -5.3834546792599949e+003	
  8.5800000000000000e+003	  2.0397943843811997e+003	 -5.3834546792599949e+003	
  8.6100000000000000e+003	  2.0397943843811997e+003	 -5.3834546792599949e+003	
  8.6400000000000000e+003	  2.0397943843811997e+003	 -5.3834546792599949e+003	
  8.6700000000000000e+003	  2.0397943843811997e+003	 -5.3834546792599949e+003	
  8.7000000000000000e+003	  2.0545711642371002e+003	 -5.4082589773853842e+003	
  8.7300000000000000e+003	  2.0456693125923277e+003	 -5.3830094105158632e+003	
  8.7600000000000000e+003	  2.0491942671431862e+003	 -5.3947483047692931e+003	
  8.7900000000000000e+003	  2.0374444159697762e+003	 -5.3884487693393685e+003	
  8.8200000000000000e+003	  2.0666844101180159e+003	 -5.3845956786298857e+003	
  8.8500000000000000e+003	  2.0739179103113097e+003	 -5.3966508149062029e+003	
  8.8800000000000000e+003	  2.0829820839037902e+003	 -5.4159910767666415e+003	
  8.9100000000000000e+003	  2.1087023675901319e+003	 -5.4311540564221341e+003	
  8.9400000000000000e+003	  2.1294253151728785e+003	 -5.4373321552933867e+003	
  8.9700000000000000e+003	  2.1312473943665877e+003	 -5.4382845340648018e+003	
  9.0000000000000000e+003	  2.1223973457184748e+003	 -5.4315436662323209e+003	
  9.0300000000000000e+003	  2.1122518020271609e+003	 -5.4280928361594842e+003	
  9.0600000000000000e+003	  2.1231204147486255e+003	 -5.4481299135951576e+003	
  9.0900000000000000e+003	  2.1162663334550280e+003	 -5.4366043119081532e+003	
  9.1200000000000000e+003	  2.1176849248787403e+003	 -5.4370159494297131e+003	
  9.1500000000000000e+003	  2.1188485578297468e+003	 -5.4369191520123695e+003	
  9.1800000000000000e+003	  2.1200121907807529e+003	 -5.4368223545950241e+003	
  9.2100000000000000e+003	  2.1211758237317595e+003	 -5.4367255571776805e+003	
  9.2400000000000000e+003	  2.1223394566827656e+003	 -5.4366287597603350e+003	
  9.2700000000000000e+003	  2.1235030896337721e+003	 -5.4365319623429923e+003	
  9.3000000000000000e+003	  2.1244324821507994e+003	 -5.4361744568286285e+003	
  9.3300000000000000e+003	  2.1143429961353963e+003	 -5.4390416668536564e+003	
  9.3600000000000000e+003	  2.1179534937274066e+003	 -5.4427610042241440e+003	
  9.3900000000000000e+003	  2.1263047940185484e+003	 -5.4118792572978700e+003	
  9.4200000000000000e+003	  2.1172921149214812e+003	 -5.4242762486872134e+003	
  9.4500000000000000e+003	  2.1232602925287733e+003	 -5.4222089317220962e+003	
  9.4800000000000000e+003	  2.1156103022181460e+003	 -5.4261670504404628e+003	
  9.5100000000000000e+003	  2.1222391742288514e+003	 -5.4233804116006713e+003	
  9.5400000000000000e+003	  2.1230469783669105e+003	 -5.4241967374417973e+003	
  9.5700000000000000e+003	  2.1248290368588323e+003	 -5.4262449720504965e+003	
  9.6000000000000000e+003	  2.1130529279129423e+003	 -5.4161211869077824e+003	
  9.6300000000000000e+003	  2.1196150420025456e+003	 -5.4155807933575134e+003	
  9.6600000000000000e+003	  2.1299074993702261e+003	 -5.4412165357512304e+003	
  9.6900000000000000e+003	  2.1287015943803917e+003	 -5.4410056197974754e+003	
  9.7200000000000000e+003	  2.1287015943803917e+003	 -5.4410056197974754e+003	
  9.7500000000000000e+003	  2.1287015943803917e+003	 -5.4410056197974754e+003	
  9.7800000000000000e+003	  2.1287015943803917e+003	 -5.4410056197974754e+003	
  9.8100000000000000e+003	  2.1287015943803922e+003	 -5.4410056197974754e+003	
  9.8400000000000000e+003	  2.1287015943803917e+003	 -5.4410056197974754e+003	
  9.8700000000000000e+003	  2.1287015943803917e+003	 -5.4410056197974754e+003	
  9.9000000000000000e+003	  2.1287015943803917e+003	 -5.4410056197974754e+003	
  9.9300000000000000e+003	  2.1287015943803917e+003	 -5.4410056197974754e+003	
  9.9600000000000000e+003	  2.1287015943803917e+003	 -5.4410056197974754e+003	
  9.9900000000000000e+003	  2.1627587904531497e+003	 -5.5357310850075482e+003	
  1.0020000000000000e+004	  2.1438547950005172e+003	 -5.4749196302348710e+003	
  1.0050000000000000e+004	  2.1290279786035990e+003	 -5.4258664939474629e+003	
  1.0080000000000000e+004	  2.1262123988628482e+003	 -5.4271831655088008e+003	
  1.0110000000000000e+004	  2.1269926624396235e+003	 -5.4322446152775801e+003	
  1.0140000000000000e+004	  2.1253724676135616e+003	 -5.4282041530288934e+003	
  1.0170000000000000e+004	  2.1253724676135616e+003	 -5.4282041530288934e+003	
  1.0200000000000000e+004	  2.1253724676135616e+003	 -5.4282041530288934e+003	
  1.0230000000000000e+004	  2.1253724676135616e+003	 -5.4282041530288934e+003	
  1.0260000000000000e+004	  2.1253724676135616e+003	 -5.4282041530288934e+003	
  1.0290000000000000e+004	  2.1253724676135616e+003	 -5.4282041530288934e+003	
  1.0320000000000000e+004	  2.1253724676135616e+003	 -5.4282041530288934e+003	
  1.0350000000000000e+004	  2.1253724676135616e+003	 -5.4282041530288934e+003	
  1.0380000000000000e+004	  2.1253724676135616e+003	 -5.4282041530288934e+003	
  1.0410000000000000e+004	  2.1253724676135616e+003	 -5.4282041530288934e+003	
  1.0440000000000000e+004	  2.1253724676135616e+003	 -5.4282041530288934e+003	
  1.0470000000000000e+004	  2.1253724676135616e+003	 -5.4282041530288934e+003	
  1.0500000000000000e+004	  2.1253724676135616e+003	 -5.4282041530288934e+003	
  1.0530000000000000e+004	  2.1253724676135616e+003	 -5.4282041530288934e+003	
  1.0560000000000000e+004	  2.1253724676135616e+003	 -5.4282041530288934e+003	
  1.0590000000000000e+004	  2.1253724676135616e+003	 -5.4282041530288934e+003	
  1.0620000000000000e+004	  2.1253724676135616e+003	 -5.4282041530288934e+003	
  1.0650000000000000e+004	  2.1253724676135616e+003	 -5.4282041530288934e+003	
  1.0680000000000000e+004	  2.1253724676135616e+003	 -5.4282041530288934e+003	
  1.0710000000000000e+004	  2.1253724676135616e+003	 -5.4282041530288934e+003	
  1.0740000000000000e+004	  2.1253724676135616e+003	 -5.4282041530288934e+003	
  1.0770000000000000e+004	  2.1253724676135616e+003	 -5.4282041530288934e+003	
  1.0800000000000000e+004	  2.1253724676135616e+003	 -5.4282041530288934e+003	
  1.0830000000000000e+004	  2.1253724676135616e+003	 -5.4282041530288934e+003	
  1.0860000000000000e+004	  2.1209259558210906e+003	 -5.4232603641974192e+003	
  1.0890000000000000e+004	  2.1057893833705525e+003	 -5.4414508868109569e+003	
  1.0920000000000000e+004	  2.0861083826110685e+003	 -5.4133989780892653e+003	
  1.0950000000000000e+004	  2.0656707636581382e+003	 -5.3780507382680962e+003	
  1.0980000000000000e+004	  2.0860104673530814e+003	 -5.3598554522237873e+003	
  1.1010000000000000e+004	  2.1002082033512302e+003	 -5.3822054530686819e+003	
  1.1040000000000000e+004	  2.1166579963726181e+003	 -5.4025694145061407e+003	
  1.1070000000000000e+004	  2.1389337564878660e+003	 -5.4090576110919237e+003	
  1.1100000000000000e+004	  2.1568849174863203e+003	 -5.4104490749422775e+003	
  1.1130000000000000e+004	  2.1414884590279735e+003	 -5.4103832964874300e+003	
  1.1160000000000000e+004	  2.1746684359085693e+003	 -5.4285988223529675e+003	
  1.1190000000000000e+004	  2.1775280112800501e+003	 -5.4159896313095815e+003	
  1.1220000000000000e+004	  2.1582676024061061e+003	 -5.4094624012036629e+003	
  1.1250000000000000e+004	  2.1390071935321625e+003	 -5.4029351710977444e+003	
  1.1280000000000000e+004	  2.1305497477612735e+003	 -5.3932505837556828e+003	
  1.1310000000000000e+004	  2.0951919220492628e+003	 -5.3846106636712148e+003	
  1.1340000000000000e+004	  2.0973953602028168e+003	 -5.3785668461612604e+003	
  1.1370000000000000e+004	  2.1405648196759207e+003	 -5.3903973502818335e+003	
  1.1400000000000000e+004	  2.1646968097016461e+003	 -5.3888749652327433e+003	
  1.1430000000000000e+004	  2.2086005829862925e+003	 -5.3946977054936360e+003	
  1.1460000000000000e+004	  2.1869472835052838e+003	 -5.4092007335870085e+003	
  1.1490000000000000e+004	  2.1867147952550881e+003	 -5.4203543767286237e+003	
  1.1520000000000000e+004	  2.1885915633393561e+003	 -5.4039370251558921e+003	
  1.1550000000000000e+004	  2.1607280976603101e+003	 -5.4095770913955930e+003	
  1.1580000000000000e+004	  2.1451487378276966e+003	 -5.4104626133546208e+003	
  1.1610000000000000e+004	  2.1527702632959940e+003	 -5.4182247249039847e+003	
  1.1640000000000000e+004	  2.1341638745297173e+003	 -5.4128900996405109e+003	
  1.1670000000000000e+004	  2.1469628207342039e+003	 -5.4272022985332687e+003	
  1.1700000000000000e+004	  2.1392764605692669e+003	 -5.4139555627976870e+003	
  1.1730000000000000e+004	  2.1392764605692669e+003	 -5.4139555627976870e+003	
  1.1760000000000000e+004	  2.1392764605692669e+003	 -5.4139555627976870e+003	
  1.1790000000000000e+004	  2.1392764605692669e+003	 -5.4139555627976870e+003	
  1.1820000000000000e+004	  2.1392764605692669e+003	 -5.4139555627976870e+003	
  1.1850000000000000e+004	  2.1392764605692669e+003	 -5.4139555627976870e+003	
  1.1880000000000000e+004	  2.1392764605692669e+003	 -5.4139555627976870e+003	
  1.1910000000000000e+004	  2.1392764605692669e+003	 -5.4139555627976870e+003	
  1.1940000000000000e+004	  2.1392764605692669e+003	 -5.4139555627976870e+003	
  1.1970000000000000e+004	  2.1392764605692669e+003	 -5.4139555627976870e+003	
  1.2000000000000000e+004	  2.1392764605692669e+003	 -5.4139555627976870e+003	
  1.2030000000000000e+004	  2.1392764605692669e+003	 -5.4139555627976870e+003	
  1.2060000000000000e+004	  2.1073183703356558e+003	 -5.4098025802850307e+003	
  1.2090000000000000e+004	  2.0713819015840104e+003	 -5.3740595157394100e+003	
  1.2120000000000000e+004	  2.1105872395518863e+003	 -5.3775852318181251e+003	
  1.2150000000000000e+004	  2.1447469522612441e+003	 -5.4010524599073487e+003	
  1.2180000000000000e+004	  2.1444915213414947e+003	 -5.4123777653899315e+003	
  1.2210000000000000e+004	  2.1397933619059008e+003	 -5.3977835193631672e+003	
  1.2240000000000000e+004	  2.1418222603728664e+003	 -5.3903687074158697e+003	
  1.2270000000000000e+004	  2.1733882629976824e+003	 -5.4226477038687926e+003	
  1.2300000000000000e+004	  2.1443859894784205e+003	 -5.4127232358501578e+003	
  1.2330000000000000e+004	  2.1153837159591585e+003	 -5.4027987678315221e+003	
  1.2360000000000000e+004	  2.1077756684966521e+003	 -5.4048116591939561e+003	
  1.2390000000000000e+004	  2.0829197452298918e+003	 -5.3975725903817956e+003	
  1.2420000000000000e+004	  2.1029074063904795e+003	 -5.3992579967653028e+003	
  1.2450000000000000e+004	  2.1063913829508147e+003	 -5.3885175453431893e+003	
  1.2480000000000000e+004	  2.0751936927106099e+003	 -5.3544860404916608e+003	
  1.2510000000000000e+004	  2.1375805638312104e+003	 -5.4037188433896054e+003	
  1.2540000000000000e+004	  2.1195784307461522e+003	 -5.3979113818805808e+003	
  1.2570000000000000e+004	  2.1321820407487071e+003	 -5.3966002164243200e+003	
  1.2600000000000000e+004	  2.1430087651983972e+003	 -5.4052728303265421e+003	
  1.2630000000000000e+004	  2.1388118416038578e+003	 -5.3990652645325754e+003	
  1.2660000000000000e+004	  2.1490586773973482e+003	 -5.3977297714672459e+003	
  1.2690000000000000e+004	  2.1287015943803917e+003	 -5.3864602393078039e+003	
  1.2720000000000000e+004	  2.1467180323550847e+003	 -5.4013767314181505e+003	
  1.2750000000000000e+004	  2.1465222008007654e+003	 -5.4148980485526708e+003	
  1.2780000000000000e+004	  2.1584980117239115e+003	 -5.4148717891768792e+003	
  1.2810000000000000e+004	  2.1584678829336340e+003	 -5.4145738013437976e+003	
  1.2840000000000000e+004	  2.1437805682531807e+003	 -5.4126214710779768e+003	
  1.2870000000000000e+004	  2.1102139364341506e+003	 -5.3882134844670445e+003	
  1.2900000000000000e+004	  2.1291520038980980e+003	 -5.3964787789356642e+003	
  1.2930000000000000e+004	  2.1437622100970784e+003	 -5.4030882313687707e+003	
  1.2960000000000000e+004	  2.1252572742809862e+003	 -5.4088218808564288e+003	
  1.2990000000000000e+004	  2.0998165435983997e+003	 -5.3836932145915143e+003	
  1.3020000000000000e+004	  2.1172699675899034e+003	 -5.3799852952814754e+003	
  1.3050000000000000e+004	  2.1574887275769811e+003	 -5.4008201453807033e+003	
  1.3080000000000000e+004	  2.1633799739252045e+003	 -5.4010798855274134e+003	
  1.3110000000000000e+004	  2.1561587115539933e+003	 -5.3955140307608926e+003	
  1.3140000000000000e+004	  2.1464487662488082e+003	 -5.3909059666824760e+003	
  1.3170000000000000e+004	  2.1428993315031571e+003	 -5.3804491172930138e+003	
  1.3200000000000000e+004	  2.1538194776656346e+003	 -5.3926354100087055e+003	
  1.3230000000000000e+004	  2.1512547805126496e+003	 -5.3953878717591779e+003	
  1.3260000000000000e+004	  2.1474565939643935e+003	 -5.3884734891950711e+003	
  1.3290000000000000e+004	  2.1578608064456234e+003	 -5.3997515012914064e+003	
  1.3320000000000000e+004	  2.1522012958460105e+003	 -5.3921374121217559e+003	
  1.3350000000000000e+004	  2.1375629388522480e+003	 -5.3854027275075414e+003	
  1.3380000000000000e+004	  2.1276156218022957e+003	 -5.3751463754989982e+003	
  1.3410000000000000e+004	  2.1441722310278287e+003	 -5.3655326255082682e+003	
  1.3440000000000000e+004	  2.1601650830925710e+003	 -5.3894286962119522e+003	
  1.3470000000000000e+004	  2.1715605744379127e+003	 -5.4004225846389390e+003	
  1.3500000000000000e+004	  2.1720275910049954e+003	 -5.4029818518911752e+003	
  1.3530000000000000e+004	  2.1576780316030799e+003	 -5.4065158709132920e+003	
  1.3560000000000000e+004	  2.1488884903410603e+003	 -5.4112221112095940e+003	
  1.3590000000000000e+004	  2.1337115998606178e+003	 -5.4019456863342575e+003	
  1.3620000000000000e+004	  2.1185347093801752e+003	 -5.3926692614589219e+003	
  1.3650000000000000e+004	  2.1411760184774585e+003	 -5.4323154643591924e+003	
  1.3680000000000000e+004	  2.1539637729868418e+003	 -5.4338813240106992e+003	
  1.3710000000000000e+004	  2.1485294687624396e+003	 -5.4064973177267166e+003	
  1.3740000000000000e+004	  2.1498513264830144e+003	 -5.4137329297745891e+003	
  1.3770000000000000e+004	  2.1408724819471781e+003	 -5.4296958019150461e+003	
  1.3800000000000000e+004	  2.1510807089316231e+003	 -5.4209438037847676e+003	
  1.3830000000000000e+004	  2.1249274004114782e+003	 -5.3869763470635507e+003	
  1.3860000000000000e+004	  2.1278976550452530e+003	 -5.3837202768474808e+003	
  1.3890000000000000e+004	  2.1316854361927903e+003	 -5.3928014084449705e+003	
  1.3920000000000000e+004	  2.1354732173403272e+003	 -5.4018825400424603e+003	
  1.3950000000000000e+004	  2.1392609984878645e+003	 -5.4109636716399500e+003	
  1.3980000000000000e+004	  2.1202482297244442e+003	 -5.4040112360895664e+003	
  1.4010000000000000e+004	  2.1399618682331020e+003	 -5.4156141881700523e+003	
  1.4040000000000000e+004	  2.1309726892672870e+003	 -5.4138535228599030e+003	
  1.4070000000000000e+004	  2.1258921732300669e+003	 -5.4298995967053197e+003	
  1.4100000000000000e+004	  2.1144766574543892e+003	 -5.3958417985066226e+003	
  1.4130000000000000e+004	  2.1019706799138912e+003	 -5.3883526307572947e+003	
  1.4160000000000000e+004	  2.1175392345036412e+003	 -5.3770691246601164e+003	
  1.4190000000000000e+004	  2.1010894441238388e+003	 -5.3576291110619550e+003	
  1.4220000000000000e+004	  2.0967306257364330e+003	 -5.3618591608712541e+003	
  1.4250000000000000e+004	  2.0922770553329378e+003	 -5.3585196481165312e+003	
  1.4280000000000000e+004	  2.0802769742917217e+003	 -5.3534856411659048e+003	
  1.4310000000000000e+004	  2.0828118980026179e+003	 -5.3331022437902238e+003	
  1.4340000000000000e+004	  2.0812799269635170e+003	 -5.3113420694668293e+003	
  1.4370000000000000e+004	  2.0646718980993164e+003	 -5.2897733877853561e+003	
  1.4400000000000000e+004	  2.0370527543565790e+003	 -5.2800967503489665e+003	
  1.4430000000000000e+004	  2.0185141018934546e+003	 -5.2822674360444007e+003	
  1.4460000000000000e+004	  2.0001059996373660e+003	 -5.2871468344107398e+003	
  1.4490000000000000e+004	  1.9817017392285843e+003	 -5.2885470292577893e+003	
  1.4520000000000000e+004	  1.9592361000101143e+003	 -5.3009241805204847e+003	
  1.4550000000000000e+004	  1.9261145758995381e+003	 -5.2942896819686666e+003	
  1.4580000000000000e+004	  1.9074242485801576e+003	 -5.2724649817834570e+003	
  1.4610000000000000e+004	  1.8894522415447598e+003	 -5.2553286970643549e+003	
  1.4640000000000000e+004	  1.9222259348403625e+003	 -5.2755407013876520e+003	
  1.4670000000000000e+004	  1.9449085769185754e+003	 -5.2824114917062188e+003	
  1.4700000000000000e+004	  1.9720369109045050e+003	 -5.2599129375102593e+003	
  1.4730000000000000e+004	  1.9788093945623120e+003	 -5.2318778945325766e+003	
  1.4760000000000000e+004	  1.9752681192459991e+003	 -5.1934363896536879e+003	
  1.4790000000000000e+004	  1.9776708142557595e+003	 -5.1540986389769914e+003	
  1.4820000000000000e+004	  1.9793203121759843e+003	 -5.1185028554228620e+003	
  1.4850000000000000e+004	  1.9760514425598428e+003	 -5.0895033238520227e+003	
  1.4880000000000000e+004	  1.9527475741642602e+003	 -5.0726573368719601e+003	
  1.4910000000000000e+004	  1.9188421304243907e+003	 -5.0620214931380206e+003	
  1.4940000000000000e+004	  1.9089793751170462e+003	 -5.0326944968728394e+003	
  1.4970000000000000e+004	  1.9095668690016450e+003	 -5.0464978168382349e+003	
  1.5000000000000000e+004	  1.9167146950282643e+003	 -5.0746165167953895e+003	
  1.5030000000000000e+004	  1.9170251579244252e+003	 -5.0836587230013311e+003	
  1.5060000000000000e+004	  1.9066294063661194e+003	 -5.0889838432319939e+003	
  1.5090000000000000e+004	  1.8892573126551672e+003	 -5.0907984318610625e+003	
  1.5120000000000000e+004	  1.8875685360925288e+003	 -5.0301342051435704e+003	
  1.5150000000000000e+004	  1.9021840446884460e+003	 -5.0684050229210434e+003	
  1.5180000000000000e+004	  1.9289616558347475e+003	 -5.0655672924815672e+003	
  1.5210000000000000e+004	  1.9597974834774254e+003	 -5.0685942616189095e+003	
  1.5240000000000000e+004	  1.9791786165627768e+003	 -5.0889165901064134e+003	
  1.5270000000000000e+004	  1.9835800523211462e+003	 -5.1278829859405532e+003	
  1.5300000000000000e+004	  1.9799680595333009e+003	 -5.1662750157310984e+003	
  1.5330000000000000e+004	  1.9832514917739759e+003	 -5.2040040927259088e+003	
  1.5360000000000000e+004	  1.9884778015257311e+003	 -5.2272970270651676e+003	
  1.5390000000000000e+004	  1.9959152189740057e+003	 -5.2446199912188540e+003	
  1.5420000000000000e+004	  2.0069763974650502e+003	 -5.2540299978218563e+003	
  1.5450000000000000e+004	  2.0110072503540634e+003	 -5.2525210321338009e+003	
  1.5480000000000000e+004	  1.9965012618604592e+003	 -5.2527890178809976e+003	
  1.5510000000000000e+004	  2.0013637206625606e+003	 -5.2551241834482944e+003	
  1.5540000000000000e+004	  2.0022517902595887e+003	 -5.2559008150107211e+003	
  1.5570000000000000e+004	  1.9969013085851980e+003	 -5.2548834285502408e+003	
  1.5600000000000000e+004	  1.9983993519771993e+003	 -5.2529412378675806e+003	
  1.5630000000000000e+004	  1.9997134793174632e+003	 -5.2519745354163206e+003	
  1.5660000000000000e+004	  1.9915131782301976e+003	 -5.2526064874510957e+003	
  1.5690000000000000e+004	  1.9925599859095726e+003	 -5.2508982752154852e+003	
  1.5720000000000000e+004	  1.9938037398295712e+003	 -5.2523878531953615e+003	
  1.5750000000000000e+004	  1.9944527135921755e+003	 -5.2548342407632736e+003	
  1.5780000000000000e+004	  1.9951016873547794e+003	 -5.2572806283311838e+003	
  1.5810000000000000e+004	  1.9947475309219390e+003	 -5.2543857755700956e+003	
  1.5840000000000000e+004	  1.9957531590558692e+003	 -5.2524109048213959e+003	
  1.5870000000000000e+004	  1.9910645159316030e+003	 -5.2510622554814172e+003	
  1.5900000000000000e+004	  1.9885650358469204e+003	 -5.2501747155833564e+003	
  1.5930000000000000e+004	  1.9898468373760652e+003	 -5.2500836374486116e+003	
  1.5960000000000000e+004	  1.9911286389052100e+003	 -5.2499925593138660e+003	
  1.5990000000000000e+004	  1.9924104404343548e+003	 -5.2499014811791203e+003	
  1.6020000000000000e+004	  1.9954464278648011e+003	 -5.2527039558816732e+003	
  1.6050000000000000e+004	  1.9970348536095053e+003	 -5.2552128045122472e+003	
  1.6080000000000000e+004	  1.9957471988973984e+003	 -5.2557160191069179e+003	
  1.6110000000000000e+004	  1.9944595441852916e+003	 -5.2562192337015886e+003	
  1.6140000000000000e+004	  1.9746316700954624e+003	 -5.2424437425691140e+003	
  1.6170000000000000e+004	  1.9821037247840097e+003	 -5.2449951094770422e+003	
  1.6200000000000000e+004	  1.9900039057714575e+003	 -5.2480434886379726e+003	
  1.6230000000000000e+004	  1.9902947436897039e+003	 -5.2477459083351978e+003	
  1.6260000000000000e+004	  1.9905855816079500e+003	 -5.2474483280324248e+003	
  1.6290000000000000e+004	  1.9908764195261961e+003	 -5.2471507477296509e+003	
  1.6320000000000000e+004	  1.9918857657285650e+003	 -5.2512258667153446e+003	
  1.6350000000000000e+004	  1.9926370525595037e+003	 -5.2521292277717484e+003	
  1.6380000000000000e+004	  1.9941630771317189e+003	 -5.2495680365035096e+003	
  1.6410000000000000e+004	  1.9989146953575159e+003	 -5.2520170130051611e+003	
  1.6440000000000000e+004	  1.9972571268901579e+003	 -5.2510986466858931e+003	
  1.6470000000000000e+004	  1.9981050103090097e+003	 -5.2519378061505695e+003	
  1.6500000000000000e+004	  1.9982321675256967e+003	 -5.2651246020745357e+003	
  1.6530000000000000e+004	  1.9977174570050729e+003	 -5.2847872492839633e+003	
  1.6560000000000000e+004	  2.0177634151240086e+003	 -5.2860204111878620e+003	
  1.6590000000000000e+004	  2.0210564653529575e+003	 -5.2864564735102467e+003	
  1.6620000000000000e+004	  2.0205230836346914e+003	 -5.2859028171386035e+003	
  1.6650000000000000e+004	  2.0204071323666246e+003	 -5.2872878358718763e+003	
  1.6680000000000000e+004	  2.0213862863354359e+003	 -5.2916180718655723e+003	
  1.6710000000000000e+004	  1.9949882859937247e+003	 -5.2922191838509734e+003	
  1.6740000000000000e+004	  1.9568661404298132e+003	 -5.3071885509522945e+003	
  1.6770000000000000e+004	  1.9167975467798881e+003	 -5.2858038920865010e+003	
  1.6800000000000000e+004	  1.8986615376396421e+003	 -5.2858295827618012e+003	
  1.6830000000000000e+004	  1.8962908866351552e+003	 -5.2845168080178364e+003	
  1.6860000000000000e+004	  1.8929513750778856e+003	 -5.2865659878439537e+003	
  1.6890000000000000e+004	  1.8802621808070887e+003	 -5.2791585072061143e+003	
  1.6920000000000000e+004	  1.8800142140994215e+003	 -5.2800512123058998e+003	
  1.6950000000000000e+004	  1.8866034430281136e+003	 -5.2839406160114258e+003	
  1.6980000000000000e+004	  1.8934725866859903e+003	 -5.2879994085575108e+003	
  1.7010000000000000e+004	  1.8944676890693861e+003	 -5.2886213438394097e+003	
  1.7040000000000000e+004	  1.8936750397605485e+003	 -5.2881972790843829e+003	
  1.7070000000000000e+004	  1.8901796146438505e+003	 -5.3139928089579971e+003	
  1.7100000000000000e+004	  1.8869559369146066e+003	 -5.3475763211587619e+003	
  1.7130000000000000e+004	  1.8885061509625057e+003	 -5.3853167101870604e+003	
  1.7160000000000000e+004	  1.8883192208808105e+003	 -5.4323228852340653e+003	
  1.7190000000000000e+004	  1.8876268191039946e+003	 -5.4742655787980084e+003	
  1.7220000000000000e+004	  1.8803880717794564e+003	 -5.5082512674040718e+003	
  1.7250000000000000e+004	  1.8739256525924434e+003	 -5.5292522504939143e+003	
  1.7280000000000000e+004	  1.8743057961770346e+003	 -5.5528531123238999e+003	
  1.7310000000000000e+004	  1.8612456050149217e+003	 -5.5413023265994661e+003	
  1.7340000000000000e+004	  1.8651584565793100e+003	 -5.5354025191367928e+003	
  1.7370000000000000e+004	  1.8517314885931066e+003	 -5.5224649984602302e+003	
  1.7400000000000000e+004	  1.8478132793115979e+003	 -5.5253513995838648e+003	
  1.7430000000000000e+004	  1.8422316545242029e+003	 -5.5202912228162431e+003	
  1.7460000000000000e+004	  1.8474814945250564e+003	 -5.5253839798070085e+003	
  1.7490000000000000e+004	  1.8461269958082917e+003	 -5.5224155245216944e+003	
  1.7520000000000000e+004	  1.8524585402051955e+003	 -5.5286659162242959e+003	
  1.7550000000000000e+004	  1.8573098307631467e+003	 -5.5332971741655347e+003	
  1.7580000000000000e+004	  1.8509295168005624e+003	 -5.5290335915033111e+003	
  1.7610000000000000e+004	  1.8455581555606716e+003	 -5.5307272014852124e+003	
  1.7640000000000000e+004	  1.8413393988607993e+003	 -5.5270314740379090e+003	
  1.7670000000000000e+004	  1.8552238064402736e+003	 -5.5276047577247591e+003	
  1.7700000000000000e+004	  1.8579164809209044e+003	 -5.5321743236009897e+003	
  1.7730000000000000e+004	  1.8459610094904501e+003	 -5.5277661670296038e+003	
  1.7760000000000000e+004	  1.8493488818652604e+003	 -5.5157272216037691e+003	
  1.7790000000000000e+004	  1.8482812887527382e+003	 -5.5229745034271218e+003	
  1.7820000000000000e+004	  1.8561846036481181e+003	 -5.5359521483082954e+003	
  1.7850000000000000e+004	  1.8429202266246041e+003	 -5.5255874228924404e+003	
  1.7880000000000000e+004	  1.8294394109358609e+003	 -5.5365033217621349e+003	
  1.7910000000000000e+004	  1.8177099595686191e+003	 -5.5450453633335746e+003	
  1.7940000000000000e+004	  1.8079796144466980e+003	 -5.5649572094071782e+003	
  1.7970000000000000e+004	  1.8005170596811367e+003	 -5.5713420409530827e+003	
  1.8000000000000000e+004	  1.7942714532006362e+003	 -5.5569264761706236e+003	
  1.8030000000000000e+004	  1.7908933704434321e+003	 -5.5414581702798923e+003	
  1.8060000000000000e+004	  1.8084202313368978e+003	 -5.5571093542191429e+003	
  1.8090000000000000e+004	  1.8067556713553399e+003	 -5.5548830125869817e+003	
  1.8120000000000000e+004	  1.8067556713553399e+003	 -5.5548830125869817e+003	
  1.8150000000000000e+004	  1.8067556713553399e+003	 -5.5548830125869817e+003	
  1.8180000000000000e+004	  1.8067556713553399e+003	 -5.5548830125869817e+003	
  1.8210000000000000e+004	  1.8067556713553399e+003	 -5.5548830125869817e+003	
  1.8240000000000000e+004	  1.8067556713553399e+003	 -5.5548830125869817e+003	
  1.8270000000000000e+004	  1.8067556713553399e+003	 -5.5548830125869817e+003	
  1.8300000000000000e+004	  1.8067556713553399e+003	 -5.5548830125869817e+003	
  1.8330000000000000e+004	  1.8067556713553399e+003	 -5.5548830125869817e+003	
  1.8360000000000000e+004	  1.8067556713553399e+003	 -5.5548830125869817e+003	
  1.8390000000000000e+004	  1.8067556713553399e+003	 -5.5548830125869817e+003	
  1.8420000000000000e+004	  1.8067556713553399e+003	 -5.5548830125869817e+003	
  1.8450000000000000e+004	  1.8067556713553399e+003	 -5.5548830125869817e+003	
  1.8480000000000000e+004	  1.8067556713553399e+003	 -5.5548830125869817e+003	
  1.8510000000000000e+004	  1.8067556713553399e+003	 -5.5548830125869817e+003	
  1.8540000000000000e+004	  1.7829034726637608e+003	 -5.5691538641244242e+003	
  1.8570000000000000e+004	  1.7837688574093522e+003	 -5.5757099118268798e+003	
  1.8600000000000000e+004	  1.7897516067425640e+003	 -5.5759418225178188e+003	
  1.8630000000000000e+004	  1.7957838964875921e+003	 -5.5779693839390084e+003	
  1.8660000000000000e+004	  1.7962349157522522e+003	 -5.5817426566455570e+003	
  1.8690000000000000e+004	  1.7917679044146917e+003	 -5.5800925229927207e+003	
  1.8720000000000000e+004	  1.7831164736527601e+003	 -5.5768445030911316e+003	
  1.8750000000000000e+004	  1.7695198340815700e+003	 -5.5695556654570892e+003	
  1.8780000000000000e+004	  1.7389105861548094e+003	 -5.5244172799058624e+003	
  1.8810000000000000e+004	  1.7349601627761897e+003	 -5.4645914862810550e+003	
  1.8840000000000000e+004	  1.7315776043296410e+003	 -5.4107591729247579e+003	
  1.8870000000000000e+004	  1.7331059896770889e+003	 -5.3651004526503530e+003	
  1.8900000000000000e+004	  1.7492915549910024e+003	 -5.3810057024330044e+003	
  1.8930000000000000e+004	  1.7631056481023174e+003	 -5.3681466577316978e+003	
  1.8960000000000000e+004	  1.7685686547022638e+003	 -5.3882969725906223e+003	
  1.8990000000000000e+004	  1.7457683481569948e+003	 -5.5223148100512044e+003	
  1.9020000000000000e+004	  1.7259901314813956e+003	 -5.5814432725924617e+003	
  1.9050000000000000e+004	  1.7358906684128508e+003	 -5.6246729742301977e+003	
  1.9080000000000000e+004	  1.7496513956011793e+003	 -5.6663225604557692e+003	
  1.9110000000000000e+004	  1.7575618087614985e+003	 -5.7196519638724694e+003	
  1.9140000000000000e+004	  1.7184219677088058e+003	 -5.7025292426622718e+003	
  1.9170000000000000e+004	  1.7074694271488518e+003	 -5.6991328479445365e+003	
  1.9200000000000000e+004	  1.7049516014270707e+003	 -5.6999035043972062e+003	
  1.9230000000000000e+004	  1.7024337757052901e+003	 -5.7006741608498751e+003	
  1.9260000000000000e+004	  1.7031856279442341e+003	 -5.7084338198121723e+003	
  1.9290000000000000e+004	  1.6953739922317282e+003	 -5.7069225263744374e+003	
  1.9320000000000000e+004	  1.6619317617002287e+003	 -5.6944826061849817e+003	
  1.9350000000000000e+004	  1.6783885449080856e+003	 -5.7233428898428228e+003	
  1.9380000000000000e+004	  1.6847756447827896e+003	 -5.7258746400896625e+003	
  1.9410000000000000e+004	  1.6849148212922705e+003	 -5.7199711104588878e+003	
  1.9440000000000000e+004	  1.7074367891150393e+003	 -5.7262000287420560e+003	
  1.9470000000000000e+004	  1.7498912854667271e+003	 -5.7200219294034996e+003	
  1.9500000000000000e+004	  1.7415439983782435e+003	 -5.6776657735071058e+003	
  1.9530000000000000e+004	  1.7498255798577470e+003	 -5.6293834457619723e+003	
  1.9560000000000000e+004	  1.7300585162757343e+003	 -5.5888848193751719e+003	
  1.9590000000000000e+004	  1.7614820230136852e+003	 -5.5844794462767177e+003	
  1.9620000000000000e+004	  1.7942791824862004e+003	 -5.6157090199075146e+003	
  1.9650000000000000e+004	  1.8395521856736868e+003	 -5.6120941422959013e+003	
  1.9680000000000000e+004	  1.8896900371952506e+003	 -5.6003003885518765e+003	
  1.9710000000000000e+004	  1.9192138681651898e+003	 -5.5997438036557824e+003	
  1.9740000000000000e+004	  1.8983677921978278e+003	 -5.5916385269850944e+003	
  1.9770000000000000e+004	  1.8641341108356025e+003	 -5.5951798022797657e+003	
  1.9800000000000000e+004	  1.8528934207103046e+003	 -5.5984079977041256e+003	
  1.9830000000000000e+004	  1.8369136206582609e+003	 -5.5971835097678340e+003	
  1.9860000000000000e+004	  1.8382554260702846e+003	 -5.5692573489290526e+003	
  1.9890000000000000e+004	  1.8758984671239004e+003	 -5.5726587041287048e+003	
  1.9920000000000000e+004	  1.8948026222356173e+003	 -5.5897252639022272e+003	
  1.9950000000000000e+004	  1.9221392090647953e+003	 -5.5796102510098344e+003	
  1.9980000000000000e+004	  1.9521751449593069e+003	 -5.5685493263758681e+003	
  2.0010000000000000e+004	  1.9516129044846734e+003	 -5.5429393418133704e+003	
  2.0040000000000000e+004	  1.9531048303704788e+003	 -5.5299720504340021e+003	
  2.0070000000000000e+004	  1.9541699224353215e+003	 -5.5281493317580143e+003	
  2.0100000000000000e+004	  1.9546079636103816e+003	 -5.5276609213932479e+003	
  2.0130000000000000e+004	  1.9520391240859296e+003	 -5.5277085433965067e+003	
  2.0160000000000000e+004	  1.9508871761886710e+003	 -5.5281669081536711e+003	
  2.0190000000000000e+004	  1.9448898577183832e+003	 -5.5313394451165204e+003	
  2.0220000000000000e+004	  1.9426055930353991e+003	 -5.5256827789110948e+003	
  2.0250000000000000e+004	  1.9469344862439750e+003	 -5.5275575933413611e+003	
  2.0280000000000000e+004	  1.9505203604784256e+003	 -5.5288780084576510e+003	
  2.0310000000000000e+004	  1.9511341588163750e+003	 -5.5279808263180385e+003	
  2.0340000000000000e+004	  1.9517479571543245e+003	 -5.5270836441784231e+003	
  2.0370000000000000e+004	  1.9507892610882802e+003	 -5.5204743100292044e+003	
  2.0400000000000000e+004	  1.9569775188722476e+003	 -5.5228570814842142e+003	
  2.0430000000000000e+004	  1.9559135036598486e+003	 -5.5234915894575179e+003	
  2.0460000000000000e+004	  1.9504349020824468e+003	 -5.5284054440204218e+003	
  2.0490000000000000e+004	  1.9484748983119948e+003	 -5.5293509174848796e+003	
  2.0520000000000000e+004	  1.9471965200258010e+003	 -5.5573662396750788e+003	
  2.0550000000000000e+004	  1.9521209122925645e+003	 -5.5720258454427849e+003	
  2.0580000000000000e+004	  1.9235687743217197e+003	 -5.5744748218903915e+003	
  2.0610000000000000e+004	  1.9100972441950419e+003	 -5.5462930427526744e+003	
  2.0640000000000000e+004	  1.8815856532505954e+003	 -5.5114350921920377e+003	
  2.0670000000000000e+004	  1.8781080407055674e+003	 -5.4818271897946734e+003	
  2.0700000000000000e+004	  1.8780737077036058e+003	 -5.4407121467493207e+003	
  2.0730000000000000e+004	  1.8799376615967626e+003	 -5.4054286746588532e+003	
  2.0760000000000000e+004	  1.8800576059227383e+003	 -5.3818684097405385e+003	
  2.0790000000000000e+004	  1.8830737496390068e+003	 -5.3564205253528789e+003	
  2.0820000000000000e+004	  1.8889594377390411e+003	 -5.3322231245732828e+003	
  2.0850000000000000e+004	  1.8865404230878873e+003	 -5.3288281317329302e+003	
  2.0880000000000000e+004	  1.8831133826933922e+003	 -5.3288977049981886e+003	
  2.0910000000000000e+004	  1.8782339328974224e+003	 -5.3349760815816353e+003	
  2.0940000000000000e+004	  1.8828537590955625e+003	 -5.3468414728295902e+003	
  2.0970000000000000e+004	  1.8825495558782702e+003	 -5.3579964582265839e+003	
  2.1000000000000000e+004	  1.8811713944287260e+003	 -5.3590762334455376e+003	
  2.1030000000000000e+004	  1.8965095583114860e+003	 -5.3463206039177830e+003	
  2.1060000000000000e+004	  1.8962503697614770e+003	 -5.3452729134644742e+003	
  2.1090000000000000e+004	  1.8962503697614770e+003	 -5.3452729134644742e+003	
  2.1120000000000000e+004	  1.8962503697614770e+003	 -5.3452729134644742e+003	
  2.1150000000000000e+004	  1.8962503697614770e+003	 -5.3452729134644742e+003	
  2.1180000000000000e+004	  1.8962503697614770e+003	 -5.3452729134644742e+003	
  2.1210000000000000e+004	  1.8962503697614770e+003	 -5.3452729134644742e+003	
  2.1240000000000000e+004	  1.8962503697614770e+003	 -5.3452729134644742e+003	
  2.1270000000000000e+004	  1.8962503697614770e+003	 -5.3452729134644742e+003	
  2.1300000000000000e+004	  1.8962503697614770e+003	 -5.3452729134644742e+003	
  2.1330000000000000e+004	  1.8991143976803560e+003	 -5.3995400004134262e+003	
  2.1360000000000000e+004	  1.8867347725691791e+003	 -5.3414577731788950e+003	
  2.1390000000000000e+004	  1.8897476338355229e+003	 -5.3342459724522851e+003	
  2.1420000000000000e+004	  1.8856335416035367e+003	 -5.3174913461869137e+003	
  2.1450000000000000e+004	  1.8846028850690980e+003	 -5.3220076390337781e+003	
  2.1480000000000000e+004	  1.8817321826220975e+003	 -5.3270169085017988e+003	
  2.1510000000000000e+004	  1.8841917090971187e+003	 -5.3312640841816483e+003	
  2.1540000000000000e+004	  1.8920503147116331e+003	 -5.3045777243645834e+003	
  2.1570000000000000e+004	  1.9030974558879366e+003	 -5.2671680660722432e+003	
  2.1600000000000000e+004	  1.8861650839090235e+003	 -5.2561874286964658e+003	
  2.1630000000000000e+004	  1.8767049466041788e+003	 -5.2540442689273714e+003	
  2.1660000000000000e+004	  1.8734662046733208e+003	 -5.2576406676425195e+003	
  2.1690000000000000e+004	  1.8702274627424629e+003	 -5.2612370663576676e+003	
  2.1720000000000000e+004	  1.8669887208116052e+003	 -5.2648334650728166e+003	
  2.1750000000000000e+004	  1.8746502268110410e+003	 -5.2517220226716945e+003	
  2.1780000000000000e+004	  1.9023071390013315e+003	 -5.2462245481576456e+003	
  2.1810000000000000e+004	  1.9164162864156028e+003	 -5.2556202419497595e+003	
  2.1840000000000000e+004	  1.9148543017790373e+003	 -5.2570912174067162e+003	
  2.1870000000000000e+004	  1.9135683467668614e+003	 -5.2777850660007862e+003	
  2.1900000000000000e+004	  1.9098606167506753e+003	 -5.2828240197676587e+003	
  2.1930000000000000e+004	  1.9088080237622612e+003	 -5.2809733739709527e+003	
  2.1960000000000000e+004	  1.9030438366921576e+003	 -5.2855221347326487e+003	
  2.1990000000000000e+004	  1.9053075474913956e+003	 -5.2843824593752879e+003	
  2.2020000000000000e+004	  1.8897415703595307e+003	 -5.3066810326776686e+003	
  2.2050000000000000e+004	  1.8879275597337535e+003	 -5.3122117351911520e+003	
  2.2080000000000000e+004	  1.8879275597337535e+003	 -5.3122117351911520e+003	
  2.2110000000000000e+004	  1.8879275597337535e+003	 -5.3122117351911520e+003	
  2.2140000000000000e+004	  1.8879275597337535e+003	 -5.3122117351911520e+003	
  2.2170000000000000e+004	  1.8879275597337535e+003	 -5.3122117351911520e+003	
  2.2200000000000000e+004	  1.8879275597337535e+003	 -5.3122117351911520e+003	
  2.2230000000000000e+004	  1.8879275597337535e+003	 -5.3122117351911520e+003	
  2.2260000000000000e+004	  1.8879275597337535e+003	 -5.3122117351911520e+003	
  2.2290000000000000e+004	  1.8879275597337535e+003	 -5.3122117351911520e+003	
  2.2320000000000000e+004	  1.8879275597337535e+003	 -5.3122117351911520e+003	
  2.2350000000000000e+004	  1.8879275597337535e+003	 -5.3122117351911520e+003	
  2.2380000000000000e+004	  1.8879275597337535e+003	 -5.3122117351911520e+003	
  2.2410000000000000e+004	  1.8879275597337535e+003	 -5.3122117351911520e+003	
  2.2440000000000000e+004	  1.8879275597337535e+003	 -5.3122117351911520e+003	
  2.2470000000000000e+004	  1.8879275597337535e+003	 -5.3122117351911520e+003	
  2.2500000000000000e+004	  1.8879275597337535e+003	 -5.3122117351911520e+003	
  2.2530000000000000e+004	  1.8879275597337535e+003	 -5.3122117351911520e+003	
  2.2560000000000000e+004	  1.8879275597337535e+003	 -5.3122117351911520e+003	
  2.2590000000000000e+004	  1.8879275597337535e+003	 -5.3122117351911520e+003	
  2.2620000000000000e+004	  1.8879275597337535e+003	 -5.3122117351911520e+003	
  2.2650000000000000e+004	  1.8879275597337535e+003	 -5.3122117351911520e+003	
  2.2680000000000000e+004	  1.8879275597337535e+003	 -5.3122117351911520e+003	
  2.2710000000000000e+004	  1.8879275597337535e+003	 -5.3122117351911520e+003	
  2.2740000000000000e+004	  1.8879275597337535e+003	 -5.3122117351911520e+003	
  2.2770000000000000e+004	  1.8879275597337535e+003	 -5.3122117351911520e+003	
  2.2800000000000000e+004	  1.8879275597337535e+003	 -5.3122117351911520e+003	
  2.2830000000000000e+004	  1.8879275597337535e+003	 -5.3122117351911520e+003	
  2.2860000000000000e+004	  1.8879275597337535e+003	 -5.3122117351911520e+003	
  2.2890000000000000e+004	  1.8879275597337535e+003	 -5.3122117351911520e+003	
  2.2920000000000000e+004	  1.8879275597337535e+003	 -5.3122117351911520e+003	
  2.2950000000000000e+004	  1.8879275597337535e+003	 -5.3122117351911520e+003	
  2.2980000000000000e+004	  1.8879275597337535e+003	 -5.3122117351911520e+003	
  2.3010000000000000e+004	  1.8879275597337535e+003	 -5.3122117351911520e+003	
  2.3040000000000000e+004	  1.8879275597337535e+003	 -5.3122117351911520e+003	
  2.3070000000000000e+004	  1.8879275597337535e+003	 -5.3122117351911520e+003	
  2.3100000000000000e+004	  1.8879275597337535e+003	 -5.3122117351911520e+003	
  2.3130000000000000e+004	  1.8879275597337535e+003	 -5.3122117351911520e+003	
  2.3160000000000000e+004	  1.8879275597337535e+003	 -5.3122117351911520e+003	
  2.3190000000000000e+004	  1.8879275597337535e+003	 -5.3122117351911520e+003	
  2.3220000000000000e+004	  1.8879275597337535e+003	 -5.3122117351911520e+003	
  2.3250000000000000e+004	  1.8879275597337535e+003	 -5.3122117351911520e+003	
  2.3280000000000000e+004	  1.8879275597337535e+003	 -5.3122117351911520e+003	
  2.3310000000000000e+004	  1.8879275597337535e+003	 -5.3122117351911520e+003	
  2.3340000000000000e+004	  1.8879275597337535e+003	 -5.3122117351911520e+003	
  2.3370000000000000e+004	  1.8879275597337535e+003	 -5.3122117351911520e+003	
  2.3400000000000000e+004	  1.8879275597337535e+003	 -5.3122117351911520e+003	
  2.3430000000000000e+004	  1.8879275597337535e+003	 -5.3122117351911520e+003	
  2.3460000000000000e+004	  1.8879275597337535e+003	 -5.3122117351911520e+003	
  2.3490000000000000e+004	  1.8879275597337535e+003	 -5.3122117351911520e+003	
  2.3520000000000000e+004	  1.8879275597337535e+003	 -5.3122117351911520e+003	
  2.3550000000000000e+004	  1.8879275597337535e+003	 -5.3122117351911520e+003	
  2.3580000000000000e+004	  1.8879275597337535e+003	 -5.3122117351911520e+003	
  2.3610000000000000e+004	  1.8879275597337535e+003	 -5.3122117351911520e+003	
  2.3640000000000000e+004	  1.8879275597337535e+003	 -5.3122117351911520e+003	
  2.3670000000000000e+004	  1.8879275597337535e+003	 -5.3122117351911520e+003	
  2.3700000000000000e+004	  1.8879275597337535e+003	 -5.3122117351911520e+003	
  2.3730000000000000e+004	  1.8879275597337535e+003	 -5.3122117351911520e+003	
  2.3760000000000000e+004	  1.8879275597337535e+003	 -5.3122117351911520e+003	
  2.3790000000000000e+004	  1.8879275597337535e+003	 -5.3122117351911520e+003	
  2.3820000000000000e+004	  1.8879275597337535e+003	 -5.3122117351911520e+003	
  2.3850000000000000e+004	  1.8879275597337535e+003	 -5.3122117351911520e+003	
  2.3880000000000000e+004	  1.8879275597337535e+003	 -5.3122117351911520e+003	
  2.3910000000000000e+004	  1.8879275597337535e+003	 -5.3122117351911520e+003	
  2.3940000000000000e+004	  1.8879275597337535e+003	 -5.3122117351911520e+003	
  2.3970000000000000e+004	  1.8879275597337535e+003	 -5.3122117351911520e+003	
  2.4000000000000000e+004	  1.8879275597337535e+003	 -5.3122117351911520e+003	
  2.4030000000000000e+004	  1.8879275597337535e+003	 -5.3122117351911520e+003	
  2.4060000000000000e+004	  1.8879275597337535e+003	 -5.3122117351911520e+003	
  2.4090000000000000e+004	  1.8879275597337535e+003	 -5.3122117351911520e+003	
  2.4120000000000000e+004	  1.8879275597337535e+003	 -5.3122117351911520e+003	
  2.4150000000000000e+004	  1.8879275597337535e+003	 -5.3122117351911520e+003	
  2.4180000000000000e+004	  1.8860604040480025e+003	 -5.2929032054644849e+003	
  2.4210000000000000e+004	  1.8851206501108111e+003	 -5.2474993933989508e+003	
  2.4240000000000000e+004	  1.8727833056328063e+003	 -5.2434548726499042e+003	
  2.4270000000000000e+004	  1.8639988935527833e+003	 -5.2275895360318755e+003	
  2.4300000000000000e+004	  1.8531223910410918e+003	 -5.2303251636512568e+003	
  2.4330000000000000e+004	  1.8451659331999149e+003	 -5.2230734542966493e+003	
  2.4360000000000000e+004	  1.8448575826472995e+003	 -5.2115176157841324e+003	
  2.4390000000000000e+004	  1.8435398432154745e+003	 -5.1960996772241760e+003	
  2.4420000000000000e+004	  1.8422221037836498e+003	 -5.1806817386642178e+003	
  2.4450000000000000e+004	  1.8461013535619613e+003	 -5.1894475279013786e+003	
  2.4480000000000000e+004	  1.8571821149694192e+003	 -5.2152545402703308e+003	
  2.4510000000000000e+004	  1.8547060190820041e+003	 -5.2247636623725721e+003	
  2.4540000000000000e+004	  1.8731273953102684e+003	 -5.2416027320288731e+003	
  2.4570000000000000e+004	  1.8915487715385327e+003	 -5.2584418016851741e+003	
  2.4600000000000000e+004	  1.9099701477667968e+003	 -5.2752808713414752e+003	
  2.4630000000000000e+004	  1.9094036773232194e+003	 -5.2744010262265638e+003	
  2.4660000000000000e+004	  1.8962770757296851e+003	 -5.2494187711815257e+003	
  2.4690000000000000e+004	  1.8519273207921485e+003	 -5.2404307579293591e+003	
  2.4720000000000000e+004	  1.8829235652958255e+003	 -5.2227069280141932e+003	
  2.4750000000000000e+004	  1.8780289232764271e+003	 -5.1813167397709012e+003	
  2.4780000000000000e+004	  1.8575737782311060e+003	 -5.1809132154219415e+003	
  2.4810000000000000e+004	  1.8486308363985966e+003	 -5.2087424908474559e+003	
  2.4840000000000000e+004	  1.8457539856142669e+003	 -5.2278333729366404e+003	
  2.4870000000000000e+004	  1.8693003147851928e+003	 -5.2443295075672695e+003	
  2.4900000000000000e+004	  1.8594831276917728e+003	 -5.2179261523335754e+003	
  2.4930000000000000e+004	  1.8567578144934253e+003	 -5.2061933286902058e+003	
  2.4960000000000000e+004	  1.8633234770919235e+003	 -5.1935976859072598e+003	
  2.4990000000000000e+004	  1.8635432869886131e+003	 -5.1881454196719878e+003	
  2.5020000000000000e+004	  1.8637630968853030e+003	 -5.1826931534367150e+003	
  2.5050000000000000e+004	  1.8639829067819926e+003	 -5.1772408872014430e+003	
  2.5080000000000000e+004	  1.8642027166786827e+003	 -5.1717886209661710e+003	
  2.5110000000000000e+004	  1.8364436274129166e+003	 -5.2047462062107443e+003	
  2.5140000000000000e+004	  1.8535058377101464e+003	 -5.1924750148873127e+003	
  2.5170000000000000e+004	  1.8740655330772545e+003	 -5.1749895561572703e+003	
  2.5200000000000000e+004	  1.8596032969653193e+003	 -5.1764453525241033e+003	
  2.5230000000000000e+004	  1.8737787790127452e+003	 -5.1672768710383116e+003	
  2.5260000000000000e+004	  1.8842067719888064e+003	 -5.1652731631885836e+003	
  2.5290000000000000e+004	  1.8787159769630707e+003	 -5.1785455861129358e+003	
  2.5320000000000000e+004	  1.8808286920356359e+003	 -5.1791135891080703e+003	
  2.5350000000000000e+004	  1.8809680315214739e+003	 -5.1833835982755718e+003	
  2.5380000000000000e+004	  1.9063221547108124e+003	 -5.2093662507233403e+003	
  2.5410000000000000e+004	  1.8760667381572189e+003	 -5.1841896482639404e+003	
  2.5440000000000000e+004	  1.8835050469836569e+003	 -5.1829818578814511e+003	
  2.5470000000000000e+004	  1.8780772660941875e+003	 -5.2019632782770750e+003	
  2.5500000000000000e+004	  1.8864028760445776e+003	 -5.2341148379015485e+003	
  2.5530000000000000e+004	  1.9065734537205312e+003	 -5.2559966002008687e+003	
  2.5560000000000000e+004	  1.9080247020412498e+003	 -5.2719520504008460e+003	
  2.5590000000000000e+004	  1.8934032908818710e+003	 -5.2992304481319698e+003	
  2.5620000000000000e+004	  1.8916483459616279e+003	 -5.3395957406182051e+003	
  2.5650000000000000e+004	  1.8856265457718973e+003	 -5.3798368725488845e+003	
  2.5680000000000000e+004	  1.8764920679417628e+003	 -5.3853646454140226e+003	
  2.5710000000000000e+004	  1.8830852685737857e+003	 -5.3876650847091905e+003	
  2.5740000000000000e+004	  1.9002657241367119e+003	 -5.3874686423980029e+003	
  2.5770000000000000e+004	  1.9174461796996382e+003	 -5.3872722000868152e+003	
  2.5800000000000000e+004	  1.9346266352625646e+003	 -5.3870757577756276e+003	
  2.5830000000000000e+004	  1.9399384539279347e+003	 -5.3827496693423200e+003	
  2.5860000000000000e+004	  1.8691614526900676e+003	 -5.3516492947961042e+003	
  2.5890000000000000e+004	  1.8290467294476418e+003	 -5.3225329169950073e+003	
  2.5920000000000000e+004	  1.8766754438377404e+003	 -5.3337886986363419e+003	
  2.5950000000000000e+004	  1.9528613663335268e+003	 -5.3632912404872422e+003	
  2.5980000000000000e+004	  1.9464720839945178e+003	 -5.3691352512278745e+003	
  2.6010000000000000e+004	  1.9311670107810555e+003	 -5.3640799378424581e+003	
  2.6040000000000000e+004	  1.9133328452630219e+003	 -5.3598897053199125e+003	
  2.6070000000000000e+004	  1.8680281338417187e+003	 -5.3285068456721510e+003	
  2.6100000000000000e+004	  1.9137282728200360e+003	 -5.3625906732438307e+003	
  2.6130000000000000e+004	  1.8812899251013848e+003	 -5.3563225995159419e+003	
  2.6160000000000000e+004	  1.8721958113101005e+003	 -5.3683155533664776e+003	
  2.6190000000000000e+004	  1.8704291218359065e+003	 -5.3765338673351162e+003	
  2.6220000000000000e+004	  1.8693867974022819e+003	 -5.3762465970192879e+003	
  2.6250000000000000e+004	  1.8683444729686573e+003	 -5.3759593267034597e+003	
  2.6280000000000000e+004	  1.8673021485350328e+003	 -5.3756720563876315e+003	
  2.6310000000000000e+004	  1.8678828730444670e+003	 -5.3742630658549888e+003	
  2.6340000000000000e+004	  1.8685195647588346e+003	 -5.3728153953148703e+003	
  2.6370000000000000e+004	  1.8691562564732017e+003	 -5.3713677247747510e+003	
  2.6400000000000000e+004	  1.8697929481875692e+003	 -5.3699200542346316e+003	
  2.6430000000000000e+004	  1.8704296399019365e+003	 -5.3684723836945132e+003	
  2.6460000000000000e+004	  1.8710663316163041e+003	 -5.3670247131543938e+003	
  2.6490000000000000e+004	  1.8713740941902809e+003	 -5.3663314893042834e+003	
  2.6520000000000000e+004	  1.8703661402026951e+003	 -5.3686560522142054e+003	
  2.6550000000000000e+004	  1.8693581862151095e+003	 -5.3709806151241291e+003	
  2.6580000000000000e+004	  1.8683502322275237e+003	 -5.3733051780340511e+003	
  2.6610000000000000e+004	  1.8681486414300066e+003	 -5.3737596546051291e+003	
  2.6640000000000000e+004	  1.8681486414300066e+003	 -5.3737466095914970e+003	
  2.6670000000000000e+004	  1.8681486414300066e+003	 -5.3737335645778658e+003	
  2.6700000000000000e+004	  1.8681486414300066e+003	 -5.3737205195642327e+003	
  2.6730000000000000e+004	  1.8681486414300066e+003	 -5.3737074745506015e+003	
  2.6760000000000000e+004	  1.8681486414300066e+003	 -5.3736944295369685e+003	
  2.6790000000000000e+004	  1.8681486414300066e+003	 -5.3736813845233364e+003	
  2.6820000000000000e+004	  1.8681486414300066e+003	 -5.3736683395097043e+003	
  2.6850000000000000e+004	  1.8661043585097598e+003	 -5.3747990947453964e+003	
  2.6880000000000000e+004	  1.8584382975588335e+003	 -5.3790753006667319e+003	
  2.6910000000000000e+004	  1.8507722366079074e+003	 -5.3833515065880674e+003	
  2.6940000000000000e+004	  1.8341175914932157e+003	 -5.3783340910502639e+003	
  2.6970000000000000e+004	  1.8380886054489936e+003	 -5.3633062831872030e+003	
  2.7000000000000000e+004	  1.8380886054489936e+003	 -5.3633062831872030e+003	
  2.7030000000000000e+004	  1.8380886054489936e+003	 -5.3633062831872030e+003	
  2.7060000000000000e+004	  1.8380886054489936e+003	 -5.3633062831872030e+003	
  2.7090000000000000e+004	  1.8380886054489936e+003	 -5.3633062831872030e+003	
  2.7120000000000000e+004	  1.8380886054489936e+003	 -5.3633062831872030e+003	
  2.7150000000000000e+004	  1.8380886054489936e+003	 -5.3633062831872030e+003	
  2.7180000000000000e+004	  1.8380886054489936e+003	 -5.3633062831872030e+003	
  2.7210000000000000e+004	  1.8380886054489936e+003	 -5.3633062831872030e+003	
  2.7240000000000000e+004	  1.8380886054489936e+003	 -5.3633062831872030e+003	
  2.7270000000000000e+004	  1.8380886054489936e+003	 -5.3633062831872030e+003	
  2.7300000000000000e+004	  1.8380886054489936e+003	 -5.3633062831872030e+003	
  2.7330000000000000e+004	  1.8380886054489936e+003	 -5.3633062831872030e+003	
  2.7360000000000000e+004	  1.8380886054489936e+003	 -5.3633062831872030e+003	
  2.7390000000000000e+004	  1.8380886054489936e+003	 -5.3633062831872030e+003	
  2.7420000000000000e+004	  1.8380886054489936e+003	 -5.3633062831872030e+003	
  2.7450000000000000e+004	  1.8380886054489936e+003	 -5.3633062831872030e+003	
  2.7480000000000000e+004	  1.8380886054489936e+003	 -5.3633062831872030e+003	
  2.7510000000000000e+004	  1.8566829701702995e+003	 -5.3698630716879943e+003	
  2.7540000000000000e+004	  1.8945949736786283e+003	 -5.3832316912870574e+003	
  2.7570000000000000e+004	  1.8860938699956109e+003	 -5.3200646494096891e+003	
  2.7600000000000000e+004	  1.8915216331052673e+003	 -5.2825293577387656e+003	
  2.7630000000000000e+004	  1.9131244628203356e+003	 -5.2925457135712159e+003	
  2.7660000000000000e+004	  1.9161062212074103e+003	 -5.3284878848855278e+003	
  2.7690000000000000e+004	  1.9161272036382677e+003	 -5.3486071253845257e+003	
  2.7720000000000000e+004	  1.9149682042771958e+003	 -5.3424354632624254e+003	
  2.7750000000000000e+004	  1.9114912061939799e+003	 -5.3442756032886173e+003	
  2.7780000000000000e+004	  1.8975010162634987e+003	 -5.3799431297904557e+003	
  2.7810000000000000e+004	  1.9440998595154369e+003	 -5.4109095224394296e+003	
  2.7840000000000000e+004	  1.9474076829958453e+003	 -5.3802900922089184e+003	
  2.7870000000000000e+004	  1.9369488436468719e+003	 -5.3790019944779588e+003	
  2.7900000000000000e+004	  1.9259223977562231e+003	 -5.3823415075331623e+003	
  2.7930000000000000e+004	  1.9148959518655740e+003	 -5.3856810205883639e+003	
  2.7960000000000000e+004	  1.9038695059749255e+003	 -5.3890205336435665e+003	
  2.7990000000000000e+004	  1.9259318002026907e+003	 -5.4125307057808595e+003	
  2.8020000000000000e+004	  1.9069231516466480e+003	 -5.3793359460546153e+003	
  2.8050000000000000e+004	  1.9069231516466480e+003	 -5.3793359460546153e+003	
  2.8080000000000000e+004	  1.9069231516466480e+003	 -5.3793359460546153e+003	
  2.8110000000000000e+004	  1.9069231516466480e+003	 -5.3793359460546153e+003	
  2.8140000000000000e+004	  1.9069231516466480e+003	 -5.3793359460546153e+003	
  2.8170000000000000e+004	  1.9069231516466480e+003	 -5.3793359460546153e+003	
  2.8200000000000000e+004	  1.9069231516466480e+003	 -5.3793359460546153e+003	
  2.8230000000000000e+004	  1.9069231516466480e+003	 -5.3793359460546153e+003	
  2.8260000000000000e+004	  1.9069231516466480e+003	 -5.3793359460546153e+003	
  2.8290000000000000e+004	  1.9069231516466480e+003	 -5.3793359460546153e+003	
  2.8320000000000000e+004	  1.9069231516466480e+003	 -5.3793359460546153e+003	
  2.8350000000000000e+004	  1.8910706265860679e+003	 -5.3883330935787289e+003	
  2.8380000000000000e+004	  1.8561090335622357e+003	 -5.4081756491912483e+003	
  2.8410000000000000e+004	  1.8211474405384035e+003	 -5.4280182048037686e+003	
  2.8440000000000000e+004	  1.7861858475145716e+003	 -5.4478607604162871e+003	
  2.8470000000000000e+004	  1.7512242544907390e+003	 -5.4677033160288083e+003	
  2.8500000000000000e+004	  1.7162626614669066e+003	 -5.4875458716413277e+003	
  2.8530000000000000e+004	  1.6813010684430744e+003	 -5.5073884272538480e+003	
  2.8560000000000000e+004	  1.6499102190092672e+003	 -5.5337498888906512e+003	
  2.8590000000000000e+004	  1.9455641403659422e+003	 -5.4130346678192254e+003	
  2.8620000000000000e+004	  1.9522221406909066e+003	 -5.3994937476740142e+003	
  2.8650000000000000e+004	  1.9511050771798514e+003	 -5.3896398324748034e+003	
  2.8680000000000000e+004	  1.9499880136687957e+003	 -5.3797859172755934e+003	
  2.8710000000000000e+004	  1.9488709501577403e+003	 -5.3699320020763835e+003	
  2.8740000000000000e+004	  1.9477538866466848e+003	 -5.3600780868771726e+003	
  2.8770000000000000e+004	  1.9221979570817391e+003	 -5.3813396529596266e+003	
  2.8800000000000000e+004	  1.9221979570817391e+003	 -5.3813396529596266e+003	
  2.8830000000000000e+004	  1.9221979570817391e+003	 -5.3813396529596266e+003	
  2.8860000000000000e+004	  1.9221979570817391e+003	 -5.3813396529596266e+003	
  2.8890000000000000e+004	  1.9221979570817391e+003	 -5.3813396529596266e+003	
  2.8920000000000000e+004	  1.9221979570817391e+003	 -5.3813396529596266e+003	
  2.8950000000000000e+004	  1.9221979570817391e+003	 -5.3813396529596266e+003	
  2.8980000000000000e+004	  1.9221979570817391e+003	 -5.3813396529596266e+003	
  2.9010000000000000e+004	  1.9221979570817391e+003	 -5.3813396529596266e+003	
  2.9040000000000000e+004	  1.9221979570817391e+003	 -5.3813396529596266e+003	
  2.9070000000000000e+004	  1.9221979570817391e+003	 -5.3813396529596266e+003	
  2.9100000000000000e+004	  1.9221979570817391e+003	 -5.3813396529596266e+003	
  2.9130000000000000e+004	  1.9221979570817391e+003	 -5.3813396529596266e+003	
  2.9160000000000000e+004	  1.9221979570817391e+003	 -5.3813396529596266e+003	
  2.9190000000000000e+004	  1.9221979570817391e+003	 -5.3813396529596266e+003	
  2.9220000000000000e+004	  1.9221979570817391e+003	 -5.3813396529596266e+003	
  2.9250000000000000e+004	  1.9221979570817391e+003	 -5.3813396529596266e+003	
  2.9280000000000000e+004	  1.9221979570817391e+003	 -5.3813396529596266e+003	
  2.9310000000000000e+004	  1.9221979570817391e+003	 -5.3813396529596266e+003	
  2.9340000000000000e+004	  1.9221979570817391e+003	 -5.3813396529596266e+003	
  2.9370000000000000e+004	  1.9221979570817391e+003	 -5.3813396529596266e+003	
  2.9400000000000000e+004	  1.9221979570817391e+003	 -5.3813396529596266e+003	
  2.9430000000000000e+004	  1.9221979570817391e+003	 -5.3813396529596266e+003	
  2.9460000000000000e+004	  1.9221979570817391e+003	 -5.3813396529596266e+003	
  2.9490000000000000e+004	  1.9221979570817391e+003	 -5.3813396529596266e+003	
  2.9520000000000000e+004	  1.9221979570817391e+003	 -5.3813396529596266e+003	
  2.9550000000000000e+004	  1.9221979570817391e+003	 -5.3813396529596266e+003	
  2.9580000000000000e+004	  1.9221979570817391e+003	 -5.3813396529596266e+003	
  2.9610000000000000e+004	  1.9221979570817391e+003	 -5.3813396529596266e+003	
  2.9640000000000000e+004	  1.9221979570817391e+003	 -5.3813396529596266e+003	
  2.9670000000000000e+004	  1.9221979570817391e+003	 -5.3813396529596266e+003	
  2.9700000000000000e+004	  1.9221979570817391e+003	 -5.3813396529596266e+003	
  2.9730000000000000e+004	  1.9221979570817391e+003	 -5.3813396529596266e+003	
  2.9760000000000000e+004	  1.9221979570817391e+003	 -5.3813396529596266e+003	
  2.9790000000000000e+004	  1.9221979570817391e+003	 -5.3813396529596266e+003	
  2.9820000000000000e+004	  1.9221979570817391e+003	 -5.3813396529596266e+003	
  2.9850000000000000e+004	  1.9221979570817391e+003	 -5.3813396529596266e+003	
  2.9880000000000000e+004	  1.9221979570817391e+003	 -5.3813396529596266e+003	
  2.9910000000000000e+004	  1.9221979570817391e+003	 -5.3813396529596266e+003	
  2.9940000000000000e+004	  1.9221979570817391e+003	 -5.3813396529596266e+003	
  2.9970000000000000e+004	  1.9221979570817391e+003	 -5.3813396529596266e+003	
  3.0000000000000000e+004	  1.9221979570817391e+003	 -5.3813396529596266e+003	
  3.0030000000000000e+004	  1.9221979570817391e+003	 -5.3813396529596266e+003	
  3.0060000000000000e+004	  1.9221979570817391e+003	 -5.3813396529596266e+003	
  3.0090000000000000e+004	  1.9221979570817391e+003	 -5.3813396529596266e+003	
  3.0120000000000000e+004	  1.8996327717317620e+003	 -5.3591478879447995e+003	
  3.0150000000000000e+004	  1.9443117799386248e+003	 -5.3551458826119633e+003	
  3.0180000000000000e+004	  1.9227339159997018e+003	 -5.3216150996812039e+003	
  3.0210000000000000e+004	  1.9568600204875092e+003	 -5.3030837328727348e+003	
  3.0240000000000000e+004	  1.9702091556715063e+003	 -5.2976143521210579e+003	
  3.0270000000000000e+004	  1.9742498003567794e+003	 -5.3090948554193365e+003	
  3.0300000000000000e+004	  2.0032229741826807e+003	 -5.3297163479553619e+003	
  3.0330000000000000e+004	  2.0003895445611199e+003	 -5.2981231646638198e+003	
  3.0360000000000000e+004	  1.9987737552874755e+003	 -5.2616400395277860e+003	
  3.0390000000000000e+004	  1.9989517847159022e+003	 -5.2572885524368457e+003	
  3.0420000000000000e+004	  1.9971413369003906e+003	 -5.2598123017775924e+003	
  3.0450000000000000e+004	  1.9930234502666710e+003	 -5.2585494709573886e+003	
  3.0480000000000000e+004	  2.0233267904627871e+003	 -5.3074858176996431e+003	
  3.0510000000000000e+004	  2.0076585428203023e+003	 -5.2517665498380611e+003	
  3.0540000000000000e+004	  2.0285943662527768e+003	 -5.2555513311606974e+003	
  3.0570000000000000e+004	  2.0305087406225402e+003	 -5.2709965794721866e+003	
  3.0600000000000000e+004	  2.0336093939124528e+003	 -5.2907553644687532e+003	
  3.0630000000000000e+004	  2.2244860697831332e+003	 -5.7182555028355100e+003	
  3.0660000000000000e+004	  2.2556386371580616e+003	 -5.7548143830050176e+003	
  3.0690000000000000e+004	  2.2648642916523454e+003	 -5.7730559646897163e+003	
  3.0720000000000000e+004	  2.0545974194771206e+003	 -5.2199804580712262e+003	
  3.0750000000000000e+004	  2.0492645657937992e+003	 -5.2179033174237584e+003	
  3.0780000000000000e+004	  2.0278067411378554e+003	 -5.2160337604029419e+003	
  3.0810000000000000e+004	  2.0407201328827687e+003	 -5.2213339721052507e+003	
  3.0840000000000000e+004	  2.0470401257314918e+003	 -5.2330652769803019e+003	
  3.0870000000000000e+004	  2.0441456276862464e+003	 -5.2284899163561104e+003	
  3.0900000000000000e+004	  2.0416577760943358e+003	 -5.2243325636815498e+003	
  3.0930000000000000e+004	  2.0391699245024256e+003	 -5.2201752110069883e+003	
  3.0960000000000000e+004	  2.0381259582110695e+003	 -5.2180667620632912e+003	
  3.0990000000000000e+004	  2.0377007999056652e+003	 -5.2168364147185357e+003	
  3.1020000000000000e+004	  2.0369361886970678e+003	 -5.2157545846695702e+003	
  3.1050000000000000e+004	  2.0366564309124258e+003	 -5.2182459671200822e+003	
  3.1080000000000000e+004	  2.0363766731277842e+003	 -5.2207373495705933e+003	
  3.1110000000000000e+004	  2.0369330787035299e+003	 -5.2199236746483821e+003	
  3.1140000000000000e+004	  2.0366066955293563e+003	 -5.2194134714864358e+003	
  3.1170000000000000e+004	  2.0367590094343363e+003	 -5.2189137339421941e+003	
  3.1200000000000000e+004	  2.0382277403069863e+003	 -5.2184427768466348e+003	
  3.1230000000000000e+004	  2.0396964711796363e+003	 -5.2179718197510765e+003	
  3.1260000000000000e+004	  2.0398596635504330e+003	 -5.2146608495464288e+003	
  3.1290000000000000e+004	  2.0394626263652165e+003	 -5.2102269366668615e+003	
  3.1320000000000000e+004	  2.0403611449087839e+003	 -5.2099519181020378e+003	
  3.1350000000000000e+004	  2.0412596634523511e+003	 -5.2096768995372140e+003	
  3.1380000000000000e+004	  2.0355296251031421e+003	 -5.2255451883939950e+003	
  3.1410000000000000e+004	  2.0768294552663083e+003	 -5.2384608819739979e+003	
  3.1440000000000000e+004	  2.0794501344773762e+003	 -5.2187053712770949e+003	
  3.1470000000000000e+004	  2.1086289308993564e+003	 -5.2390541367930336e+003	
  3.1500000000000000e+004	  2.1419103851518589e+003	 -5.2494622855766829e+003	
  3.1530000000000000e+004	  2.1246870614443355e+003	 -5.2222675184447889e+003	
  3.1560000000000000e+004	  2.1374160655566120e+003	 -5.2044567817488141e+003	
  3.1590000000000000e+004	  2.1379229217147008e+003	 -5.2339165260137679e+003	
  3.1620000000000000e+004	  2.1394045037212995e+003	 -5.2573752192935244e+003	
  3.1650000000000000e+004	  2.1648323857038572e+003	 -5.2568871368228929e+003	
  3.1680000000000000e+004	  2.1822515405001227e+003	 -5.2423528332761980e+003	
  3.1710000000000000e+004	  2.1794406150239492e+003	 -5.2473138655963285e+003	
  3.1740000000000000e+004	  2.1684317576745448e+003	 -5.2582941846200029e+003	
  3.1770000000000000e+004	  2.1632274248584981e+003	 -5.2753851337543474e+003	
  3.1800000000000000e+004	  2.1738825689869932e+003	 -5.2676530902660215e+003	
  3.1830000000000000e+004	  2.1772396695673006e+003	 -5.2517506468910751e+003	
  3.1860000000000000e+004	  2.1767441749157256e+003	 -5.2450918055423199e+003	
  3.1890000000000000e+004	  2.1759330941357543e+003	 -5.2455698976520298e+003	
  3.1920000000000000e+004	  2.1755051679185917e+003	 -5.2444196208143148e+003	
  3.1950000000000000e+004	  2.1762753101297803e+003	 -5.2405641965024352e+003	
  3.1980000000000000e+004	  2.1765577591646288e+003	 -5.2358760337016656e+003	
  3.2010000000000000e+004	  2.1779285759571126e+003	 -5.2335606377683544e+003	
  3.2040000000000000e+004	  2.1771669321077784e+003	 -5.2355715015314554e+003	
  3.2070000000000000e+004	  2.1548413838315514e+003	 -5.2557987024434251e+003	
  3.2100000000000000e+004	  2.1356046307576512e+003	 -5.2859965573525069e+003	
  3.2130000000000000e+004	  2.1759947440370211e+003	 -5.2556626476635256e+003	
  3.2160000000000000e+004	  2.1845133846808953e+003	 -5.2437517181544627e+003	
  3.2190000000000000e+004	  2.1857275375540166e+003	 -5.2498964227849374e+003	
  3.2220000000000000e+004	  2.1848071325317210e+003	 -5.2459224010552934e+003	
  3.2250000000000000e+004	  2.1827667869417260e+003	 -5.2410289616243272e+003	
  3.2280000000000000e+004	  2.1818540933255072e+003	 -5.2364149097139461e+003	
  3.2310000000000000e+004	  2.1835231051747355e+003	 -5.2358077252428029e+003	
  3.2340000000000000e+004	  2.1863453525989057e+003	 -5.2401500716432074e+003	
  3.2370000000000000e+004	  2.2126357293175802e+003	 -5.2614980076292231e+003	
  3.2400000000000000e+004	  2.2791976038945222e+003	 -5.2760336772913379e+003	
  3.2430000000000000e+004	  2.3528012054716855e+003	 -5.1005389958743235e+003	
  3.2460000000000000e+004	  2.3913107668955449e+003	 -4.9782882646802018e+003	
  3.2490000000000000e+004	  2.5056955688077774e+003	 -4.8646947298457380e+003	
  3.2520000000000000e+004	  2.6748738423335935e+003	 -4.7274908392979805e+003	
  3.2550000000000000e+004	  2.4614741638587757e+003	 -4.6950061239193092e+003	
  3.2580000000000000e+004	  2.0219737786522799e+003	 -4.7039227175944716e+003	
  3.2610000000000000e+004	  1.6817176714932352e+003	 -4.6040123466049017e+003	
  3.2640000000000000e+004	  1.6252008874616552e+003	 -4.1512189122319778e+003	
  3.2670000000000000e+004	  1.5866208078781044e+003	 -3.6026275713428881e+003	
  3.2700000000000000e+004	  1.4226824084386126e+003	 -3.0219737254148713e+003	
  3.2730000000000000e+004	  1.2678637200257772e+003	 -2.4780652799539284e+003	
  3.2760000000000000e+004	  1.1252969363309257e+003	 -2.0076152078333450e+003	
  3.2790000000000000e+004	  9.9250729910969619e+002	 -1.5570314158918829e+003	
  3.2820000000000000e+004	  9.4050604715919337e+002	 -1.3431541609148235e+003	
  3.2850000000000000e+004	  8.8958186473495368e+002	 -1.1923213456249412e+003	
  3.2880000000000000e+004	  7.1612091963672367e+002	 -8.4428586268659387e+002	
  3.2910000000000000e+004	  5.7019901726479122e+002	 -4.4521204424679451e+002	
  3.2940000000000000e+004	  4.3094599806168861e+002	 -1.1312429026715995e+002	
  3.2970000000000000e+004	  3.7756985325551182e+002	 -6.8007482511750922e+001	
  3.3000000000000000e+004	  1.9247296722422115e+002	 -1.0446380121811274e+002	
  3.3030000000000000e+004	  2.3362542299393581e+002	  3.8636845287734922e+000	
  3.3060000000000000e+004	  2.3855997833049011e+002	  1.1786674953441657e+002	
  3.3090000000000000e+004	  1.4603877763155259e+002	  1.5394235230847771e+001	
  3.3120000000000000e+004	  1.3455230893133631e+002	 -1.6720378036700061e+000	
  3.3150000000000000e+004	  1.3062345284780068e+002	 -6.0185411104581252e+000	
  3.3180000000000000e+004	  1.2669459676426504e+002	 -1.0365044417246244e+001	
  3.3210000000000000e+004	  1.2500920875179563e+002	 -1.4742133474718930e+001	
  3.3240000000000000e+004	  1.2393213232272969e+002	 -2.0029904652867753e+001	
  3.3270000000000000e+004	  1.2353158049724429e+002	 -2.8682158636212865e+001	
  3.3300000000000000e+004	  1.2527976865294659e+002	 -3.2424099277815095e+001	
  3.3330000000000000e+004	  1.3028224144945099e+002	 -4.3088666583594915e+001	
  3.3360000000000000e+004	  1.2881336388609324e+002	 -4.9103063981186438e+001	
  3.3390000000000000e+004	  1.1456287171840391e+002	 -3.9350251669812678e+001	
  3.3420000000000000e+004	  1.0886949943436157e+002	 -2.7840585515188657e+001	
  3.3450000000000000e+004	  1.0868296964321249e+002	 -2.2221703671102727e+001	
  3.3480000000000000e+004	  1.0772711952531627e+002	 -1.9936965808839304e+001	
  3.3510000000000000e+004	  1.0625838918958860e+002	 -1.9874990601124214e+001	
  3.3540000000000000e+004	  1.0507330171112909e+002	 -2.0323187210346457e+001	
  3.3570000000000000e+004	  1.0561289850393599e+002	 -1.7327020969622428e+001	
  3.3600000000000000e+004	  1.0559877216914607e+002	 -1.7407768218864220e+001	
  3.3630000000000000e+004	  9.9345594321730985e+001	 -2.4894253183111548e+001	
  3.3660000000000000e+004	  8.1569727556903814e+001	 -2.8640964213797556e+001	
  3.3690000000000000e+004	  6.1902711801538004e+001	 -3.9521317231466440e+001	
  3.3720000000000000e+004	  4.2865867440087882e+001	 -3.0238693859019779e+001	
  3.3750000000000000e+004	 -2.7703828876380353e+001	 -9.5832502464788277e+001	
  3.3780000000000000e+004	 -4.5314461608486198e+001	 -1.9763627195944778e+002	
  3.3810000000000000e+004	 -2.7249140546209766e+001	 -1.9202865855052806e+002	
  3.3840000000000000e+004	 -1.8795127738680041e+001	 -1.7058880123856443e+002	
  3.3870000000000000e+004	 -3.4404839959516087e+000	 -1.4273123929817714e+002	
  3.3900000000000000e+004	  2.0190203266975839e+001	 -8.5020444334134211e+001	
  3.3930000000000000e+004	  4.2876589362213537e+001	 -5.8462575654399522e+001	
  3.3960000000000000e+004	  5.9652774439180526e+001	 -5.1264095092179922e+001	
  3.3990000000000000e+004	  7.7632701604172169e+001	 -4.1095025794640542e+001	
  3.4020000000000000e+004	  9.5978985056823461e+001	 -3.0021864273308196e+001	
  3.4050000000000000e+004	  9.9560043653015072e+001	 -2.7603876240389805e+001	
  3.4080000000000000e+004	  1.0086952919436671e+002	 -2.6517453359535111e+001	
  3.4110000000000000e+004	  1.0253387421272281e+002	 -2.5205737486367674e+001	
  3.4140000000000000e+004	  1.0719884572179488e+002	 -2.2554945045011781e+001	
  3.4170000000000000e+004	  1.1122931688037386e+002	 -2.2166565223713391e+001	
  3.4200000000000000e+004	  9.9886382712428656e+001	 -1.1231208288233539e+001	
  3.4230000000000000e+004	  1.1457511342958151e+002	  4.1111388371305289e+000	
  3.4260000000000000e+004	  1.0061847921378337e+002	  1.1105194575850710e+001	
  3.4290000000000000e+004	  7.5784130005978554e+001	  2.3062729606405973e+001	
  3.4320000000000000e+004	  2.3256637142173886e+001	  1.7417401235312031e+000	
  3.4350000000000000e+004	  3.2307633294583162e+001	  1.6231438991830931e+001	
  3.4380000000000000e+004	  3.9346006593128706e+001	  2.6667584224981631e+001	
  3.4410000000000000e+004	  4.3382646402780892e+001	  2.8599846646121364e+001	
  3.4440000000000000e+004	  4.6816096523739219e+001	 -4.9646627409695760e+000	
  3.4470000000000000e+004	  5.6060375767479549e+001	 -3.3363063378627649e+000	
  3.4500000000000000e+004	  6.6631450104897851e+001	  6.9768892726298715e+000	
  3.4530000000000000e+004	  6.7679698401132640e+001	  1.0804600999189997e+001	
  3.4560000000000000e+004	  7.8352497598507171e+001	  1.8949370998247066e+001	
  3.4590000000000000e+004	  9.7041299279647944e+001	  2.6652672879336304e+001	
  3.4620000000000000e+004	  6.2741930961687835e+001	  5.4211129961418587e+000	
  3.4650000000000000e+004	  5.5810951101899285e+001	 -6.2465689881545716e-001	
  3.4680000000000000e+004	  1.1010573266922123e+001	 -1.7701200344884416e+001	
  3.4710000000000000e+004	 -1.8905117929916596e+001	 -4.8598453688106481e+001	
  3.4740000000000000e+004	  4.8477870512503696e+000	 -2.2556486263929871e+000	
  3.4770000000000000e+004	  2.0508910165889036e+000	  1.2129404387401213e+001	
  3.4800000000000000e+004	  3.4584190678738985e+001	  1.1528605771614766e+001	
  3.4830000000000000e+004	  6.0976218003802011e+001	  1.6400427903535238e+001	
  3.4860000000000000e+004	  7.5588240711654009e+001	  1.1502950860924159e+001	
  3.4890000000000000e+004	  7.1237311264965456e+001	  2.1596426773182309e+001	
  3.4920000000000000e+004	  7.3223213124383292e+001	  1.5672614504067260e+001	
  3.4950000000000000e+004	  7.3916169650826177e+001	  1.4028643596450276e+001	
  3.4980000000000000e+004	  6.3860949500768399e+001	  8.8979529180274120e-001	
