  0.0000000000000000e+000	  3.1014032316673183e+003	 -2.9626083146625638e+003	
  3.0000000000000000e+001	  2.9440799326448537e+003	 -3.0455667344856629e+003	
  6.0000000000000000e+001	  2.7867566336223886e+003	 -3.1285251543087620e+003	
  9.0000000000000000e+001	  2.6294333345999235e+003	 -3.2114835741318620e+003	
  1.2000000000000000e+002	  2.4721100355774588e+003	 -3.2944419939549616e+003	
  1.5000000000000000e+002	  2.3147867365549937e+003	 -3.3774004137780607e+003	
  1.8000000000000000e+002	  2.1574634375325290e+003	 -3.4603588336011599e+003	
  2.1000000000000000e+002	  2.0001401385100639e+003	 -3.5433172534242594e+003	
  2.4000000000000000e+002	  1.8428168394875993e+003	 -3.6262756732473590e+003	
  2.7000000000000000e+002	  1.6854935404651344e+003	 -3.7092340930704586e+003	
  3.0000000000000000e+002	  1.5281702414426695e+003	 -3.7921925128935577e+003	
  3.3000000000000000e+002	  1.3708469424202044e+003	 -3.8751509327166573e+003	
  3.6000000000000000e+002	  1.2135236433977398e+003	 -3.9581093525397569e+003	
  3.9000000000000000e+002	  1.0562003443752749e+003	 -4.0410677723628560e+003	
  4.2000000000000000e+002	  8.9887704535280977e+002	 -4.1240261921859556e+003	
  4.5000000000000000e+002	  7.4155374633034501e+002	 -4.2069846120090551e+003	
  4.8000000000000000e+002	  5.8423044730788013e+002	 -4.2899430318321538e+003	
  5.1000000000000000e+002	  4.2690714828541525e+002	 -4.3729014516552543e+003	
  5.4000000000000000e+002	  2.6958384926295037e+002	 -4.4558598714783529e+003	
  5.7000000000000000e+002	  1.1226055024048539e+002	 -4.5388182913014525e+003	
  6.0000000000000000e+002	 -4.5062748781979323e+001	 -4.6217767111245521e+003	
  6.3000000000000000e+002	 -2.0238604780444433e+002	 -4.7047351309476508e+003	
  6.6000000000000000e+002	 -3.5970934682690927e+002	 -4.7876935507707512e+003	
  6.9000000000000000e+002	 -5.1703264584937403e+002	 -4.8706519705938499e+003	
  7.2000000000000000e+002	 -6.7435594487183903e+002	 -4.9536103904169495e+003	
  7.5000000000000000e+002	 -8.3167924389430380e+002	 -5.0365688102400491e+003	
  7.8000000000000000e+002	 -9.8900254291676879e+002	 -5.1195272300631486e+003	
  8.1000000000000000e+002	 -1.1463258419392337e+003	 -5.2024856498862482e+003	
  8.4000000000000000e+002	 -1.1760468636071007e+003	 -5.2123769942406552e+003	
  8.7000000000000000e+002	 -1.1590291651798022e+003	 -5.2202860735895865e+003	
  9.0000000000000000e+002	 -1.1482682587011245e+003	 -5.2286793825966715e+003	
  9.3000000000000000e+002	 -1.1483612774971057e+003	 -5.2305884715405373e+003	
  9.6000000000000000e+002	 -1.1479304510879942e+003	 -5.2257573097427057e+003	
  9.9000000000000000e+002	 -1.1478863875804541e+003	 -5.2318296567519374e+003	
  1.0200000000000000e+003	 -1.1495117833953450e+003	 -5.2305996032653711e+003	
  1.0500000000000000e+003	 -1.1546915065774585e+003	 -5.2259465487090811e+003	
  1.0800000000000000e+003	 -1.1499915705951764e+003	 -5.2245049918879631e+003	
  1.1100000000000000e+003	 -1.1478912841836761e+003	 -5.2145755067416048e+003	
  1.1400000000000000e+003	 -1.1272262348104498e+003	 -5.2255458059590910e+003	
  1.1700000000000000e+003	 -1.1385354665961620e+003	 -5.2288296601037018e+003	
  1.2000000000000000e+003	 -1.1288467315140144e+003	 -5.2462507870206600e+003	
  1.2300000000000000e+003	 -1.1380752617467638e+003	 -5.2474084854536713e+003	
  1.2600000000000000e+003	 -1.1468386943143842e+003	 -5.2492953094269706e+003	
  1.2900000000000000e+003	 -1.1389124386461658e+003	 -5.2482099684580608e+003	
  1.3200000000000000e+003	 -1.1234711733520930e+003	 -5.2506645107275926e+003	
  1.3500000000000000e+003	 -1.1253805263904851e+003	 -5.2380077560464288e+003	
  1.3800000000000000e+003	 -1.1208862096821972e+003	 -5.2505698907804290e+003	
  1.4100000000000000e+003	 -1.1024389438062822e+003	 -5.2741969445121613e+003	
  1.4400000000000000e+003	 -1.0820627432753979e+003	 -5.2943620369074079e+003	
  1.4700000000000000e+003	 -1.0470090196447986e+003	 -5.3016533073059309e+003	
  1.5000000000000000e+003	 -1.0170664839621688e+003	 -5.3102135928324678e+003	
  1.5300000000000000e+003	 -9.8957182982938923e+002	 -5.3048648059695743e+003	
  1.5600000000000000e+003	 -9.7200580264188613e+002	 -5.2817275472944548e+003	
  1.5900000000000000e+003	 -9.5596725561430173e+002	 -5.2681802564959644e+003	
  1.6200000000000000e+003	 -9.4755142474640070e+002	 -5.2845605671478334e+003	
  1.6500000000000000e+003	 -9.3217870229688413e+002	 -5.2965605502108328e+003	
  1.6800000000000000e+003	 -9.1226270398436498e+002	 -5.3082878069109502e+003	
  1.7100000000000000e+003	 -8.8728937639878791e+002	 -5.3247015136597793e+003	
  1.7400000000000000e+003	 -8.6410789791212812e+002	 -5.3378536287417355e+003	
  1.7700000000000000e+003	 -8.6743702065601826e+002	 -5.3387719951314803e+003	
  1.8000000000000000e+003	 -8.5736152156330115e+002	 -5.3400243115787180e+003	
  1.8300000000000000e+003	 -8.5759162259185473e+002	 -5.3355660624618595e+003	
  1.8600000000000000e+003	 -8.4716363072789352e+002	 -5.3428462002072956e+003	
  1.8900000000000000e+003	 -8.4372680166709756e+002	 -5.3361337787191969e+003	
  1.9200000000000000e+003	 -8.2004105664010058e+002	 -5.3166866825178322e+003	
  1.9500000000000000e+003	 -7.9224776296140567e+002	 -5.3161634918625005e+003	
  1.9800000000000000e+003	 -7.7985656778287228e+002	 -5.3222581028929553e+003	
  2.0100000000000000e+003	 -7.6883618696582607e+002	 -5.3412209708328155e+003	
  2.0400000000000000e+003	 -7.6379843554277772e+002	 -5.3606958967546834e+003	
  2.0700000000000000e+003	 -7.6206533398758950e+002	 -5.3654825330316253e+003	
  2.1000000000000000e+003	 -7.6197720717434572e+002	 -5.3570892228225075e+003	
  2.1300000000000000e+003	 -7.5063370733837962e+002	 -5.3466476797370697e+003	
  2.1600000000000000e+003	 -7.3618628507328401e+002	 -5.3847793526980950e+003	
  2.1900000000000000e+003	 -7.1594717088123230e+002	 -5.3985047507852360e+003	
  2.2200000000000000e+003	 -7.5037423142423700e+002	 -5.3760520918389284e+003	
  2.2500000000000000e+003	 -7.8822344085068312e+002	 -5.3447330262290398e+003	
  2.2800000000000000e+003	 -7.9849966301239022e+002	 -5.3402358143901411e+003	
  2.3100000000000000e+003	 -7.6934534651060915e+002	 -5.3547626963485009e+003	
  2.3400000000000000e+003	 -7.6790598977688353e+002	 -5.3624046159358822e+003	
  2.3700000000000000e+003	 -7.8748907410621166e+002	 -5.3751504230936580e+003	
  2.4000000000000000e+003	 -7.8285767357527720e+002	 -5.4048498247869502e+003	
  2.4300000000000000e+003	 -8.0708195444170292e+002	 -5.3953990031000430e+003	
  2.4600000000000000e+003	 -8.1789670715977968e+002	 -5.3729296464129729e+003	
  2.4900000000000000e+003	 -8.0053141089325004e+002	 -5.3548183546624950e+003	
  2.5200000000000000e+003	 -8.0799256411539704e+002	 -5.3133137748205436e+003	
  2.5500000000000000e+003	 -7.7319341825905030e+002	 -5.3121505100081977e+003	
  2.5800000000000000e+003	 -7.4931674481613095e+002	 -5.3186180342053685e+003	
  2.6100000000000000e+003	 -7.6876764351512543e+002	 -5.3166644189451326e+003	
  2.6400000000000000e+003	 -7.6870399945106476e+002	 -5.3204380684921553e+003	
  2.6700000000000000e+003	 -7.6742130486490601e+002	 -5.3172265697983075e+003	
  2.7000000000000000e+003	 -7.6794515365930783e+002	 -5.3153842722826048e+003	
  2.7300000000000000e+003	 -7.6708839323396069e+002	 -5.3207386246224487e+003	
  2.7600000000000000e+003	 -7.6759755412023605e+002	 -5.3212618145638353e+003	
  2.7900000000000000e+003	 -7.6855222986272588e+002	 -5.3195030049069373e+003	
  2.8200000000000000e+003	 -7.6819483594940357e+002	 -5.3174881657397655e+003	
  2.8500000000000000e+003	 -7.7761920141603696e+002	 -5.3062729672513888e+003	
  2.8800000000000000e+003	 -7.7478944229994124e+002	 -5.3091560800963543e+003	
  2.9100000000000000e+003	 -7.7121063305158259e+002	 -5.3134918812531896e+003	
  2.9400000000000000e+003	 -7.6823890088030987e+002	 -5.3168814870608885e+003	
  2.9700000000000000e+003	 -7.6841514998488719e+002	 -5.3152451257209550e+003	
  3.0000000000000000e+003	 -7.6728912454625220e+002	 -5.3180837120642127e+003	
  3.0300000000000000e+003	 -7.7114698633955550e+002	 -5.3116273191013051e+003	
  3.0600000000000000e+003	 -7.7076511864505324e+002	 -5.3116607149921847e+003	
  3.0900000000000000e+003	 -7.6482165207326238e+002	 -5.3194807413245635e+003	
  3.1200000000000000e+003	 -7.6574695522543573e+002	 -5.3254473382662600e+003	
  3.1500000000000000e+003	 -7.6667715004915044e+002	 -5.3203490150057278e+003	
  3.1800000000000000e+003	 -7.6693173441124441e+002	 -5.3187126537343493e+003	
  3.2100000000000000e+003	 -7.6729401813033951e+002	 -5.3172543990391023e+003	
  3.2400000000000000e+003	 -7.6950201226709419e+002	 -5.3101356704108239e+003	
  3.2700000000000000e+003	 -7.7080428485935204e+002	 -5.3095011642755317e+003	
  3.3000000000000000e+003	 -7.6826827992407766e+002	 -5.3160020825904376e+003	
  3.3300000000000000e+003	 -7.6941878381164622e+002	 -5.3144547739267291e+003	
  3.3600000000000000e+003	 -7.7000627570879010e+002	 -5.3111041296318308e+003	
  3.3900000000000000e+003	 -7.7175406391341733e+002	 -5.3047590547319178e+003	
  3.4200000000000000e+003	 -7.7263530480938505e+002	 -5.3052432841189639e+003	
  3.4500000000000000e+003	 -7.7370747811123397e+002	 -5.3048982010569471e+003	
  3.4800000000000000e+003	 -7.6996710704331815e+002	 -5.3122117353834092e+003	
  3.5100000000000000e+003	 -7.6931597254324629e+002	 -5.3123174856899086e+003	
  3.5400000000000000e+003	 -7.7367320537509124e+002	 -5.3063954164279421e+003	
  3.5700000000000000e+003	 -7.7361935186333562e+002	 -5.3074306653730682e+003	
  3.6000000000000000e+003	 -7.6990835892756354e+002	 -5.3134083931440464e+003	
  3.6300000000000000e+003	 -7.6900753934614693e+002	 -5.3146495790572662e+003	
  3.6600000000000000e+003	 -7.6637850646963557e+002	 -5.3187738778178191e+003	
  3.6900000000000000e+003	 -7.6803817544259732e+002	 -5.3122618273475709e+003	
  3.7200000000000000e+003	 -7.6952159472793687e+002	 -5.3100466166678998e+003	
  3.7500000000000000e+003	 -7.6940409246020465e+002	 -5.3136087644401650e+003	
  3.7800000000000000e+003	 -7.7051543194099327e+002	 -5.3115215685774792e+003	
  3.8100000000000000e+003	 -7.7017273047057665e+002	 -5.3094121095835762e+003	
  3.8400000000000000e+003	 -7.6988388215919917e+002	 -5.3096904027188521e+003	
  3.8700000000000000e+003	 -7.7025595905292630e+002	 -5.3114492123259197e+003	
  3.9000000000000000e+003	 -7.6991814887436942e+002	 -5.3120614565685846e+003	
  3.9300000000000000e+003	 -7.7055949553975529e+002	 -5.3107089537313832e+003	
  3.9600000000000000e+003	 -7.6961461149527304e+002	 -5.3118221248855725e+003	
  3.9900000000000000e+003	 -7.6989367144926803e+002	 -5.3129352964321333e+003	
  4.0200000000000000e+003	 -7.6952648698573569e+002	 -5.3124009737159131e+003	
  4.0500000000000000e+003	 -7.6885087595132029e+002	 -5.3120503248207215e+003	
  4.0800000000000000e+003	 -7.6958034471148130e+002	 -5.3104696215227696e+003	
  4.1100000000000000e+003	 -7.6905649671175911e+002	 -5.3102414219783259e+003	
  4.1400000000000000e+003	 -7.6976148692931883e+002	 -5.3099853932358774e+003	
  4.1700000000000000e+003	 -7.7018252511172773e+002	 -5.3119835348949173e+003	
  4.2000000000000000e+003	 -7.6780317570847922e+002	 -5.3123174859832679e+003	
  4.2300000000000000e+003	 -7.6617777920492767e+002	 -5.3127349255557929e+003	
  4.2600000000000000e+003	 -7.6858160731566932e+002	 -5.3151560726720827e+003	
  4.2900000000000000e+003	 -7.6765140681383423e+002	 -5.3138759256906596e+003	
  4.3200000000000000e+003	 -7.6934044970679474e+002	 -5.3117108076960658e+003	
  4.3500000000000000e+003	 -7.7027064543602535e+002	 -5.3112377099019850e+003	
  4.3800000000000000e+003	 -7.7108334876956599e+002	 -5.3100521826439972e+003	
  4.4100000000000000e+003	 -7.6962440548247378e+002	 -5.3096514418043616e+003	
  4.4400000000000000e+003	 -7.6904180918971633e+002	 -5.3109649834256361e+003	
  4.4700000000000000e+003	 -7.6913972500035538e+002	 -5.3121616416763663e+003	
  4.5000000000000000e+003	 -7.7025106279272620e+002	 -5.3129074667295617e+003	
  4.5300000000000000e+003	 -7.7206250106600123e+002	 -5.3122395637212394e+003	
  4.5600000000000000e+003	 -7.7276259567128659e+002	 -5.3112933685557664e+003	
  4.5900000000000000e+003	 -7.7121553234866929e+002	 -5.3133416032923524e+003	
  4.6200000000000000e+003	 -7.6966357195629860e+002	 -5.3144046812604593e+003	
  4.6500000000000000e+003	 -7.6986919044863248e+002	 -5.3144102474610845e+003	
  4.6800000000000000e+003	 -7.6940898673063612e+002	 -5.3139427157644905e+003	
  4.7100000000000000e+003	 -7.6882150017867161e+002	 -5.3102302913454650e+003	
  4.7400000000000000e+003	 -7.6818015199654110e+002	 -5.3102080270467877e+003	
  4.7700000000000000e+003	 -7.6935023921564084e+002	 -5.3094288079199305e+003	
  4.8000000000000000e+003	 -7.7073084881634770e+002	 -5.3108814961417720e+003	
  4.8300000000000000e+003	 -7.6946773886100493e+002	 -5.3113490270081475e+003	
  4.8600000000000000e+003	 -7.6873337450644362e+002	 -5.3118610852316688e+003	
  4.8900000000000000e+003	 -7.6913972253383986e+002	 -5.3129185985414924e+003	
  4.9200000000000000e+003	 -7.6837598474781657e+002	 -5.3146718425713843e+003	
  4.9500000000000000e+003	 -7.6878722866519126e+002	 -5.3146273160687897e+003	
  4.9800000000000000e+003	 -7.6938940943118655e+002	 -5.3161968875537186e+003	
  5.0100000000000000e+003	 -7.6961461472535620e+002	 -5.3179946580285587e+003	
  5.0400000000000000e+003	 -7.6934044832333166e+002	 -5.3175827845590757e+003	
  5.0700000000000000e+003	 -7.7158760836375041e+002	 -5.3152339937400011e+003	
  5.1000000000000000e+003	 -7.7258145036150620e+002	 -5.3151338085091902e+003	
  5.1300000000000000e+003	 -7.7211635391938898e+002	 -5.3141208232444333e+003	
  5.1600000000000000e+003	 -7.7052033256137679e+002	 -5.3136866864160920e+003	
  5.1900000000000000e+003	 -7.7114209532618463e+002	 -5.3137423446257690e+003	
  5.2200000000000000e+003	 -7.7006992031559946e+002	 -5.3145827888586527e+003	
  5.2500000000000000e+003	 -7.6952648676597016e+002	 -5.3137813055107745e+003	
  5.2800000000000000e+003	 -7.7174427425042927e+002	 -5.3133583012970576e+003	
  5.3100000000000000e+003	 -7.7131833849350483e+002	 -5.3162692437451879e+003	
  5.3400000000000000e+003	 -7.6935513742456385e+002	 -5.3150503207600650e+003	
  5.3700000000000000e+003	 -7.7011398381548520e+002	 -5.3127293598838023e+003	
  5.4000000000000000e+003	 -7.6728422595119480e+002	 -5.3112989350898924e+003	
  5.4300000000000000e+003	 -7.6517904048475941e+002	 -5.3105976359260749e+003	
  5.4600000000000000e+003	 -7.6398447297875759e+002	 -5.3110651680571646e+003	
  5.4900000000000000e+003	 -7.6409218377814580e+002	 -5.3133749983760299e+003	
  5.5200000000000000e+003	 -7.6712756177448750e+002	 -5.3137089498948071e+003	
  5.5500000000000000e+003	 -7.6916909670921427e+002	 -5.3146551445038776e+003	
  5.5800000000000000e+003	 -7.7016294056087179e+002	 -5.3148165543237392e+003	
  5.6100000000000000e+003	 -7.7135750712509900e+002	 -5.3141876138152729e+003	
  5.6400000000000000e+003	 -7.7096094561483937e+002	 -5.3120391935477692e+003	
  5.6700000000000000e+003	 -7.7012867054163962e+002	 -5.3077646173840440e+003	
  5.7000000000000000e+003	 -7.6851306578812978e+002	 -5.3112878031931632e+003	
  5.7300000000000000e+003	 -7.6960971391408907e+002	 -5.3125623841708766e+003	
  5.7600000000000000e+003	 -7.7441736637955933e+002	 -5.3127126622482556e+003	
  5.7900000000000000e+003	 -7.7235624458223685e+002	 -5.3127683208616409e+003	
  5.8200000000000000e+003	 -7.7176385824515671e+002	 -5.3125623840956960e+003	
  5.8500000000000000e+003	 -7.7076022716320551e+002	 -5.3132803798565101e+003	
  5.8800000000000000e+003	 -7.7124000837270671e+002	 -5.3144325118237748e+003	
  5.9100000000000000e+003	 -7.7202333572838802e+002	 -5.3154621943493166e+003	
  5.9400000000000000e+003	 -7.7293394615805801e+002	 -5.3157850134733490e+003	
  5.9700000000000000e+003	 -7.7356549982304682e+002	 -5.3152618234533047e+003	
  6.0000000000000000e+003	 -7.7574901549596234e+002	 -5.3188406681084616e+003	
  6.0300000000000000e+003	 -7.7425580603457411e+002	 -5.3182061609501425e+003	
  6.0600000000000000e+003	 -7.7296331862726186e+002	 -5.3143768518309180e+003	
  6.0900000000000000e+003	 -7.7459851046569474e+002	 -5.3155846427348197e+003	
  6.1200000000000000e+003	 -7.7305144253454512e+002	 -5.3219575475272068e+003	
  6.1500000000000000e+003	 -7.7314935834996720e+002	 -5.3221690489872690e+003	
  6.1800000000000000e+003	 -7.7373195746868112e+002	 -5.3190187754712097e+003	
  6.2100000000000000e+003	 -7.6895857849163849e+002	 -5.3148443837745235e+003	
  6.2400000000000000e+003	 -7.7085813828490541e+002	 -5.3153898375448753e+003	
  6.2700000000000000e+003	 -7.6630996710997852e+002	 -5.3124343689253292e+003	
  6.3000000000000000e+003	 -7.6527695874572782e+002	 -5.3115827937372114e+003	
  6.3300000000000000e+003	 -7.6402853582320438e+002	 -5.3178833409584331e+003	
  6.3600000000000000e+003	 -7.6570778524680225e+002	 -5.3195252684078087e+003	
  6.3900000000000000e+003	 -7.6971742539496449e+002	 -5.3176551410352167e+003	
  6.4200000000000000e+003	 -7.7061335455385222e+002	 -5.3152896527849198e+003	
  6.4500000000000000e+003	 -7.6383270540121123e+002	 -5.3132803783739828e+003	
  6.4800000000000000e+003	 -7.5950484415422738e+002	 -5.3108536656311881e+003	
  6.5100000000000000e+003	 -7.6961950767281257e+002	 -5.3197645996188076e+003	
  6.5400000000000000e+003	 -7.7300248638451740e+002	 -5.3196254535262215e+003	
  6.5700000000000000e+003	 -7.6766119984244472e+002	 -5.3140762958232217e+003	
  6.6000000000000000e+003	 -7.6465519571411880e+002	 -5.3117219394032390e+003	
  6.6300000000000000e+003	 -7.6820463519203690e+002	 -5.3150447551678699e+003	
  6.6600000000000000e+003	 -7.7437819753076417e+002	 -5.3207720193729056e+003	
  6.6900000000000000e+003	 -7.7417257793467400e+002	 -5.3227256346237791e+003	
  6.7200000000000000e+003	 -7.6849837616965942e+002	 -5.3192581066396278e+003	
  6.7500000000000000e+003	 -7.6462582052142329e+002	 -5.3139816770386415e+003	
  6.7800000000000000e+003	 -7.6577143074900926e+002	 -5.3139148870170484e+003	
  6.8100000000000000e+003	 -7.6534550038718135e+002	 -5.3157237896769711e+003	
  6.8400000000000000e+003	 -7.6487061137527564e+002	 -5.3164751794149306e+003	
  6.8700000000000000e+003	 -7.6703454012679981e+002	 -5.3181393701810321e+003	
  6.9000000000000000e+003	 -7.6805286494685026e+002	 -5.3197367711532625e+003	
  6.9300000000000000e+003	 -7.7083365952096312e+002	 -5.3228592150480727e+003	
  6.9600000000000000e+003	 -7.7082386633867759e+002	 -5.3204325021879040e+003	
  6.9900000000000000e+003	 -7.6945795029775365e+002	 -5.3203323178019573e+003	
  7.0200000000000000e+003	 -7.6728422609977224e+002	 -5.3196198878595806e+003	
  7.0500000000000000e+003	 -7.6868931281354946e+002	 -5.3160132139018142e+003	
  7.0800000000000000e+003	 -7.6974190277679861e+002	 -5.3178555120783276e+003	
  7.1100000000000000e+003	 -7.7237582744612757e+002	 -5.3198480872276532e+003	
  7.1400000000000000e+003	 -7.7289478043470490e+002	 -5.3197312043146057e+003	
  7.1700000000000000e+003	 -7.7355081596758043e+002	 -5.3200428926818477e+003	
  7.2000000000000000e+003	 -7.7346758602976979e+002	 -5.3188517991055242e+003	
  7.2300000000000000e+003	 -7.7404039085095496e+002	 -5.3181393705792343e+003	
  7.2600000000000000e+003	 -7.7187646463123360e+002	 -5.3184009655864193e+003	
  7.2900000000000000e+003	 -7.7053012456690135e+002	 -5.3178388139639746e+003	
  7.3200000000000000e+003	 -7.6875295887629159e+002	 -5.3180224869252615e+003	
  7.3500000000000000e+003	 -7.7057907855695089e+002	 -5.3170707263251588e+003	
  7.3800000000000000e+003	 -7.7136240078382400e+002	 -5.3191913168276287e+003	
  7.4100000000000000e+003	 -7.7392778795735717e+002	 -5.3244343524431952e+003	
  7.4400000000000000e+003	 -7.7823117226383511e+002	 -5.3258536455398835e+003	
  7.4700000000000000e+003	 -7.7474538363411409e+002	 -5.3195809265909065e+003	
  7.5000000000000000e+003	 -7.7281644789750544e+002	 -5.3172488331089207e+003	
  7.5300000000000000e+003	 -7.6937961632325573e+002	 -5.3150280575362458e+003	
  7.5600000000000000e+003	 -7.7145052625282710e+002	 -5.3149000423964389e+003	
  7.5900000000000000e+003	 -7.7105886672702798e+002	 -5.3152061650928272e+003	
  7.6200000000000000e+003	 -7.7034408313538870e+002	 -5.3157070922366765e+003	
  7.6500000000000000e+003	 -7.6694642063378433e+002	 -5.3166532866529406e+003	
  7.6800000000000000e+003	 -7.6598195157866576e+002	 -5.3182061607155183e+003	
  7.7100000000000000e+003	 -7.6672121053092019e+002	 -5.3180948435835580e+003	
  7.7400000000000000e+003	 -7.6781296523192327e+002	 -5.3170150674859415e+003	
  7.7700000000000000e+003	 -7.6691214850779409e+002	 -5.3162803749843297e+003	
  7.8000000000000000e+003	 -7.6571268372310658e+002	 -5.3167868676785047e+003	
  7.8300000000000000e+003	 -7.6446426231994178e+002	 -5.3175493897849374e+003	
  7.8600000000000000e+003	 -7.6328438226209710e+002	 -5.3181449361571777e+003	
  7.8900000000000000e+003	 -7.6454259211214105e+002	 -5.3177441941341995e+003	
  7.9200000000000000e+003	 -7.6440551446056008e+002	 -5.3179556971688162e+003	
  7.9500000000000000e+003	 -7.6430270192021078e+002	 -5.3196143215196662e+003	
  7.9800000000000000e+003	 -7.6414603672820181e+002	 -5.3210447468054008e+003	
  8.0100000000000000e+003	 -7.6721079164781520e+002	 -5.3199761022954590e+003	
  8.0400000000000000e+003	 -7.6889493617064272e+002	 -5.3185790726481528e+003	
  8.0700000000000000e+003	 -7.6938451261456601e+002	 -5.3179612634873993e+003	
  8.1000000000000000e+003	 -7.7139177769147818e+002	 -5.3170929894933688e+003	
  8.1300000000000000e+003	 -7.7106376331216848e+002	 -5.3166644188626915e+003	
  8.1600000000000000e+003	 -7.7168552620229116e+002	 -5.3151226768897659e+003	
  8.1900000000000000e+003	 -7.7492652635941181e+002	 -5.3225642251486552e+003	
  8.2200000000000000e+003	 -7.8392494828028271e+002	 -5.3309797977220196e+003	
  8.2500000000000000e+003	 -7.8636304380529407e+002	 -5.3559203939789350e+003	
  8.2800000000000000e+003	 -8.0179941345613713e+002	 -5.3802431799348678e+003	
  8.3100000000000000e+003	 -8.2860865891305366e+002	 -5.3762969890721288e+003	
  8.3400000000000000e+003	 -8.4573406938034191e+002	 -5.3591318927400771e+003	
  8.3700000000000000e+003	 -8.5682299043754722e+002	 -5.3467812600172228e+003	
  8.4000000000000000e+003	 -8.6886169465952878e+002	 -5.3399964832669548e+003	
  8.4300000000000000e+003	 -8.8711801966429323e+002	 -5.3269890795479905e+003	
  8.4600000000000000e+003	 -9.0635840353208880e+002	 -5.3156792625720318e+003	
  8.4900000000000000e+003	 -9.1520995962286941e+002	 -5.3112377101432621e+003	
  8.5200000000000000e+003	 -9.1602265740997177e+002	 -5.3107924415612479e+003	
  8.5500000000000000e+003	 -9.1624786120427507e+002	 -5.3124455006507751e+003	
  8.5800000000000000e+003	 -9.1641921271958438e+002	 -5.3111430909213022e+003	
  8.6100000000000000e+003	 -9.1586599203289950e+002	 -5.3135364084857556e+003	
  8.6400000000000000e+003	 -9.1993437854077024e+002	 -5.3118944810012053e+003	
  8.6700000000000000e+003	 -9.4375230846912018e+002	 -5.3011078541045554e+003	
  8.7000000000000000e+003	 -9.6345778620007297e+002	 -5.2932878276808942e+003	
  8.7300000000000000e+003	 -9.7651480756491731e+002	 -5.2970002533305005e+003	
  8.7600000000000000e+003	 -9.7514888553225649e+002	 -5.2967052634134616e+003	
  8.7900000000000000e+003	 -9.7790746370705540e+002	 -5.3016182007870093e+003	
  8.8200000000000000e+003	 -9.5952941902767566e+002	 -5.3015364253665321e+003	
  8.8500000000000000e+003	 -9.6051052835993448e+002	 -5.3092618309045056e+003	
  8.8800000000000000e+003	 -9.8838705397018543e+002	 -5.3029367938945816e+003	
  8.9100000000000000e+003	 -9.9853892522114370e+002	 -5.3262332366973305e+003	
  8.9400000000000000e+003	 -9.9688219758507637e+002	 -5.3590817992651264e+003	
  8.9700000000000000e+003	 -9.9215777843256672e+002	 -5.3869667328640253e+003	
  9.0000000000000000e+003	 -1.0160579550654011e+003	 -5.4109967559635952e+003	
  9.0300000000000000e+003	 -1.0160648075670528e+003	 -5.4341573917804835e+003	
  9.0600000000000000e+003	 -1.0118936083413439e+003	 -5.4612263700460771e+003	
  9.0900000000000000e+003	 -9.9628197313661281e+002	 -5.4855179883083356e+003	
  9.1200000000000000e+003	 -9.9341109127521452e+002	 -5.5012415288905404e+003	
  9.1500000000000000e+003	 -9.9060679814660489e+002	 -5.5016055349165235e+003	
  9.1800000000000000e+003	 -9.9315651190622884e+002	 -5.5030615627127099e+003	
  9.2100000000000000e+003	 -9.9138326581140916e+002	 -5.5026986698270939e+003	
  9.2400000000000000e+003	 -9.8428733529255328e+002	 -5.5090871571145854e+003	
  9.2700000000000000e+003	 -9.7611237473768654e+002	 -5.5408848866427197e+003	
  9.3000000000000000e+003	 -9.7467987107276133e+002	 -5.5650585074902801e+003	
  9.3300000000000000e+003	 -9.7651774462808805e+002	 -5.5639063758292814e+003	
  9.3600000000000000e+003	 -9.6360661740538467e+002	 -5.5863479027696421e+003	
  9.3900000000000000e+003	 -9.4412634092212465e+002	 -5.6185074135166551e+003	
  9.4200000000000000e+003	 -9.3451986014364923e+002	 -5.6463968004127901e+003	
  9.4500000000000000e+003	 -9.3465204386206676e+002	 -5.6477604347352017e+003	
  9.4800000000000000e+003	 -9.3634206854442743e+002	 -5.6518724877389122e+003	
  9.5100000000000000e+003	 -9.3647131672507385e+002	 -5.6512569039501204e+003	
  9.5400000000000000e+003	 -9.3926875758353196e+002	 -5.6496962389239161e+003	
  9.5700000000000000e+003	 -9.3958796210720084e+002	 -5.6546966023323503e+003	
  9.6000000000000000e+003	 -9.4289064977472276e+002	 -5.6531158999813406e+003	
  9.6300000000000000e+003	 -9.4348695523265019e+002	 -5.6518179420215147e+003	
  9.6600000000000000e+003	 -9.4405780140994591e+002	 -5.6520283321158895e+003	
  9.6900000000000000e+003	 -9.4339491239018867e+002	 -5.6542836167821733e+003	
  9.7200000000000000e+003	 -9.4167062625655285e+002	 -5.6529834313653482e+003	
  9.7500000000000000e+003	 -9.4139744040515961e+002	 -5.6528342679865118e+003	
  9.7800000000000000e+003	 -9.4019014075289363e+002	 -5.6524012446108836e+003	
  9.8100000000000000e+003	 -9.3959187673392137e+002	 -5.6527429874793452e+003	
  9.8400000000000000e+003	 -9.3969273317161912e+002	 -5.6510420630459421e+003	
  9.8700000000000000e+003	 -9.4141996128430037e+002	 -5.6508116354895901e+003	
  9.9000000000000000e+003	 -9.4139058584982308e+002	 -5.6519069959608187e+003	
  9.9300000000000000e+003	 -9.4306200209180838e+002	 -5.6556839859499505e+003	
  9.9600000000000000e+003	 -9.4005208188962513e+002	 -5.6576409394318780e+003	
  9.9900000000000000e+003	 -9.4128189704949978e+002	 -5.6562650611072168e+003	
  1.0020000000000000e+004	 -9.5814195943568689e+002	 -5.6515919685565777e+003	
  1.0050000000000000e+004	 -9.3385795379862554e+002	 -5.7085451363630054e+003	
  1.0080000000000000e+004	 -9.5023430561846055e+002	 -5.8625412120100236e+003	
  1.0110000000000000e+004	 -8.8666271496118429e+002	 -5.9696739023687260e+003	
  1.0140000000000000e+004	 -8.8617313731323679e+002	 -5.9700356830490564e+003	
  1.0170000000000000e+004	 -7.9636902550445916e+002	 -6.0020571597854259e+003	
  1.0200000000000000e+004	 -7.5867451918198924e+002	 -5.9923102346503474e+003	
  1.0230000000000000e+004	 -7.5871075179976435e+002	 -5.9920074518321871e+003	
  1.0260000000000000e+004	 -7.1352767787473715e+002	 -5.9771577508506489e+003	
  1.0290000000000000e+004	 -6.1718575301726582e+002	 -5.9992419497367791e+003	
  1.0320000000000000e+004	 -6.1782807137598934e+002	 -5.9999610589701542e+003	
  1.0350000000000000e+004	 -6.0495023300319224e+002	 -6.0054423118695240e+003	
  1.0380000000000000e+004	 -4.7499589651334611e+002	 -5.9979796144285283e+003	
  1.0410000000000000e+004	 -5.0719538993772267e+002	 -5.9907940944550082e+003	
  1.0440000000000000e+004	 -5.4260944525210721e+002	 -5.9841217493148488e+003	
  1.0470000000000000e+004	 -5.5300806231606225e+002	 -5.9579544376566428e+003	
  1.0500000000000000e+004	 -5.5424179630584126e+002	 -5.9543221602158555e+003	
  1.0530000000000000e+004	 -5.5445427776204997e+002	 -5.9542620502658556e+003	
  1.0560000000000000e+004	 -5.1330922812788288e+002	 -5.8104392429090458e+003	
  1.0590000000000000e+004	 -3.7962138473064806e+002	 -6.0881976709459468e+003	
  1.0620000000000000e+004	 -7.9485231494842844e+002	 -6.2140182761958658e+003	
  1.0650000000000000e+004	 -1.1909016137651756e+003	 -6.0226597288136418e+003	
  1.0680000000000000e+004	 -9.5536410027438797e+002	 -6.3321902819487241e+003	
  1.0710000000000000e+004	 -3.2135582467958363e+002	 -6.2663373117779320e+003	
  1.0740000000000000e+004	  2.1507968265447616e+002	 -6.1613452499015912e+003	
  1.0770000000000000e+004	  8.6596368273246424e+002	 -6.2182349674398229e+003	
  1.0800000000000000e+004	  1.4386553521755336e+003	 -6.3000808652518090e+003	
  1.0830000000000000e+004	  2.0701099810506826e+003	 -6.3009736272033715e+003	
  1.0860000000000000e+004	  2.7461827099698712e+003	 -6.3627980327796104e+003	
  1.0890000000000000e+004	  3.4984199305271659e+003	 -6.5800622940938283e+003	
  1.0920000000000000e+004	  4.1741274271872016e+003	 -6.6158084413582137e+003	
  1.0950000000000000e+004	  4.7893799812880479e+003	 -6.6152106685542003e+003	
  1.0980000000000000e+004	  5.0818073348641583e+003	 -6.1432128089111566e+003	
  1.1010000000000000e+004	  5.4418922873685751e+003	 -5.5556822689292021e+003	
  1.1040000000000000e+004	  5.9024208390520798e+003	 -4.9663639764120135e+003	
  1.1070000000000000e+004	  6.3301604505755522e+003	 -4.4234849527626857e+003	
  1.1100000000000000e+004	  6.7777347873675626e+003	 -3.8622141183846552e+003	
  1.1130000000000000e+004	  7.2054743945737746e+003	 -3.5078060753206933e+003	
  1.1160000000000000e+004	  7.4682314090010168e+003	 -3.5327633696671919e+003	
  1.1190000000000000e+004	  7.5283456034176152e+003	 -3.9195068024626007e+003	
  1.1220000000000000e+004	  7.3153433316255450e+003	 -4.0853314331996430e+003	
  1.1250000000000000e+004	  7.2048379443752856e+003	 -4.0614539170228172e+003	
  1.1280000000000000e+004	  7.0759675403779838e+003	 -3.9339112361511484e+003	
  1.1310000000000000e+004	  6.9294498391577417e+003	 -3.9268348083713840e+003	
  1.1340000000000000e+004	  6.8700279066180274e+003	 -3.9519512845739505e+003	
  1.1370000000000000e+004	  6.8669944873965596e+003	 -3.9572533173160036e+003	
  1.1400000000000000e+004	  6.8661024773834160e+003	 -3.9561690886171227e+003	
  1.1430000000000000e+004	  6.8670591109794550e+003	 -3.9481275422576132e+003	
  1.1460000000000000e+004	  6.8673616697086454e+003	 -3.9486295823138221e+003	
  1.1490000000000000e+004	  6.8677298321791168e+003	 -3.9465858006928511e+003	
  1.1520000000000000e+004	  6.8719597780063750e+003	 -3.9453802355333719e+003	
  1.1550000000000000e+004	  6.8719597779353981e+003	 -3.9453223510854614e+003	
  1.1580000000000000e+004	  6.8796667009027951e+003	 -3.9445075104992111e+003	
  1.1610000000000000e+004	  6.8790292717183720e+003	 -3.9454548181253895e+003	
  1.1640000000000000e+004	  6.8712714328350894e+003	 -3.9476433134255872e+003	
  1.1670000000000000e+004	  6.8732738026952120e+003	 -3.9429880328964123e+003	
  1.1700000000000000e+004	  6.8710501435633096e+003	 -3.9472804191283308e+003	
  1.1730000000000000e+004	  6.8748698247735229e+003	 -3.9472525904338813e+003	
  1.1760000000000000e+004	  6.8715965122124817e+003	 -3.9504373708974249e+003	
  1.1790000000000000e+004	  6.8713928477664758e+003	 -3.9516774433991231e+003	
  1.1820000000000000e+004	  6.8726863103498326e+003	 -3.9475609387924605e+003	
  1.1850000000000000e+004	  6.8735019461991251e+003	 -3.9456730009311759e+003	
  1.1880000000000000e+004	  6.8710893098916949e+003	 -3.9472637208166152e+003	
  1.1910000000000000e+004	  6.9519331788562440e+003	 -3.8900756743966185e+003	
  1.1940000000000000e+004	  7.0734893009967127e+003	 -3.9477045382480719e+003	
  1.1970000000000000e+004	  7.2030490296675734e+003	 -4.0663240388792992e+003	
  1.2000000000000000e+004	  7.4351242463191184e+003	 -4.0695678182572838e+003	
  1.2030000000000000e+004	  7.5360779844119170e+003	 -4.0376888276878080e+003	
  1.2060000000000000e+004	  7.5928454293554578e+003	 -4.2210381107022613e+003	
  1.2090000000000000e+004	  7.5921218341942831e+003	 -4.2246525765583410e+003	
  1.2120000000000000e+004	  7.5944532001738653e+003	 -4.2295705661208494e+003	
  1.2150000000000000e+004	  7.5956722470245495e+003	 -4.2283004356077126e+003	
  1.2180000000000000e+004	  7.5969647314465310e+003	 -4.2253561000074496e+003	
  1.2210000000000000e+004	  7.5900068610687349e+003	 -4.1425328379772600e+003	
  1.2240000000000000e+004	  7.5542295451315631e+003	 -3.9455883988297574e+003	
  1.2270000000000000e+004	  7.5262678381150108e+003	 -3.7830364916519416e+003	
  1.2300000000000000e+004	  7.5001665240523434e+003	 -3.6182203940158374e+003	
  1.2330000000000000e+004	  7.4665972008257568e+003	 -3.3678192565135178e+003	
  1.2360000000000000e+004	  7.5551832414847131e+003	 -2.9051041277766235e+003	
  1.2390000000000000e+004	  7.9683158215932181e+003	 -2.3494715051111184e+003	
  1.2420000000000000e+004	  8.4364798027287761e+003	 -1.7534630543459000e+003	
  1.2450000000000000e+004	  8.9461266279892916e+003	 -1.1012127525544900e+003	
  1.2480000000000000e+004	  9.5028737029933436e+003	 -3.9327161475801523e+002	
  1.2510000000000000e+004	  1.0043145524549178e+004	  2.9172704557340705e+002	
  1.2540000000000000e+004	  1.0386392917308462e+004	  1.0553100355070444e+003	
  1.2570000000000000e+004	  1.0383560224443530e+004	  1.9423024993702700e+003	
  1.2600000000000000e+004	  1.0381410001664201e+004	  2.7881777643087767e+003	
  1.2630000000000000e+004	  1.0386524123748764e+004	  3.5939777591660313e+003	
  1.2660000000000000e+004	  1.0384436567077026e+004	  4.3526160389676606e+003	
  1.2690000000000000e+004	  1.0420541898042942e+004	  4.8790646583132302e+003	
  1.2720000000000000e+004	  1.0428201821587947e+004	  4.9548571317657243e+003	
  1.2750000000000000e+004	  1.0681436547923655e+004	  5.0012307234566342e+003	
  1.2780000000000000e+004	  1.0678420753153461e+004	  4.6382045105834477e+003	
  1.2810000000000000e+004	  1.0736155599576818e+004	  4.2483842727062029e+003	
  1.2840000000000000e+004	  1.0742512268082846e+004	  4.1792073744743047e+003	
  1.2870000000000000e+004	  1.0701434792648661e+004	  3.9452678092786600e+003	
  1.2900000000000000e+004	  1.0759726777983520e+004	  3.8419989360619247e+003	
  1.2930000000000000e+004	  1.0728908879601400e+004	  3.8048936072913880e+003	
  1.2960000000000000e+004	  1.0729721577507476e+004	  3.8108379404571688e+003	
  1.2990000000000000e+004	  1.0727605625591557e+004	  3.8105229127087941e+003	
  1.3020000000000000e+004	  1.0726830135217722e+004	  3.8078045490432801e+003	
  1.3050000000000000e+004	  1.0725104866084504e+004	  3.8060846989325355e+003	
  1.3080000000000000e+004	  1.0700709239212618e+004	  3.8089811711371972e+003	
  1.3110000000000000e+004	  1.0709154444508848e+004	  3.7913797114390482e+003	
  1.3140000000000000e+004	  1.0702393384783332e+004	  3.7974709830929705e+003	
  1.3170000000000000e+004	  1.0699101468169934e+004	  3.7982323913163323e+003	
  1.3200000000000000e+004	  1.0700297994627561e+004	  3.7955218205416195e+003	
  1.3230000000000000e+004	  1.0714735622978096e+004	  3.8089099293018544e+003	
  1.3260000000000000e+004	  1.0718128392141351e+004	  3.8013425915901753e+003	
  1.3290000000000000e+004	  1.0725876438853476e+004	  3.8076898939244675e+003	
  1.3320000000000000e+004	  1.0718131329692847e+004	  3.7794643284368503e+003	
  1.3350000000000000e+004	  1.0735744354871822e+004	  3.8095522288929583e+003	
  1.3380000000000000e+004	  1.0722443524505408e+004	  3.7986342468237840e+003	
  1.3410000000000000e+004	  1.0727755435819969e+004	  3.8255240053956491e+003	
  1.3440000000000000e+004	  1.0723211181449060e+004	  3.8400419818145892e+003	
  1.3470000000000000e+004	  1.0722278047738466e+004	  3.8212460895441559e+003	
  1.3500000000000000e+004	  1.0723170056836901e+004	  3.8088809859126850e+003	
  1.3530000000000000e+004	  1.0726789989756078e+004	  3.8165440546611107e+003	
  1.3560000000000000e+004	  1.0723702717010503e+004	  3.8122271776971875e+003	
  1.3590000000000000e+004	  1.0714392919227861e+004	  3.7842932651539950e+003	
  1.3620000000000000e+004	  1.0740767415939692e+004	  3.7977492768182065e+003	
  1.3650000000000000e+004	  1.0721246018722526e+004	  3.7838780518719877e+003	
  1.3680000000000000e+004	  1.0707583880982245e+004	  3.7206833354721057e+003	
  1.3710000000000000e+004	  1.0707814961146967e+004	  3.7607307746017809e+003	
  1.3740000000000000e+004	  1.0707254884757718e+004	  3.7493419212535891e+003	
  1.3770000000000000e+004	  1.0710639820865368e+004	  3.7633456145780815e+003	
  1.3800000000000000e+004	  1.0706151378386830e+004	  3.7738628524047949e+003	
  1.3830000000000000e+004	  1.0718862758087707e+004	  3.7836966052243069e+003	
  1.3860000000000000e+004	  1.0711819701762539e+004	  3.7524443300187063e+003	
  1.3890000000000000e+004	  1.0709907414017027e+004	  3.7762405863013710e+003	
  1.3920000000000000e+004	  1.0720743712956839e+004	  3.8229314307330728e+003	
  1.3950000000000000e+004	  1.0726316079221800e+004	  3.8421703652313759e+003	
  1.3980000000000000e+004	  1.0719161399770710e+004	  3.8435918833602454e+003	
  1.4010000000000000e+004	  1.0721134395460174e+004	  3.8382408706476954e+003	
  1.4040000000000000e+004	  1.0726277892246524e+004	  3.8191099141349441e+003	
  1.4070000000000000e+004	  1.0727771102660507e+004	  3.8172375603259425e+003	
  1.4100000000000000e+004	  1.0735444733829328e+004	  3.8443143316196497e+003	
  1.4130000000000000e+004	  1.0686078717948269e+004	  3.6850485041161601e+003	
  1.4160000000000000e+004	  1.0704007030896157e+004	  3.7517385797903316e+003	
  1.4190000000000000e+004	  1.0714013986616321e+004	  3.7697719498655015e+003	
  1.4220000000000000e+004	  1.0722532627631947e+004	  3.8176271703012649e+003	
  1.4250000000000000e+004	  1.0715345636013206e+004	  3.7845882541653164e+003	
  1.4280000000000000e+004	  1.0721524098765183e+004	  3.7887960413950586e+003	
  1.4310000000000000e+004	  1.0717959977653460e+004	  3.8132969341365497e+003	
  1.4340000000000000e+004	  1.0727790685326718e+004	  3.8044249622858847e+003	
  1.4370000000000000e+004	  1.0740392399635752e+004	  3.8067960167049782e+003	
  1.4400000000000000e+004	  1.0725822585801321e+004	  3.8106921149229884e+003	
  1.4430000000000000e+004	  1.0729778368669493e+004	  3.8145659512438851e+003	
  1.4460000000000000e+004	  1.0729817534646556e+004	  3.8468479099786014e+003	
  1.4490000000000000e+004	  1.0733254365613302e+004	  3.8546401050567802e+003	
  1.4520000000000000e+004	  1.0731922716004750e+004	  3.8251188116245394e+003	
  1.4550000000000000e+004	  1.0730747731199044e+004	  3.8419722200172278e+003	
  1.4580000000000000e+004	  1.0729474830551440e+004	  3.8347032155168104e+003	
  1.4610000000000000e+004	  1.0729210459195026e+004	  3.8176716959010078e+003	
  1.4640000000000000e+004	  1.0732911661431503e+004	  3.8151670626989862e+003	
  1.4670000000000000e+004	  1.0726938821662699e+004	  3.8180724384184532e+003	
  1.4700000000000000e+004	  1.0730189613347784e+004	  3.8331225108781969e+003	
  1.4730000000000000e+004	  1.0732050006091093e+004	  3.8221021173552735e+003	
  1.4760000000000000e+004	  1.0746149826110279e+004	  3.7972672715281942e+003	
  1.4790000000000000e+004	  1.0741107182051066e+004	  3.8382876227972038e+003	
  1.4820000000000000e+004	  1.0740284692621821e+004	  3.8254082363642556e+003	
  1.4850000000000000e+004	  1.0746590445634707e+004	  3.8035455590052006e+003	
  1.4880000000000000e+004	  1.0718488721072286e+004	  3.8138312571142551e+003	
  1.4910000000000000e+004	  1.0696761290023614e+004	  3.6814306985240996e+003	
  1.4940000000000000e+004	  1.0706161169669016e+004	  3.7074789004226609e+003	
  1.4970000000000000e+004	  1.0713563575309292e+004	  3.7130336232449636e+003	
  1.5000000000000000e+004	  1.0705994713636081e+004	  3.6815976751196990e+003	
  1.5030000000000000e+004	  1.0712173176593724e+004	  3.7506142756720624e+003	
  1.5060000000000000e+004	  1.0715394593759034e+004	  3.7977125412220871e+003	
  1.5090000000000000e+004	  1.0718371222401180e+004	  3.7801800978274991e+003	
  1.5120000000000000e+004	  1.0709578418110603e+004	  3.7626031280986676e+003	
  1.5150000000000000e+004	  1.0717842479085093e+004	  3.8001726498447233e+003	
  1.5180000000000000e+004	  1.0735170710215194e+004	  3.8591134630379138e+003	
  1.5210000000000000e+004	  1.0740895685034562e+004	  3.8706653157433275e+003	
  1.5240000000000000e+004	  1.0715141972043810e+004	  3.7862535573757327e+003	
  1.5270000000000000e+004	  1.0715453342732419e+004	  3.7901630149333660e+003	
  1.5300000000000000e+004	  1.0718960672994064e+004	  3.7962587404428641e+003	
  1.5330000000000000e+004	  1.0729057711068548e+004	  3.7583663990440427e+003	
  1.5360000000000000e+004	  1.0741199222571606e+004	  3.7647782635382746e+003	
  1.5390000000000000e+004	  1.0736853736290770e+004	  3.8004665269384177e+003	
  1.5420000000000000e+004	  1.0741205097898881e+004	  3.8106230977370969e+003	
  1.5450000000000000e+004	  1.0747673389993079e+004	  3.8194327333560846e+003	
  1.5480000000000000e+004	  1.0735931373147538e+004	  3.8550742426793927e+003	
  1.5510000000000000e+004	  1.0735727708752413e+004	  3.8442853890044439e+003	
  1.5540000000000000e+004	  1.0746758860127427e+004	  3.8343425463938815e+003	
  1.5570000000000000e+004	  1.0752283247816689e+004	  3.8538697900858206e+003	
  1.5600000000000000e+004	  1.0760185022215041e+004	  3.8540924264596965e+003	
  1.5630000000000000e+004	  1.0751576298430571e+004	  3.8637725613329567e+003	
  1.5660000000000000e+004	  1.0751729046418963e+004	  3.8193325482515684e+003	
  1.5690000000000000e+004	  1.0768842703247850e+004	  3.8770014847388920e+003	
  1.5720000000000000e+004	  1.0740897643270544e+004	  3.8738690222745731e+003	
  1.5750000000000000e+004	  1.0734360809953048e+004	  3.8199180755397088e+003	
  1.5780000000000000e+004	  1.0727739769517426e+004	  3.8472085756604356e+003	
  1.5810000000000000e+004	  1.0747542183750858e+004	  3.8855818074579338e+003	
  1.5840000000000000e+004	  1.0738157969878896e+004	  3.8873673327492143e+003	
  1.5870000000000000e+004	  1.0720660484920485e+004	  3.8282423693068531e+003	
  1.5900000000000000e+004	  1.0711818722674376e+004	  3.8308872632303014e+003	
  1.5930000000000000e+004	  1.0722074383384088e+004	  3.8349592438612171e+003	
  1.5960000000000000e+004	  1.0721232310725001e+004	  3.8380026516286625e+003	
  1.5990000000000000e+004	  1.0716111334512625e+004	  3.8244620391724661e+003	
  1.6020000000000000e+004	  1.0725192010497030e+004	  3.8107789425355522e+003	
  1.6050000000000000e+004	  1.0727912100527474e+004	  3.8173221627395042e+003	
  1.6080000000000000e+004	  1.0736088037896834e+004	  3.8443610845896956e+003	
  1.6110000000000000e+004	  1.0735169591185544e+004	  3.8246735430760882e+003	
  1.6140000000000000e+004	  1.0735453545857845e+004	  3.8219596332137894e+003	
  1.6170000000000000e+004	  1.0729042044082065e+004	  3.8181280968686078e+003	
  1.6200000000000000e+004	  1.0723768320135609e+004	  3.7940680196047188e+003	
  1.6230000000000000e+004	  1.0729611912151197e+004	  3.8126201269652133e+003	
  1.6260000000000000e+004	  1.0728995045209464e+004	  3.8140316283072498e+003	
  1.6290000000000000e+004	  1.0730747731103416e+004	  3.7725571037761169e+003	
  1.6320000000000000e+004	  1.0728587717010514e+004	  3.8023433336797571e+003	
  1.6350000000000000e+004	  1.0726601992548571e+004	  3.8098260671727344e+003	
  1.6380000000000000e+004	  1.0735527961512216e+004	  3.8232754001213043e+003	
  1.6410000000000000e+004	  1.0739752032757084e+004	  3.8227655674392022e+003	
  1.6440000000000000e+004	  1.0722178174031866e+004	  3.8111640999776705e+003	
  1.6470000000000000e+004	  1.0719567748747433e+004	  3.8030713463146931e+003	
  1.6500000000000000e+004	  1.0695901592694518e+004	  3.8146817197145851e+003	
  1.6530000000000000e+004	  1.0714315565683022e+004	  3.8137444305006043e+003	
  1.6560000000000000e+004	  1.0715856754476070e+004	  3.8073169797215951e+003	
  1.6590000000000000e+004	  1.0731860050447294e+004	  3.8031425894887338e+003	
  1.6620000000000000e+004	  1.0739189998195023e+004	  3.8293399556259487e+003	
  1.6650000000000000e+004	  1.0719790996016780e+004	  3.8188939585127591e+003	
  1.6680000000000000e+004	  1.0733512862339110e+004	  3.8266794778560129e+003	
  1.6710000000000000e+004	  1.0737290439396278e+004	  3.8678423151789916e+003	
  1.6740000000000000e+004	  1.0725836293720524e+004	  3.8379024674465195e+003	
  1.6770000000000000e+004	  1.0716348289703932e+004	  3.8366913368552437e+003	
  1.6800000000000000e+004	  1.0731029727129619e+004	  3.8053778363151878e+003	
  1.6830000000000000e+004	  1.0730524483890969e+004	  3.7895396394198447e+003	
  1.6860000000000000e+004	  1.0721138312340792e+004	  3.7766268553189016e+003	
  1.6890000000000000e+004	  1.0713483284794944e+004	  3.7866743381538217e+003	
  1.6920000000000000e+004	  1.0712623587533313e+004	  3.7903745190427617e+003	
  1.6950000000000000e+004	  1.0706122003608065e+004	  3.7983069744751906e+003	
  1.6980000000000000e+004	  1.0706766287167193e+004	  3.8141407184245013e+003	
  1.7010000000000000e+004	  1.0721312601523648e+004	  3.7841786079240505e+003	
  1.7040000000000000e+004	  1.0724898264329695e+004	  3.8029756138901685e+003	
  1.7070000000000000e+004	  1.0721193144743849e+004	  3.8453161853036158e+003	
  1.7100000000000000e+004	  1.0732831371266375e+004	  3.8419032022883066e+003	
  1.7130000000000000e+004	  1.0733855566401751e+004	  3.8166587109446568e+003	
  1.7160000000000000e+004	  1.0759662153455456e+004	  3.8232687204889821e+003	
  1.7190000000000000e+004	  1.0778730201730934e+004	  3.8171974872479514e+003	
  1.7220000000000000e+004	  1.0775036832587943e+004	  3.8167856123683146e+003	
  1.7250000000000000e+004	  1.0739105791069451e+004	  3.8142542623985273e+003	
  1.7280000000000000e+004	  1.0729999657311024e+004	  3.8236627828738870e+003	
  1.7310000000000000e+004	  1.0721815886638233e+004	  3.8180857966582125e+003	
  1.7340000000000000e+004	  1.0725534713912217e+004	  3.8132479558332525e+003	
  1.7370000000000000e+004	  1.0725360424765115e+004	  3.8195707677160308e+003	
  1.7400000000000000e+004	  1.0729623662273161e+004	  3.8249919098051496e+003	
  1.7430000000000000e+004	  1.0721878552652783e+004	  3.8369963462419632e+003	
  1.7460000000000000e+004	  1.0723754612116452e+004	  3.8253592557062279e+003	
  1.7490000000000000e+004	  1.0727293275381819e+004	  3.8123039871290580e+003	
  1.7520000000000000e+004	  1.0724784682321293e+004	  3.7914409346907996e+003	
  1.7550000000000000e+004	  1.0744951341764661e+004	  3.7990817418482716e+003	
  1.7580000000000000e+004	  1.0739405412094024e+004	  3.8023900863766262e+003	
  1.7610000000000000e+004	  1.0743094865179617e+004	  3.8072947173550529e+003	
  1.7640000000000000e+004	  1.0735958789747139e+004	  3.8226631547716815e+003	
  1.7670000000000000e+004	  1.0728156888974965e+004	  3.8025570607674440e+003	
  1.7700000000000000e+004	  1.0716305207041059e+004	  3.8240768820068915e+003	
  1.7730000000000000e+004	  1.0732870537171582e+004	  3.8039195822931006e+003	
  1.7760000000000000e+004	  1.0732862704028244e+004	  3.7917192284361749e+003	
  1.7790000000000000e+004	  1.0737566560723109e+004	  3.8400419812517430e+003	
  1.7820000000000000e+004	  1.0732077422579481e+004	  3.8209911728997745e+003	
  1.7850000000000000e+004	  1.0717354860276164e+004	  3.8187915473515764e+003	
  1.7880000000000000e+004	  1.0705624593291734e+004	  3.8254438573796215e+003	
  1.7910000000000000e+004	  1.0697311574440670e+004	  3.8303551684242361e+003	
  1.7940000000000000e+004	  1.0716544120508575e+004	  3.8170438686053267e+003	
  1.7970000000000000e+004	  1.0726437494359468e+004	  3.8098171617238213e+003	
  1.8000000000000000e+004	  1.0726378745238002e+004	  3.8079403571903131e+003	
  1.8030000000000000e+004	  1.0731873758278231e+004	  3.8144991600155581e+003	
  1.8060000000000000e+004	  1.0730044698453656e+004	  3.8109681821300246e+003	
  1.8090000000000000e+004	  1.0732061755767332e+004	  3.8278416283997162e+003	
  1.8120000000000000e+004	  1.0726079124010081e+004	  3.8061526035091870e+003	
  1.8150000000000000e+004	  1.0726731240452698e+004	  3.8023767282505810e+003	
  1.8180000000000000e+004	  1.0760132147640417e+004	  3.8173867250517674e+003	
  1.8210000000000000e+004	  1.0770607138962259e+004	  3.8167611230946400e+003	
  1.8240000000000000e+004	  1.0709549043475356e+004	  3.8504790721570403e+003	
  1.8270000000000000e+004	  1.0737650767927002e+004	  4.0067526953981933e+003	
  1.8300000000000000e+004	  1.0744077936027765e+004	  4.3327693117967883e+003	
  1.8330000000000000e+004	  1.0702130971364953e+004	  4.5074993116179839e+003	
  1.8360000000000000e+004	  1.0695880051521111e+004	  4.5650814210938070e+003	
  1.8390000000000000e+004	  1.0694869563958438e+004	  4.7425965734373658e+003	
  1.8420000000000000e+004	  1.0693349916783407e+004	  4.8121920241854714e+003	
  1.8450000000000000e+004	  1.0689349093077384e+004	  4.8723099371653498e+003	
  1.8480000000000000e+004	  1.0690576952118381e+004	  4.8755425849453504e+003	
  1.8510000000000000e+004	  1.0693904118022529e+004	  4.8812665104130429e+003	
  1.8540000000000000e+004	  1.0702630339737765e+004	  4.9626326324115425e+003	
  1.8570000000000000e+004	  1.0660789123848084e+004	  5.0236277237122504e+003	
  1.8600000000000000e+004	  1.0405327800688005e+004	  5.1895369549068537e+003	
  1.8630000000000000e+004	  1.0455262704890039e+004	  5.8607545776107827e+003	
  1.8660000000000000e+004	  1.0937987668592679e+004	  6.4096369316467335e+003	
  1.8690000000000000e+004	  1.1277744370958568e+004	  6.6768603089335829e+003	
  1.8720000000000000e+004	  1.1276350055494175e+004	  6.6738057677543693e+003	
  1.8750000000000000e+004	  1.1354797928161532e+004	  6.4991581431347449e+003	
  1.8780000000000000e+004	  1.1351639176541667e+004	  6.4452895725876615e+003	
  1.8810000000000000e+004	  1.1208762960442438e+004	  6.3658826323325720e+003	
  1.8840000000000000e+004	  1.0952486983503562e+004	  6.1887949369917278e+003	
  1.8870000000000000e+004	  1.0894045187966980e+004	  6.1141456914552527e+003	
  1.8900000000000000e+004	  1.0812133067033103e+004	  6.0078957454691526e+003	
  1.8930000000000000e+004	  1.0733461946635010e+004	  5.9032732563555128e+003	
  1.8960000000000000e+004	  1.0710943358883971e+004	  5.8322195510895044e+003	
  1.8990000000000000e+004	  1.0705834132555370e+004	  5.7563569481560708e+003	
  1.9020000000000000e+004	  1.0701051943620709e+004	  5.7396771942130727e+003	
  1.9050000000000000e+004	  1.0701286940260561e+004	  5.7385105906312447e+003	
  1.9080000000000000e+004	  1.0701273232296200e+004	  5.7302107879812029e+003	
  1.9110000000000000e+004	  1.0702330718690277e+004	  5.5705798399062714e+003	
  1.9140000000000000e+004	  1.0701796100821233e+004	  5.4740924047135459e+003	
  1.9170000000000000e+004	  1.0700818904763768e+004	  5.4453213866319620e+003	
  1.9200000000000000e+004	  1.0695974049921737e+004	  5.4220160391281806e+003	
  1.9230000000000000e+004	  1.0698333811499313e+004	  5.4196449844113286e+003	
  1.9260000000000000e+004	  1.0702209304061595e+004	  5.3666958931504732e+003	
  1.9290000000000000e+004	  1.0700699448085996e+004	  5.3194506893721427e+003	
  1.9320000000000000e+004	  1.0702301343901783e+004	  5.2306196426805291e+003	
  1.9350000000000000e+004	  1.0699218966655386e+004	  5.2053929630173980e+003	
  1.9380000000000000e+004	  1.0691268235068346e+004	  5.0521048638389784e+003	
  1.9410000000000000e+004	  1.0503350924540386e+004	  5.0344566515490815e+003	
  1.9440000000000000e+004	  1.0427300020537723e+004	  5.0366941244313657e+003	
  1.9470000000000000e+004	  1.0251904132974923e+004	  5.1830427159189685e+003	
  1.9500000000000000e+004	  1.0344663324615218e+004	  4.6028891611004237e+003	
  1.9530000000000000e+004	  1.0349758843248021e+004	  3.8176650182502499e+003	
  1.9560000000000000e+004	  1.0350508874888226e+004	  3.0096453595306557e+003	
  1.9590000000000000e+004	  1.0354828903370682e+004	  2.2138639021996323e+003	
  1.9620000000000000e+004	  1.0357008500478831e+004	  1.3089671992384342e+003	
  1.9650000000000000e+004	  1.0196910917486524e+004	  5.3929182182882028e+002	
  1.9680000000000000e+004	  9.6953861871201261e+003	 -1.0473990820199262e+002	
  1.9710000000000000e+004	  9.2351406349612116e+003	 -6.8655432151678315e+002	
  1.9740000000000000e+004	  8.7544190066352858e+003	 -1.2909861444979604e+003	
  1.9770000000000000e+004	  8.2560020998685723e+003	 -1.9216420424855380e+003	
  1.9800000000000000e+004	  7.8047490892838132e+003	 -2.4936137897669241e+003	
  1.9830000000000000e+004	  7.4375584243278045e+003	 -2.8980399449206534e+003	
  1.9860000000000000e+004	  7.4098601097696346e+003	 -2.9141631133957767e+003	
  1.9890000000000000e+004	  7.3575576074038345e+003	 -2.7086005057901980e+003	
  1.9920000000000000e+004	  7.3358497587789461e+003	 -2.5687728695136707e+003	
  1.9950000000000000e+004	  7.4218097076534805e+003	 -2.5535869922706943e+003	
  1.9980000000000000e+004	  7.6110939264018944e+003	 -2.5217992795059599e+003	
  2.0010000000000000e+004	  7.7377416493564351e+003	 -2.4380086717114423e+003	
  2.0040000000000000e+004	  7.6521048219325530e+003	 -2.4971848417984938e+003	
  2.0070000000000000e+004	  7.4674696268325597e+003	 -2.5513294807421271e+003	
  2.0100000000000000e+004	  7.3542911492615476e+003	 -2.5399395140229349e+003	
  2.0130000000000000e+004	  7.3492308798526747e+003	 -2.5377042664149662e+003	
  2.0160000000000000e+004	  7.3521938005879156e+003	 -2.5388486071118441e+003	
  2.0190000000000000e+004	  7.3499574124226838e+003	 -2.5361124332562017e+003	
  2.0220000000000000e+004	  7.1492601713067097e+003	 -2.6276507090275263e+003	
  2.0250000000000000e+004	  7.1007509130531153e+003	 -3.0171982209257239e+003	
  2.0280000000000000e+004	  6.8311956292773048e+003	 -3.3492660367418239e+003	
  2.0310000000000000e+004	  6.6361853143761591e+003	 -3.4603382362156713e+003	
  2.0340000000000000e+004	  6.6264779796050952e+003	 -3.4654632759256901e+003	
  2.0370000000000000e+004	  6.6244491722436196e+003	 -3.4630254324164589e+003	
  2.0400000000000000e+004	  6.5565644087800447e+003	 -3.5550134306305090e+003	
  2.0430000000000000e+004	  6.5176175704337147e+003	 -3.8027229201341302e+003	
  2.0460000000000000e+004	  6.4486341964127323e+003	 -3.7898079106097221e+003	
  2.0490000000000000e+004	  6.4069359346726415e+003	 -3.7638354037166318e+003	
  2.0520000000000000e+004	  6.3634497363440432e+003	 -3.7887593047045470e+003	
  2.0550000000000000e+004	  6.3645405137792568e+003	 -3.7874791557247568e+003	
  2.0580000000000000e+004	  6.3613523882508862e+003	 -3.7899414899196590e+003	
  2.0610000000000000e+004	  6.2904107048174792e+003	 -3.8210813360400302e+003	
  2.0640000000000000e+004	  6.2722121448079524e+003	 -3.8630990888909701e+003	
  2.0670000000000000e+004	  6.2086199938607824e+003	 -3.9319821093013270e+003	
  2.0700000000000000e+004	  6.1803283118997615e+003	 -3.9369090050000755e+003	
  2.0730000000000000e+004	  6.1807375975652785e+003	 -3.9316325737100669e+003	
  2.0760000000000000e+004	  6.1831717751538436e+003	 -3.9320088265910722e+003	
  2.0790000000000000e+004	  6.1789888285268798e+003	 -3.9294752486872881e+003	
  2.0820000000000000e+004	  6.1777296361564031e+003	 -3.9286114285428894e+003	
  2.0850000000000000e+004	  6.1775475134246244e+003	 -3.9289609633217974e+003	
  2.0880000000000000e+004	  6.1789986199130817e+003	 -3.9302299788301630e+003	
  2.0910000000000000e+004	  6.1786892074721927e+003	 -3.9308266386079026e+003	
  2.0940000000000000e+004	  6.1794274896577354e+003	 -3.9316837799432628e+003	
  2.0970000000000000e+004	  6.1792708249964635e+003	 -3.9315168057746619e+003	
  2.1000000000000000e+004	  6.1790260361392957e+003	 -3.9317795137846347e+003	
  2.1030000000000000e+004	  6.1796624868250674e+003	 -3.9326745034817259e+003	
  2.1060000000000000e+004	  6.1795234465582853e+003	 -3.9326255223945655e+003	
  2.1090000000000000e+004	  6.1804360187625807e+003	 -3.9327902720670622e+003	
  2.1120000000000000e+004	  6.1805613504457733e+003	 -3.9324696796224612e+003	
  2.1150000000000000e+004	  6.1794020311110635e+003	 -3.9331153177656897e+003	
  2.1180000000000000e+004	  6.1791161185627061e+003	 -3.9327657824515964e+003	
  2.1210000000000000e+004	  6.1785952082572676e+003	 -3.9321557653329342e+003	
  2.1240000000000000e+004	  6.1783386700372694e+003	 -3.9321223699809489e+003	
  2.1270000000000000e+004	  6.1781898388200125e+003	 -3.9324429626368292e+003	
  2.1300000000000000e+004	  6.1790573689242128e+003	 -3.9318641125891095e+003	
  2.1330000000000000e+004	  6.1791180767430105e+003	 -3.9318685670351974e+003	
  2.1360000000000000e+004	  6.1805280589778731e+003	 -3.9303969537100738e+003	
  2.1390000000000000e+004	  6.1805946419149359e+003	 -3.9302455636685395e+003	
  2.1420000000000000e+004	  6.1803459364588361e+003	 -3.9305305349638643e+003	
  2.1450000000000000e+004	  6.1798269845353552e+003	 -3.9303257104954318e+003	
  2.1480000000000000e+004	  6.1799268583547473e+003	 -3.9298693127014658e+003	
  2.1510000000000000e+004	  6.1810254695787989e+003	 -3.9294218169693886e+003	
  2.1540000000000000e+004	  6.1805965998599586e+003	 -3.9301565093218937e+003	
  2.1570000000000000e+004	  6.1800972311425312e+003	 -3.9299672700753072e+003	
  2.1600000000000000e+004	  6.1783621696669334e+003	 -3.9279457510007705e+003	
  2.1630000000000000e+004	  6.1770011454538089e+003	 -3.9267657906208942e+003	
  2.1660000000000000e+004	  6.1759005761596691e+003	 -3.9258797064992591e+003	
  2.1690000000000000e+004	  6.1752837086714953e+003	 -3.9253119893772246e+003	
  2.1720000000000000e+004	  6.1753639995479516e+003	 -3.9258084645964782e+003	
  2.1750000000000000e+004	  6.1756518708409149e+003	 -3.9263539169645965e+003	
  2.1780000000000000e+004	  6.1759358259793717e+003	 -3.9272355483314191e+003	
  2.1810000000000000e+004	  6.1766721494790590e+003	 -3.9285824853589679e+003	
  2.1840000000000000e+004	  6.1775259720617005e+003	 -3.9302344319273279e+003	
  2.1870000000000000e+004	  6.1773027246323927e+003	 -3.9304437073752524e+003	
  2.1900000000000000e+004	  6.1775338050138671e+003	 -3.9309713501655920e+003	
  2.1930000000000000e+004	  6.1807552222641352e+003	 -3.9339791385290168e+003	
  2.1960000000000000e+004	  6.1805104342860868e+003	 -3.9340993616378182e+003	
  2.1990000000000000e+004	  6.1831345673289770e+003	 -3.9343464851221747e+003	
  2.2020000000000000e+004	  6.1841705130164073e+003	 -3.9347227359744138e+003	
  2.2050000000000000e+004	  6.1831854840200640e+003	 -3.9357334957108387e+003	
  2.2080000000000000e+004	  6.1829465695614863e+003	 -3.9350366514908733e+003	
  2.2110000000000000e+004	  6.1818597092489845e+003	 -3.9341416619984752e+003	
  2.2140000000000000e+004	  6.1842821365486188e+003	 -3.9330997340094355e+003	
  2.2170000000000000e+004	  6.1844936329065849e+003	 -3.9315791417315804e+003	
  2.2200000000000000e+004	  6.1843036778871710e+003	 -3.9321045579862753e+003	
  2.2230000000000000e+004	  6.1834478969643114e+003	 -3.9339190270112290e+003	
  2.2260000000000000e+004	  6.1825842829645953e+003	 -3.9346247770124864e+003	
  2.2290000000000000e+004	  6.1820966640733914e+003	 -3.9342529805134000e+003	
  2.2320000000000000e+004	  6.1820300815731489e+003	 -3.9318329438330538e+003	
  2.2350000000000000e+004	  6.1819693735293695e+003	 -3.9327078971203846e+003	
  2.2380000000000000e+004	  6.1819008327984466e+003	 -3.9356355366796843e+003	
  2.2410000000000000e+004	  6.1805535169198120e+003	 -3.9360741270332232e+003	
  2.2440000000000000e+004	  6.1785227507664804e+003	 -3.9315880485924513e+003	
  2.2470000000000000e+004	  6.1811096765918137e+003	 -3.9317728335213360e+003	
  2.2500000000000000e+004	  6.1800737313700547e+003	 -3.9309268243047918e+003	
  2.2530000000000000e+004	  6.1784209188878895e+003	 -3.9382314515109647e+003	
  2.2560000000000000e+004	  6.1783386698447102e+003	 -3.9382603945912933e+003	
  2.2590000000000000e+004	  6.1790299530362918e+003	 -3.9379576112253444e+003	
  2.2620000000000000e+004	  6.1782113800901543e+003	 -3.9372919350727084e+003	
  2.2650000000000000e+004	  6.1782955867827486e+003	 -3.9296689395843159e+003	
  2.2680000000000000e+004	  6.1799953990220401e+003	 -3.9313320182193079e+003	
  2.2710000000000000e+004	  6.1790299524984457e+003	 -3.9331999185674867e+003	
  2.2740000000000000e+004	  6.1797016528944523e+003	 -3.9342641108861403e+003	
  2.2770000000000000e+004	  6.1786343746891689e+003	 -3.9348719009609013e+003	
  2.2800000000000000e+004	  6.1789144122841071e+003	 -3.9351613260507629e+003	
  2.2830000000000000e+004	  6.1788654552264543e+003	 -3.9350767259049121e+003	
  2.2860000000000000e+004	  6.1771323516698822e+003	 -3.9353394345143315e+003	
  2.2890000000000000e+004	  6.1765957755496502e+003	 -3.9353527924685040e+003	
  2.2920000000000000e+004	  6.1764273608866524e+003	 -3.9354841467278579e+003	
  2.2950000000000000e+004	  6.1766368996962610e+003	 -3.9351212526331560e+003	
  2.2980000000000000e+004	  6.1783347535855519e+003	 -3.9340258927469577e+003	
  2.3010000000000000e+004	  6.1764528188088525e+003	 -3.9331776550143450e+003	
  2.3040000000000000e+004	  6.1764058193534056e+003	 -3.9324518676940593e+003	
  2.3070000000000000e+004	  6.1768111895299962e+003	 -3.9376392466575244e+003	
  2.3100000000000000e+004	  6.1783758786038579e+003	 -3.9338834056279184e+003	
  2.3130000000000000e+004	  6.1805633087295482e+003	 -3.9364704157263704e+003	
  2.3160000000000000e+004	  6.1796487784697501e+003	 -3.9356444428563896e+003	
  2.3190000000000000e+004	  6.1783386704722589e+003	 -3.9362722704919797e+003	
  2.3220000000000000e+004	  6.1805613504381126e+003	 -3.9365995434459910e+003	
  2.3250000000000000e+004	  6.1816070867259905e+003	 -3.9353394343522909e+003	
  2.3280000000000000e+004	  6.1827624888463488e+003	 -3.9342106779099786e+003	
  2.3310000000000000e+004	  6.1831306508069747e+003	 -3.9345023298038950e+003	
  2.3340000000000000e+004	  6.1842214290812008e+003	 -3.9337609575421288e+003	
  2.3370000000000000e+004	  6.1867711459148431e+003	 -3.9318307197859476e+003	
  2.3400000000000000e+004	  6.1849518780115995e+003	 -3.9311962110833456e+003	
  2.3430000000000000e+004	  6.1859055743449217e+003	 -3.9321446331565676e+003	
  2.3460000000000000e+004	  6.1844388009822560e+003	 -3.9316503856772601e+003	
  2.3490000000000000e+004	  6.1793922401268956e+003	 -3.9308177327828625e+003	
  2.3520000000000000e+004	  6.1794000735470263e+003	 -3.9308177338146756e+003	
  2.3550000000000000e+004	  6.1804751848917349e+003	 -3.9308466754795418e+003	
  2.3580000000000000e+004	  6.1803713941865617e+003	 -3.9314010355289538e+003	
  2.3610000000000000e+004	  6.1808022218400529e+003	 -3.9320288628748394e+003	
  2.3640000000000000e+004	  6.1822905370360959e+003	 -3.9327368400899904e+003	
  2.3670000000000000e+004	  6.1787283733980894e+003	 -3.9330262641601066e+003	
  2.3700000000000000e+004	  6.1776434705076936e+003	 -3.9337921267890692e+003	
  2.3730000000000000e+004	  6.1770011452657154e+003	 -3.9347182849979908e+003	
  2.3760000000000000e+004	  6.1816070866999626e+003	 -3.9358626243640442e+003	
  2.3790000000000000e+004	  6.1813995066685275e+003	 -3.9348808070256628e+003	
  2.3820000000000000e+004	  6.1795038635737383e+003	 -3.9360095627476053e+003	
  2.3850000000000000e+004	  6.1780370908215737e+003	 -3.9363635510441468e+003	
  2.3880000000000000e+004	  6.1785580006106438e+003	 -3.9356466683968915e+003	
  2.3910000000000000e+004	  6.1791787844268310e+003	 -3.9349409190005172e+003	
  2.3940000000000000e+004	  6.1793746148985683e+003	 -3.9347739427240535e+003	
  2.3970000000000000e+004	  6.1804653933358932e+003	 -3.9334002900078908e+003	
  2.4000000000000000e+004	  6.1790730357266712e+003	 -3.9332021444443881e+003	
  2.4030000000000000e+004	  6.1788987462616833e+003	 -3.9334359110815362e+003	
  2.4060000000000000e+004	  6.1786617912266684e+003	 -3.9332867462596587e+003	
  2.4090000000000000e+004	  6.1793922398015829e+003	 -3.9330641131094235e+003	
  2.4120000000000000e+004	  6.1794255315942519e+003	 -3.9328147625136617e+003	
  2.4150000000000000e+004	  6.1801422723371670e+003	 -3.9327412924180899e+003	
  2.4180000000000000e+004	  6.1804321019516201e+003	 -3.9331153177656897e+003	
  2.4210000000000000e+004	  6.1807669723770177e+003	 -3.9338077111301041e+003	
  2.4240000000000000e+004	  6.1822866196890491e+003	 -3.9337720896527417e+003	
  2.4270000000000000e+004	  6.1824432844317671e+003	 -3.9331665234224920e+003	
  2.4300000000000000e+004	  6.1830934434040882e+003	 -3.9339412907867932e+003	
  2.4330000000000000e+004	  6.1834694380933488e+003	 -3.9340370229038285e+003	
  2.4360000000000000e+004	  6.1851065845225849e+003	 -3.9342062258892634e+003	
  2.4390000000000000e+004	  6.1856098697870684e+003	 -3.9347405472547530e+003	
  2.4420000000000000e+004	  6.1866869387495417e+003	 -3.9350255199274420e+003	
  2.4450000000000000e+004	  6.1877033010983123e+003	 -3.9338054836467645e+003	
  2.4480000000000000e+004	  6.1908600943753418e+003	 -3.9336073388189134e+003	
  2.4510000000000000e+004	  6.1753405000783514e+003	 -3.9309535399221472e+003	
  2.4540000000000000e+004	  6.1695027818809922e+003	 -3.9326923133571008e+003	
  2.4570000000000000e+004	  6.1687762500389972e+003	 -3.9361587276714527e+003	
  2.4600000000000000e+004	  6.1687390420918437e+003	 -3.9363412869311642e+003	
  2.4630000000000000e+004	  6.1685118783153703e+003	 -3.9339880445093863e+003	
  2.4660000000000000e+004	  6.1683454213824270e+003	 -3.9309557671107841e+003	
  2.4690000000000000e+004	  6.1686744178024210e+003	 -3.9297223732627804e+003	
  2.4720000000000000e+004	  6.1694538247935434e+003	 -3.9301431511879396e+003	
  2.4750000000000000e+004	  6.1698102369242806e+003	 -3.9305550243010016e+003	
  2.4780000000000000e+004	  6.1709049315336360e+003	 -3.9306663416879369e+003	
  2.4810000000000000e+004	  6.1718821271026245e+003	 -3.9306463050653265e+003	
  2.4840000000000000e+004	  6.1730590707958499e+003	 -3.9307064155966646e+003	
  2.4870000000000000e+004	  6.1734683566436988e+003	 -3.9304793294618371e+003	
  2.4900000000000000e+004	  6.1730512375168064e+003	 -3.9308132807077754e+003	
  2.4930000000000000e+004	  6.1734193983938658e+003	 -3.9309691241861337e+003	
  2.4960000000000000e+004	  6.1744103034233794e+003	 -3.9305728350024629e+003	
  2.4990000000000000e+004	  6.1777923016799359e+003	 -3.9308934277450062e+003	
  2.5020000000000000e+004	  6.1781487141314237e+003	 -3.9323917558734647e+003	
  2.5050000000000000e+004	  6.1779352585354663e+003	 -3.9312296061563275e+003	
  2.5080000000000000e+004	  6.1781154224911534e+003	 -3.9300919455279873e+003	
  2.5110000000000000e+004	  6.1786911657524279e+003	 -3.9297335039437457e+003	
