  0.0000000000000000e+000	  2.1297786643086802e+003	 -5.1451247683428883e+003	
  3.0000000000000000e+001	  2.1275918849785289e+003	 -5.1459410936062768e+003	
  6.0000000000000000e+001	  2.1240995690631948e+003	 -5.1425644751119544e+003	
  9.0000000000000000e+001	  2.1212273832471105e+003	 -5.1467945241406869e+003	
  1.2000000000000000e+002	  2.1149105827144872e+003	 -5.1575922835986621e+003	
  1.5000000000000000e+002	  2.1082512568587467e+003	 -5.1694873104206108e+003	
  1.8000000000000000e+002	  2.0932798443842330e+003	 -5.1728657563974139e+003	
  2.1000000000000000e+002	  2.0720085612229163e+003	 -5.1726757498580810e+003	
  2.4000000000000000e+002	  2.0970313934368728e+003	 -5.1705050662677531e+003	
  2.7000000000000000e+002	  2.1011995977225033e+003	 -5.1790764831875567e+003	
  3.0000000000000000e+002	  2.0865098372819525e+003	 -5.1861785145149006e+003	
  3.3000000000000000e+002	  2.0920812234311888e+003	 -5.1866460459433683e+003	
  3.6000000000000000e+002	  2.0838143635599208e+003	 -5.1989227312036073e+003	
  3.9000000000000000e+002	  2.0733206269470238e+003	 -5.2060374844526159e+003	
  4.2000000000000000e+002	  2.0488703930182778e+003	 -5.2184741731289023e+003	
  4.5000000000000000e+002	  2.0257924795033482e+003	 -5.2419706449044306e+003	
  4.8000000000000000e+002	  2.0039934144414528e+003	 -5.2611289037290799e+003	
  5.1000000000000000e+002	  1.9842763385748985e+003	 -5.2834177114980366e+003	
  5.4000000000000000e+002	  1.9690685269400619e+003	 -5.3083390712116889e+003	
  5.7000000000000000e+002	  1.9672657584097722e+003	 -5.3170186097722790e+003	
  6.0000000000000000e+002	  1.9661868294078402e+003	 -5.3176430130057652e+003	
  6.3000000000000000e+002	  1.9648715476012287e+003	 -5.3178922302449237e+003	
  6.6000000000000000e+002	  1.9523785051644538e+003	 -5.3100282064224939e+003	
  6.9000000000000000e+002	  1.9287995206097128e+003	 -5.2933229809601953e+003	
  7.2000000000000000e+002	  1.9094689535600949e+003	 -5.2730503794402775e+003	
  7.5000000000000000e+002	  1.8979149323171071e+003	 -5.2630905343274899e+003	
  7.8000000000000000e+002	  1.8968269841027541e+003	 -5.2639495877837135e+003	
  8.1000000000000000e+002	  1.8868015318942489e+003	 -5.2581672822693254e+003	
  8.4000000000000000e+002	  1.8683520058221507e+003	 -5.2516209809789880e+003	
  8.7000000000000000e+002	  1.8597506878543707e+003	 -5.2246077665305065e+003	
  9.0000000000000000e+002	  1.8558112983597694e+003	 -5.2331394884756519e+003	
  9.3000000000000000e+002	  1.8850570905326827e+003	 -5.2360942730811385e+003	
  9.6000000000000000e+002	  1.8960452133800870e+003	 -5.2397920101651507e+003	
  9.9000000000000000e+002	  1.8991497558648621e+003	 -5.2441165915294314e+003	
  1.0200000000000000e+003	  1.9133027190421433e+003	 -5.2625985603063937e+003	
  1.0500000000000000e+003	  1.9346332183658476e+003	 -5.2854956304137413e+003	
  1.0800000000000000e+003	  1.9566222252743707e+003	 -5.2725033355724345e+003	
  1.1100000000000000e+003	  1.9715473337217261e+003	 -5.2538815743449850e+003	
  1.1400000000000000e+003	  1.9710938297287059e+003	 -5.2189162877110202e+003	
  1.1700000000000000e+003	  1.9724040943265995e+003	 -5.1860477167692634e+003	
  1.2000000000000000e+003	  1.9772544045683194e+003	 -5.1507860377651832e+003	
  1.2300000000000000e+003	  1.9996001045785410e+003	 -5.1253103245067578e+003	
  1.2600000000000000e+003	  2.0250417954473398e+003	 -5.1114235158217562e+003	
  1.2900000000000000e+003	  2.0261764127245635e+003	 -5.1068492622811200e+003	
  1.3200000000000000e+003	  2.0313596706397170e+003	 -5.0988963661789803e+003	
  1.3500000000000000e+003	  2.0506738783174542e+003	 -5.0918533517904507e+003	
  1.3800000000000000e+003	  2.0620211875222658e+003	 -5.0982046102917429e+003	
  1.4100000000000000e+003	  2.0648351912527000e+003	 -5.1035502504231945e+003	
  1.4400000000000000e+003	  2.0624085921376241e+003	 -5.0990491686234318e+003	
  1.4700000000000000e+003	  2.0595950614971957e+003	 -5.0948836513339738e+003	
  1.5000000000000000e+003	  2.0521499217515734e+003	 -5.0959420753700751e+003	
  1.5300000000000000e+003	  2.0533216964067583e+003	 -5.0911061685565082e+003	
  1.5600000000000000e+003	  2.0544934710619427e+003	 -5.0862702617429422e+003	
  1.5900000000000000e+003	  2.0556652457171272e+003	 -5.0814343549293744e+003	
  1.6200000000000000e+003	  2.0568370203723121e+003	 -5.0765984481158084e+003	
  1.6500000000000000e+003	  2.0580087950274969e+003	 -5.0717625413022406e+003	
  1.6800000000000000e+003	  2.0588652976165208e+003	 -5.0683673463932237e+003	
  1.7100000000000000e+003	  2.0589246115969277e+003	 -5.0676758960581610e+003	
  1.7400000000000000e+003	  2.0550564210560296e+003	 -5.0629921074949707e+003	
  1.7700000000000000e+003	  2.0576776593406858e+003	 -5.0653326703328803e+003	
  1.8000000000000000e+003	  2.0643163245771075e+003	 -5.0713437946749509e+003	
  1.8300000000000000e+003	  2.0711214478665565e+003	 -5.0719215300676888e+003	
  1.8600000000000000e+003	  2.0709451999885127e+003	 -5.0765634534207147e+003	
  1.8900000000000000e+003	  2.0707689521104685e+003	 -5.0812053767737407e+003	
  1.9200000000000000e+003	  2.0705927042324242e+003	 -5.0858473001267675e+003	
  1.9500000000000000e+003	  2.0679695496913209e+003	 -5.0874903406172716e+003	
  1.9800000000000000e+003	  2.0686212413465710e+003	 -5.0892887417244292e+003	
  2.0100000000000000e+003	  2.0705887870611105e+003	 -5.0915255851317688e+003	
  2.0400000000000000e+003	  2.0725563327756504e+003	 -5.0937624285391084e+003	
  2.0700000000000000e+003	  2.0742646950282360e+003	 -5.0948604592562224e+003	
  2.1000000000000000e+003	  2.0725484182170076e+003	 -5.0913285230052115e+003	
  2.1300000000000000e+003	  2.0682768947063914e+003	 -5.0875119855717476e+003	
  2.1600000000000000e+003	  2.0672433432980010e+003	 -5.0872027712031404e+003	
  2.1900000000000000e+003	  2.0676745153205684e+003	 -5.0874742284003942e+003	
  2.2200000000000000e+003	  2.0703537912790907e+003	 -5.0886981303147786e+003	
  2.2500000000000000e+003	  2.0733646893694990e+003	 -5.0904513751233617e+003	
  2.2800000000000000e+003	  2.0795213447434580e+003	 -5.0926235761116632e+003	
  2.3100000000000000e+003	  2.0836604976016024e+003	 -5.1032324332936978e+003	
  2.3400000000000000e+003	  2.0838843059978358e+003	 -5.1109981260940840e+003	
  2.3700000000000000e+003	  2.0747905117419627e+003	 -5.1232280397616487e+003	
  2.4000000000000000e+003	  2.0756784318293303e+003	 -5.1233333333239343e+003	
  2.4300000000000000e+003	  2.0740321452758694e+003	 -5.1144754597296842e+003	
  2.4600000000000000e+003	  2.0764800315113157e+003	 -5.1115070042512316e+003	
  2.4900000000000000e+003	  2.0866958752607143e+003	 -5.1085571011782886e+003	
  2.5200000000000000e+003	  2.0923215603333638e+003	 -5.1066697703529035e+003	
  2.5500000000000000e+003	  2.0850680311701644e+003	 -5.1023303006869073e+003	
  2.5800000000000000e+003	  2.0791512337965969e+003	 -5.0984360330191403e+003	
  2.6100000000000000e+003	  2.0806055360418627e+003	 -5.0972138884919868e+003	
  2.6400000000000000e+003	  2.0857167219532803e+003	 -5.0990394889802683e+003	
  2.6700000000000000e+003	  2.0856660749851903e+003	 -5.0938114232868229e+003	
  2.7000000000000000e+003	  2.0807107935966055e+003	 -5.0904866256258065e+003	
  2.7300000000000000e+003	  2.0760283863040709e+003	 -5.0907929982151791e+003	
  2.7600000000000000e+003	  2.0769696103309971e+003	 -5.0908020232041190e+003	
  2.7900000000000000e+003	  2.0711215634585387e+003	 -5.0868469919835761e+003	
  2.8200000000000000e+003	  2.0469733653333374e+003	 -5.0955254107699548e+003	
  2.8500000000000000e+003	  2.0465728029444110e+003	 -5.0984854328359152e+003	
  2.8800000000000000e+003	  2.0735612204911640e+003	 -5.0898717309659069e+003	
  2.9100000000000000e+003	  2.0853740161592136e+003	 -5.0711943115315080e+003	
  2.9400000000000000e+003	  2.0935919181125259e+003	 -5.0694370922583312e+003	
  2.9700000000000000e+003	  2.0917140406320309e+003	 -5.0760803372237961e+003	
  3.0000000000000000e+003	  2.0804888895526738e+003	 -5.0951869489774981e+003	
  3.0300000000000000e+003	  2.0695864437532136e+003	 -5.1026426481557828e+003	
  3.0600000000000000e+003	  2.0432043982538680e+003	 -5.0972148559440984e+003	
  3.0900000000000000e+003	  2.0417574722869986e+003	 -5.0927297099070629e+003	
  3.1200000000000000e+003	  2.0567126362200115e+003	 -5.1015845031981553e+003	
  3.1500000000000000e+003	  2.0631635348860036e+003	 -5.0922862517410194e+003	
  3.1800000000000000e+003	  2.0775679814577047e+003	 -5.0891879255947770e+003	
  3.2100000000000000e+003	  2.0844009820479851e+003	 -5.0834133509114945e+003	
  3.2400000000000000e+003	  2.0626576382523358e+003	 -5.0946981221329934e+003	
  3.2700000000000000e+003	  2.0667807299791079e+003	 -5.0915086450301724e+003	
  3.3000000000000000e+003	  2.0868917080878100e+003	 -5.0876851445251996e+003	
  3.3300000000000000e+003	  2.0911096012302337e+003	 -5.0902197493969616e+003	
  3.3600000000000000e+003	  2.1300038695914436e+003	 -5.0840116806220085e+003	
  3.3900000000000000e+003	  2.1233468430329303e+003	 -5.0713076172993369e+003	
  3.4200000000000000e+003	  2.1175392356660668e+003	 -5.0777222646182736e+003	
  3.4500000000000000e+003	  2.1089917934266796e+003	 -5.0856552443251567e+003	
  3.4800000000000000e+003	  2.1093068076542477e+003	 -5.0900913065925770e+003	
  3.5100000000000000e+003	  2.0906544553668450e+003	 -5.0881463148236580e+003	
  3.5400000000000000e+003	  2.0835234146606040e+003	 -5.0882862572968024e+003	
  3.5700000000000000e+003	  2.0763911213973097e+003	 -5.0837506610380779e+003	
  3.6000000000000000e+003	  2.0653671947734574e+003	 -5.0787682607842953e+003	
  3.6300000000000000e+003	  2.0623149344768176e+003	 -5.0821192889691729e+003	
  3.6600000000000000e+003	  2.0774384167688941e+003	 -5.0853980842550473e+003	
  3.6900000000000000e+003	  2.0786712613380146e+003	 -5.0880949935503650e+003	
  3.7200000000000000e+003	  2.0976624039168260e+003	 -5.1039745468359033e+003	
  3.7500000000000000e+003	  2.0784274627106151e+003	 -5.0923202652461832e+003	
  3.7800000000000000e+003	  2.0501815808415313e+003	 -5.0893363484979091e+003	
  3.8100000000000000e+003	  2.0713153207794971e+003	 -5.0910736371875846e+003	
  3.8400000000000000e+003	  2.0684836049880691e+003	 -5.0892435846490362e+003	
  3.8700000000000000e+003	  2.0672946338304087e+003	 -5.0946504148783715e+003	
  3.9000000000000000e+003	  2.0744984095843492e+003	 -5.0845046551638306e+003	
  3.9300000000000000e+003	  2.0737430633442527e+003	 -5.0931396831861275e+003	
  3.9600000000000000e+003	  2.0710529075021504e+003	 -5.0989905095730246e+003	
  3.9900000000000000e+003	  2.0484370553876893e+003	 -5.0991099904493203e+003	
  4.0200000000000000e+003	  2.0336452978311086e+003	 -5.1052420778600463e+003	
  4.0500000000000000e+003	  2.0456768435372812e+003	 -5.1193334521810802e+003	
  4.0800000000000000e+003	  2.0334158956755648e+003	 -5.1278785690958166e+003	
  4.1100000000000000e+003	  2.0175125056679165e+003	 -5.1333877715075723e+003	
  4.1400000000000000e+003	  1.9961730641480649e+003	 -5.1317110573752079e+003	
  4.1700000000000000e+003	  1.9790868220148286e+003	 -5.1411173524745554e+003	
  4.2000000000000000e+003	  1.9777355882962670e+003	 -5.1679447729409148e+003	
  4.2300000000000000e+003	  1.9794295262256983e+003	 -5.1979781267473836e+003	
  4.2600000000000000e+003	  1.9844170931968465e+003	 -5.2206255913072655e+003	
  4.2900000000000000e+003	  1.9861291998302104e+003	 -5.2454642881210711e+003	
  4.3200000000000000e+003	  1.9919252617359036e+003	 -5.2808857924087033e+003	
  4.3500000000000000e+003	  2.0036962326949968e+003	 -5.2952296926838026e+003	
  4.3800000000000000e+003	  2.0109387095656341e+003	 -5.3298165336220090e+003	
  4.4100000000000000e+003	  2.0334249875130117e+003	 -5.3583248424678395e+003	
  4.4400000000000000e+003	  2.0621191043225795e+003	 -5.3607459901210232e+003	
  4.4700000000000000e+003	  2.0765011510403624e+003	 -5.3579827072512817e+003	
  4.5000000000000000e+003	  2.0833606307141372e+003	 -5.3552079648691679e+003	
  4.5300000000000000e+003	  2.0863228630189096e+003	 -5.3531976309459224e+003	
  4.5600000000000000e+003	  2.0878121108242258e+003	 -5.3532487829651964e+003	
  4.5900000000000000e+003	  2.0882710367916616e+003	 -5.3539217682454791e+003	
  4.6200000000000000e+003	  2.0811049039780614e+003	 -5.3571448823115379e+003	
  4.6500000000000000e+003	  2.0753376856288060e+003	 -5.3757737986745615e+003	
  4.6800000000000000e+003	  2.0837353756557700e+003	 -5.3967276049027860e+003	
  4.7100000000000000e+003	  2.0867113353029554e+003	 -5.4211032938645585e+003	
  4.7400000000000000e+003	  2.0804138271913016e+003	 -5.4473214001924143e+003	
  4.7700000000000000e+003	  2.0638032492353118e+003	 -5.4659406500974674e+003	
  4.8000000000000000e+003	  2.0472957959115333e+003	 -5.4939740056985074e+003	
  4.8300000000000000e+003	  2.0344863381137664e+003	 -5.5212828233940636e+003	
  4.8600000000000000e+003	  2.0378983880420151e+003	 -5.5289764872121768e+003	
  4.8900000000000000e+003	  2.0403573993941354e+003	 -5.5218357475633620e+003	
  4.9200000000000000e+003	  2.0389583412526974e+003	 -5.5314293547421312e+003	
  4.9500000000000000e+003	  2.0536983763064004e+003	 -5.5290296156962977e+003	
  4.9800000000000000e+003	  2.0525617055199477e+003	 -5.5269278999543712e+003	
  5.0100000000000000e+003	  2.0499123135150339e+003	 -5.5229721093720254e+003	
  5.0400000000000000e+003	  2.0492921824303030e+003	 -5.5219331503784551e+003	
  5.0700000000000000e+003	  2.0492921824303030e+003	 -5.5219331503784551e+003	
  5.1000000000000000e+003	  2.0492921824303030e+003	 -5.5219331503784551e+003	
  5.1300000000000000e+003	  2.0492921824303030e+003	 -5.5219331503784551e+003	
  5.1600000000000000e+003	  2.0492921824303030e+003	 -5.5219331503784551e+003	
  5.1900000000000000e+003	  2.0492921824303030e+003	 -5.5219331503784551e+003	
  5.2200000000000000e+003	  2.0492921824303030e+003	 -5.5219331503784551e+003	
  5.2500000000000000e+003	  2.0492921824303030e+003	 -5.5219331503784551e+003	
  5.2800000000000000e+003	  2.0492921824303030e+003	 -5.5219331503784551e+003	
  5.3100000000000000e+003	  2.0492921824303030e+003	 -5.5219331503784551e+003	
  5.3400000000000000e+003	  2.0492921824303030e+003	 -5.5219331503784551e+003	
  5.3700000000000000e+003	  2.0492921824303030e+003	 -5.5219331503784551e+003	
  5.4000000000000000e+003	  2.0492921824303030e+003	 -5.5219331503784551e+003	
  5.4300000000000000e+003	  2.0492921824303030e+003	 -5.5219331503784551e+003	
  5.4600000000000000e+003	  2.0492921824303030e+003	 -5.5219331503784551e+003	
  5.4900000000000000e+003	  2.0492921824303030e+003	 -5.5219331503784551e+003	
  5.5200000000000000e+003	  2.0492921824303030e+003	 -5.5219331503784551e+003	
  5.5500000000000000e+003	  2.0492921824303030e+003	 -5.5219331503784551e+003	
  5.5800000000000000e+003	  2.0492921824303030e+003	 -5.5219331503784551e+003	
  5.6100000000000000e+003	  2.0492921824303030e+003	 -5.5219331503784551e+003	
  5.6400000000000000e+003	  2.0492921824303030e+003	 -5.5219331503784551e+003	
  5.6700000000000000e+003	  2.0492921824303030e+003	 -5.5219331503784551e+003	
  5.7000000000000000e+003	  2.0492921824303030e+003	 -5.5219331503784551e+003	
  5.7300000000000000e+003	  2.0492921824303030e+003	 -5.5219331503784551e+003	
  5.7600000000000000e+003	  2.0492921824303030e+003	 -5.5219331503784551e+003	
  5.7900000000000000e+003	  2.0492921824303030e+003	 -5.5219331503784551e+003	
  5.8200000000000000e+003	  2.0492921824303030e+003	 -5.5219331503784551e+003	
  5.8500000000000000e+003	  2.0492921824303030e+003	 -5.5219331503784551e+003	
  5.8800000000000000e+003	  2.0492921824303030e+003	 -5.5219331503784551e+003	
  5.9100000000000000e+003	  2.0492921824303030e+003	 -5.5219331503784551e+003	
  5.9400000000000000e+003	  2.0492921824303030e+003	 -5.5219331503784551e+003	
  5.9700000000000000e+003	  2.0492921824303030e+003	 -5.5219331503784551e+003	
  6.0000000000000000e+003	  2.0492921824303030e+003	 -5.5219331503784551e+003	
  6.0300000000000000e+003	  2.0492921824303030e+003	 -5.5219331503784551e+003	
  6.0600000000000000e+003	  2.0492921824303030e+003	 -5.5219331503784551e+003	
  6.0900000000000000e+003	  2.0492921824303030e+003	 -5.5219331503784551e+003	
  6.1200000000000000e+003	  2.0492921824303030e+003	 -5.5219331503784551e+003	
  6.1500000000000000e+003	  2.0492921824303030e+003	 -5.5219331503784551e+003	
  6.1800000000000000e+003	  2.0492921824303030e+003	 -5.5219331503784551e+003	
  6.2100000000000000e+003	  2.0492921824303030e+003	 -5.5219331503784551e+003	
  6.2400000000000000e+003	  2.0492921824303030e+003	 -5.5219331503784551e+003	
  6.2700000000000000e+003	  2.0492921824303030e+003	 -5.5219331503784551e+003	
  6.3000000000000000e+003	  2.0492921824303030e+003	 -5.5219331503784551e+003	
  6.3300000000000000e+003	  2.0492921824303030e+003	 -5.5219331503784551e+003	
  6.3600000000000000e+003	  2.0492921824303030e+003	 -5.5219331503784551e+003	
  6.3900000000000000e+003	  2.0492921824303030e+003	 -5.5219331503784551e+003	
  6.4200000000000000e+003	  2.0492921824303030e+003	 -5.5219331503784551e+003	
  6.4500000000000000e+003	  2.0492921824303030e+003	 -5.5219331503784551e+003	
  6.4800000000000000e+003	  2.0492921824303030e+003	 -5.5219331503784551e+003	
  6.5100000000000000e+003	  2.0492921824303030e+003	 -5.5219331503784551e+003	
  6.5400000000000000e+003	  2.0492921824303030e+003	 -5.5219331503784551e+003	
  6.5700000000000000e+003	  2.0492921824303030e+003	 -5.5219331503784551e+003	
  6.6000000000000000e+003	  2.0492921824303030e+003	 -5.5219331503784551e+003	
  6.6300000000000000e+003	  2.0492921824303030e+003	 -5.5219331503784551e+003	
  6.6600000000000000e+003	  2.0492921824303030e+003	 -5.5219331503784551e+003	
  6.6900000000000000e+003	  2.0492921824303030e+003	 -5.5219331503784551e+003	
  6.7200000000000000e+003	  2.0492921824303030e+003	 -5.5219331503784551e+003	
  6.7500000000000000e+003	  2.0492921824303030e+003	 -5.5219331503784551e+003	
  6.7800000000000000e+003	  2.0492921824303030e+003	 -5.5219331503784551e+003	
  6.8100000000000000e+003	  2.0492921824303030e+003	 -5.5219331503784551e+003	
  6.8400000000000000e+003	  2.0451767994024649e+003	 -5.5385610450166441e+003	
  6.8700000000000000e+003	  2.0355187583268714e+003	 -5.5775836313299860e+003	
  6.9000000000000000e+003	  2.0290236875686460e+003	 -5.6047901785185486e+003	
  6.9300000000000000e+003	  2.0335565971406133e+003	 -5.6065472419316220e+003	
  6.9600000000000000e+003	  2.0099084222055733e+003	 -5.6025885732360039e+003	
  6.9900000000000000e+003	  1.9963457039321943e+003	 -5.5951036380430251e+003	
  7.0200000000000000e+003	  1.9748764580625270e+003	 -5.5946232160242234e+003	
  7.0500000000000000e+003	  1.9502996863089802e+003	 -5.5966454772960087e+003	
  7.0800000000000000e+003	  1.9431576186024638e+003	 -5.5833801901604611e+003	
  7.1100000000000000e+003	  1.9448394614429023e+003	 -5.5820509329113711e+003	
  7.1400000000000000e+003	  1.9547431828959893e+003	 -5.5730860079617441e+003	
  7.1700000000000000e+003	  1.9706530394439692e+003	 -5.5585638978562411e+003	
  7.2000000000000000e+003	  1.9802875743292113e+003	 -5.5454503524480542e+003	
  7.2300000000000000e+003	  1.9931540029906346e+003	 -5.5331019661043520e+003	
  7.2600000000000000e+003	  2.0153699276478162e+003	 -5.5188781146118154e+003	
  7.2900000000000000e+003	  2.0329947025088331e+003	 -5.5165899292973336e+003	
  7.3200000000000000e+003	  2.0408714557589233e+003	 -5.5153958005251552e+003	
  7.3500000000000000e+003	  2.0429305605972165e+003	 -5.5165015306103915e+003	
  7.3800000000000000e+003	  2.0431372803846521e+003	 -5.5153584840627500e+003	
  7.4100000000000000e+003	  2.0399703283798797e+003	 -5.5113928124539416e+003	
  7.4400000000000000e+003	  2.0380074301644106e+003	 -5.5086864156583160e+003	
  7.4700000000000000e+003	  2.0393742977288414e+003	 -5.5101084020625931e+003	
  7.5000000000000000e+003	  2.0405916971268584e+003	 -5.5064918785086948e+003	
  7.5300000000000000e+003	  2.0512994490893934e+003	 -5.4845723487460054e+003	
  7.5600000000000000e+003	  2.0665375372099552e+003	 -5.4716734806599161e+003	
  7.5900000000000000e+003	  2.0784887830241487e+003	 -5.4638559839827922e+003	
  7.6200000000000000e+003	  2.0778834861967230e+003	 -5.4647161619319222e+003	
  7.6500000000000000e+003	  2.0802334572821846e+003	 -5.4608757216278482e+003	
  7.6800000000000000e+003	  2.0882870006217590e+003	 -5.4420353019014992e+003	
  7.7100000000000000e+003	  2.0892246472264642e+003	 -5.4181904537947248e+003	
  7.7400000000000000e+003	  2.0781674409782295e+003	 -5.3926494716445268e+003	
  7.7700000000000000e+003	  2.0756873834036523e+003	 -5.3705100895210680e+003	
  7.8000000000000000e+003	  2.0778523332726741e+003	 -5.3628812539640821e+003	
  7.8300000000000000e+003	  2.0823492809219497e+003	 -5.3597344565600961e+003	
  7.8600000000000000e+003	  2.0820472246478812e+003	 -5.3594048838768886e+003	
  7.8900000000000000e+003	  2.0825480701362958e+003	 -5.3594101846654776e+003	
  7.9200000000000000e+003	  2.0831192436508209e+003	 -5.3594101846654776e+003	
  7.9500000000000000e+003	  2.0836904171653464e+003	 -5.3594101846654776e+003	
  7.9800000000000000e+003	  2.0842615906798715e+003	 -5.3594101846654776e+003	
  8.0100000000000000e+003	  2.0855017861871038e+003	 -5.3598581680782054e+003	
  8.0400000000000000e+003	  2.0900870916578720e+003	 -5.3625460685545677e+003	
  8.0700000000000000e+003	  2.0881118832532084e+003	 -5.3768612808826938e+003	
  8.1000000000000000e+003	  2.0964454551457011e+003	 -5.3930756563704226e+003	
  8.1300000000000000e+003	  2.0998899803491772e+003	 -5.3950873158406457e+003	
  8.1600000000000000e+003	  2.0911226831088311e+003	 -5.3806600324400106e+003	
  8.1900000000000000e+003	  2.1023011458997917e+003	 -5.3674667597789303e+003	
  8.2200000000000000e+003	  2.1000319565892141e+003	 -5.3704528409097866e+003	
  8.2500000000000000e+003	  2.1063768775894141e+003	 -5.3792246287626967e+003	
  8.2800000000000000e+003	  2.1063768775894141e+003	 -5.3792246287626967e+003	
  8.3100000000000000e+003	  2.1063768775894141e+003	 -5.3792246287626967e+003	
  8.3400000000000000e+003	  2.1063768775894141e+003	 -5.3792246287626967e+003	
  8.3700000000000000e+003	  2.1063768775894141e+003	 -5.3792246287626967e+003	
  8.4000000000000000e+003	  2.1063768775894141e+003	 -5.3792246287626967e+003	
  8.4300000000000000e+003	  2.1063768775894141e+003	 -5.3792246287626967e+003	
  8.4600000000000000e+003	  2.1063768775894141e+003	 -5.3792246287626967e+003	
  8.4900000000000000e+003	  2.1063768775894141e+003	 -5.3792246287626967e+003	
  8.5200000000000000e+003	  2.1063768775894141e+003	 -5.3792246287626967e+003	
  8.5500000000000000e+003	  2.1063768775894141e+003	 -5.3792246287626967e+003	
  8.5800000000000000e+003	  2.1063768775894141e+003	 -5.3792246287626967e+003	
  8.6100000000000000e+003	  2.1063768775894141e+003	 -5.3792246287626967e+003	
  8.6400000000000000e+003	  2.1063768775894141e+003	 -5.3792246287626967e+003	
  8.6700000000000000e+003	  2.1063768775894141e+003	 -5.3792246287626967e+003	
  8.7000000000000000e+003	  2.1063768775894141e+003	 -5.3792246287626967e+003	
  8.7300000000000000e+003	  2.1063768775894141e+003	 -5.3792246287626967e+003	
  8.7600000000000000e+003	  2.1063768775894141e+003	 -5.3792246287626967e+003	
  8.7900000000000000e+003	  2.0984053893634468e+003	 -5.3966169376511771e+003	
  8.8200000000000000e+003	  2.0816558468747658e+003	 -5.4331613329317106e+003	
  8.8500000000000000e+003	  2.0649063043860847e+003	 -5.4697057282122432e+003	
  8.8800000000000000e+003	  2.0481567618974041e+003	 -5.5062501234927768e+003	
  8.9100000000000000e+003	  2.0966050332653949e+003	 -5.4341994677018538e+003	
  8.9400000000000000e+003	  2.1088937091262201e+003	 -5.4241414081186749e+003	
  8.9700000000000000e+003	  2.1211823849870457e+003	 -5.4140833485354951e+003	
  9.0000000000000000e+003	  2.1334710608478713e+003	 -5.4040252889523163e+003	
  9.0300000000000000e+003	  2.1457597367086969e+003	 -5.3939672293691374e+003	
  9.0600000000000000e+003	  2.1580484125695225e+003	 -5.3839091697859576e+003	
  9.0900000000000000e+003	  2.1545512656891074e+003	 -5.3906902897549671e+003	
  9.1200000000000000e+003	  2.1545512656891074e+003	 -5.3906902897549671e+003	
  9.1500000000000000e+003	  2.1545512656891074e+003	 -5.3906902897549671e+003	
  9.1800000000000000e+003	  2.1545512656891074e+003	 -5.3906902897549671e+003	
  9.2100000000000000e+003	  2.1545512656891074e+003	 -5.3906902897549671e+003	
  9.2400000000000000e+003	  2.1545512656891074e+003	 -5.3906902897549671e+003	
  9.2700000000000000e+003	  2.1545512656891074e+003	 -5.3906902897549671e+003	
  9.3000000000000000e+003	  2.1545512656891074e+003	 -5.3906902897549671e+003	
  9.3300000000000000e+003	  2.1545512656891074e+003	 -5.3906902897549671e+003	
  9.3600000000000000e+003	  2.1545512656891074e+003	 -5.3906902897549671e+003	
  9.3900000000000000e+003	  2.1545512656891074e+003	 -5.3906902897549671e+003	
  9.4200000000000000e+003	  2.1545512656891074e+003	 -5.3906902897549671e+003	
  9.4500000000000000e+003	  2.1545512656891074e+003	 -5.3906902897549671e+003	
  9.4800000000000000e+003	  2.1545512656891074e+003	 -5.3906902897549671e+003	
  9.5100000000000000e+003	  2.1246722801810647e+003	 -5.3899166796040381e+003	
  9.5400000000000000e+003	  2.1101368281103478e+003	 -5.3480558414300940e+003	
  9.5700000000000000e+003	  2.1599366145721069e+003	 -5.4342894866630140e+003	
  9.6000000000000000e+003	  2.1154672179849308e+003	 -5.4044253833855500e+003	
  9.6300000000000000e+003	  2.1227633095844922e+003	 -5.3895705706968338e+003	
  9.6600000000000000e+003	  2.1373426289826220e+003	 -5.3881299963782121e+003	
  9.6900000000000000e+003	  2.1779674541425052e+003	 -5.4115546072434490e+003	
  9.7200000000000000e+003	  2.1771898900717952e+003	 -5.4198706490866953e+003	
  9.7500000000000000e+003	  2.1764123260010861e+003	 -5.4281866909299406e+003	
  9.7800000000000000e+003	  2.1756347619303765e+003	 -5.4365027327731859e+003	
  9.8100000000000000e+003	  2.1388847997990488e+003	 -5.3582970144534229e+003	
  9.8400000000000000e+003	  2.1388847997990488e+003	 -5.3582970144534229e+003	
  9.8700000000000000e+003	  2.1388847997990488e+003	 -5.3582970144534229e+003	
  9.9000000000000000e+003	  2.1388847997990488e+003	 -5.3582970144534229e+003	
  9.9300000000000000e+003	  2.1388847997990488e+003	 -5.3582970144534229e+003	
  9.9600000000000000e+003	  2.1388847997990488e+003	 -5.3582970144534229e+003	
  9.9900000000000000e+003	  2.1388847997990488e+003	 -5.3582970144534229e+003	
  1.0020000000000000e+004	  2.1388847997990488e+003	 -5.3582970144534229e+003	
  1.0050000000000000e+004	  2.1388847997990488e+003	 -5.3582970144534229e+003	
  1.0080000000000000e+004	  2.1388847997990488e+003	 -5.3582970144534229e+003	
  1.0110000000000000e+004	  2.1388847997990488e+003	 -5.3582970144534229e+003	
  1.0140000000000000e+004	  2.1388847997990488e+003	 -5.3582970144534229e+003	
  1.0170000000000000e+004	  2.1388847997990488e+003	 -5.3582970144534229e+003	
  1.0200000000000000e+004	  2.1388847997990488e+003	 -5.3582970144534229e+003	
  1.0230000000000000e+004	  2.1388847997990488e+003	 -5.3582970144534229e+003	
  1.0260000000000000e+004	  2.1388847997990488e+003	 -5.3582970144534229e+003	
  1.0290000000000000e+004	  2.1388847997990488e+003	 -5.3582970144534229e+003	
  1.0320000000000000e+004	  2.1388847997990488e+003	 -5.3582970144534229e+003	
  1.0350000000000000e+004	  2.1388847997990488e+003	 -5.3582970144534229e+003	
  1.0380000000000000e+004	  2.1388847997990488e+003	 -5.3582970144534229e+003	
  1.0410000000000000e+004	  2.1388847997990488e+003	 -5.3582970144534229e+003	
  1.0440000000000000e+004	  2.1388847997990488e+003	 -5.3582970144534229e+003	
  1.0470000000000000e+004	  2.1388847997990488e+003	 -5.3582970144534229e+003	
  1.0500000000000000e+004	  2.1388847997990488e+003	 -5.3582970144534229e+003	
  1.0530000000000000e+004	  2.1388847997990488e+003	 -5.3582970144534229e+003	
  1.0560000000000000e+004	  2.1388847997990488e+003	 -5.3582970144534229e+003	
  1.0590000000000000e+004	  2.1388847997990488e+003	 -5.3582970144534229e+003	
  1.0620000000000000e+004	  2.1388847997990488e+003	 -5.3582970144534229e+003	
  1.0650000000000000e+004	  2.1388847997990488e+003	 -5.3582970144534229e+003	
  1.0680000000000000e+004	  2.1388847997990488e+003	 -5.3582970144534229e+003	
  1.0710000000000000e+004	  2.1388847997990488e+003	 -5.3582970144534229e+003	
  1.0740000000000000e+004	  2.1388847997990488e+003	 -5.3582970144534229e+003	
  1.0770000000000000e+004	  2.1388847997990488e+003	 -5.3582970144534229e+003	
  1.0800000000000000e+004	  2.1388847997990488e+003	 -5.3582970144534229e+003	
  1.0830000000000000e+004	  2.1388847997990488e+003	 -5.3582970144534229e+003	
  1.0860000000000000e+004	  2.1388847997990488e+003	 -5.3582970144534229e+003	
  1.0890000000000000e+004	  2.1388847997990488e+003	 -5.3582970144534229e+003	
  1.0920000000000000e+004	  2.1388847997990488e+003	 -5.3582970144534229e+003	
  1.0950000000000000e+004	  2.1388847997990488e+003	 -5.3582970144534229e+003	
  1.0980000000000000e+004	  2.1388847997990488e+003	 -5.3582970144534229e+003	
  1.1010000000000000e+004	  2.1388847997990488e+003	 -5.3582970144534229e+003	
  1.1040000000000000e+004	  2.1388847997990488e+003	 -5.3582970144534229e+003	
  1.1070000000000000e+004	  2.1388847997990488e+003	 -5.3582970144534229e+003	
  1.1100000000000000e+004	  2.1388847997990488e+003	 -5.3582970144534229e+003	
  1.1130000000000000e+004	  2.1388847997990488e+003	 -5.3582970144534229e+003	
  1.1160000000000000e+004	  2.1388847997990488e+003	 -5.3582970144534229e+003	
  1.1190000000000000e+004	  2.1388847997990488e+003	 -5.3582970144534229e+003	
  1.1220000000000000e+004	  2.1388847997990488e+003	 -5.3582970144534229e+003	
  1.1250000000000000e+004	  2.1388847997990488e+003	 -5.3582970144534229e+003	
  1.1280000000000000e+004	  2.1388847997990488e+003	 -5.3582970144534229e+003	
  1.1310000000000000e+004	  2.1388847997990488e+003	 -5.3582970144534229e+003	
  1.1340000000000000e+004	  2.1388847997990488e+003	 -5.3582970144534229e+003	
  1.1370000000000000e+004	  2.1388847997990488e+003	 -5.3582970144534229e+003	
  1.1400000000000000e+004	  2.1388847997990488e+003	 -5.3582970144534229e+003	
  1.1430000000000000e+004	  2.1388847997990488e+003	 -5.3582970144534229e+003	
  1.1460000000000000e+004	  2.1388847997990488e+003	 -5.3582970144534229e+003	
  1.1490000000000000e+004	  2.1388847997990488e+003	 -5.3582970144534229e+003	
  1.1520000000000000e+004	  2.1388847997990488e+003	 -5.3582970144534229e+003	
  1.1550000000000000e+004	  2.1388847997990488e+003	 -5.3582970144534229e+003	
  1.1580000000000000e+004	  2.1388847997990488e+003	 -5.3582970144534229e+003	
  1.1610000000000000e+004	  2.1388847997990488e+003	 -5.3582970144534229e+003	
  1.1640000000000000e+004	  2.1388847997990488e+003	 -5.3582970144534229e+003	
  1.1670000000000000e+004	  2.1337404118111508e+003	 -5.3746489380826961e+003	
  1.1700000000000000e+004	  2.1206206897786346e+003	 -5.4085861513507552e+003	
  1.1730000000000000e+004	  2.1099461264105389e+003	 -5.4230014027800116e+003	
  1.1760000000000000e+004	  2.0965876653206797e+003	 -5.4338945761705354e+003	
  1.1790000000000000e+004	  2.0851851800316476e+003	 -5.4543239159447639e+003	
  1.1820000000000000e+004	  2.0913656884671664e+003	 -5.4756509254370994e+003	
  1.1850000000000000e+004	  2.1071357222636052e+003	 -5.4933803139020401e+003	
  1.1880000000000000e+004	  2.1032313420119353e+003	 -5.4804118720141805e+003	
  1.1910000000000000e+004	  2.1058360110007234e+003	 -5.4911707582446015e+003	
  1.1940000000000000e+004	  2.1173061034695083e+003	 -5.5098826324314932e+003	
  1.1970000000000000e+004	  2.1148510123558676e+003	 -5.5128355077797814e+003	
  1.2000000000000000e+004	  2.1263516243105128e+003	 -5.5154099679279634e+003	
  1.2030000000000000e+004	  2.1159048013653764e+003	 -5.5069053419775983e+003	
  1.2060000000000000e+004	  2.1099620881897908e+003	 -5.4942836954528739e+003	
  1.2090000000000000e+004	  2.1303750563830313e+003	 -5.5401183177527409e+003	
  1.2120000000000000e+004	  2.1200180403651707e+003	 -5.5252316524629623e+003	
  1.2150000000000000e+004	  2.1207137560804549e+003	 -5.5268135268318247e+003	
  1.2180000000000000e+004	  2.1214094717957387e+003	 -5.5283954012006880e+003	
  1.2210000000000000e+004	  2.1191904459849602e+003	 -5.5358882667988955e+003	
  1.2240000000000000e+004	  2.1192804268958844e+003	 -5.5182887257366447e+003	
  1.2270000000000000e+004	  2.1173345031446956e+003	 -5.5210426146880336e+003	
  1.2300000000000000e+004	  2.1098773536473350e+003	 -5.5206530034417692e+003	
  1.2330000000000000e+004	  2.1220066251186931e+003	 -5.5354025202173307e+003	
  1.2360000000000000e+004	  2.1293869999949516e+003	 -5.5426381301086085e+003	
  1.2390000000000000e+004	  2.1293869999949516e+003	 -5.5426381301086085e+003	
  1.2420000000000000e+004	  2.1293869999949516e+003	 -5.5426381301086085e+003	
  1.2450000000000000e+004	  2.1293869999949516e+003	 -5.5426381301086085e+003	
  1.2480000000000000e+004	  2.1293869999949516e+003	 -5.5426381301086085e+003	
  1.2510000000000000e+004	  2.1293869999949516e+003	 -5.5426381301086085e+003	
  1.2540000000000000e+004	  2.1293869999949516e+003	 -5.5426381301086085e+003	
  1.2570000000000000e+004	  2.1293869999949516e+003	 -5.5426381301086085e+003	
  1.2600000000000000e+004	  2.1293869999949516e+003	 -5.5426381301086085e+003	
  1.2630000000000000e+004	  2.1293869999949516e+003	 -5.5426381301086085e+003	
  1.2660000000000000e+004	  2.1293869999949516e+003	 -5.5426381301086085e+003	
  1.2690000000000000e+004	  2.1293869999949516e+003	 -5.5426381301086085e+003	
  1.2720000000000000e+004	  2.1121689503630796e+003	 -5.5308470808557995e+003	
  1.2750000000000000e+004	  2.1000123741856946e+003	 -5.5352912021744669e+003	
  1.2780000000000000e+004	  2.0720924904833332e+003	 -5.5263699323065684e+003	
  1.2810000000000000e+004	  2.0778651270096711e+003	 -5.5045746401466222e+003	
  1.2840000000000000e+004	  2.0702084234725016e+003	 -5.4915093309403755e+003	
  1.2870000000000000e+004	  2.0595445036584515e+003	 -5.4628368663059009e+003	
  1.2900000000000000e+004	  2.0342262638728344e+003	 -5.4544230401686782e+003	
  1.2930000000000000e+004	  2.0242103717112225e+003	 -5.4692332921325296e+003	
  1.2960000000000000e+004	  2.0321787414833088e+003	 -5.4889214463823355e+003	
  1.2990000000000000e+004	  2.0373465013178281e+003	 -5.5093543185672188e+003	
  1.3020000000000000e+004	  2.0335697615188594e+003	 -5.5060731142716968e+003	
  1.3050000000000000e+004	  2.0321276086983366e+003	 -5.5117420703565167e+003	
  1.3080000000000000e+004	  2.0328056719409215e+003	 -5.5153376120974672e+003	
  1.3110000000000000e+004	  2.0306053997899710e+003	 -5.5183110633155684e+003	
  1.3140000000000000e+004	  2.0333879187704977e+003	 -5.5214083693631401e+003	
  1.3170000000000000e+004	  2.0401534085450942e+003	 -5.5399665213824037e+003	
  1.3200000000000000e+004	  2.0528171380886151e+003	 -5.5491464705988701e+003	
  1.3230000000000000e+004	  2.0394027255326562e+003	 -5.5387420325064413e+003	
  1.3260000000000000e+004	  2.0395006403878842e+003	 -5.5125268555347966e+003	
  1.3290000000000000e+004	  2.0512287316700840e+003	 -5.4834050660476087e+003	
  1.3320000000000000e+004	  2.0727661182688844e+003	 -5.4617223178583299e+003	
  1.3350000000000000e+004	  2.0938001833445428e+003	 -5.4487978156808131e+003	
  1.3380000000000000e+004	  2.0976912956063488e+003	 -5.4485660572596271e+003	
  1.3410000000000000e+004	  2.1008695336024043e+003	 -5.4486755496888545e+003	
  1.3440000000000000e+004	  2.1002311198604461e+003	 -5.4499015133675566e+003	
  1.3470000000000000e+004	  2.0996269613790118e+003	 -5.4503278340708039e+003	
  1.3500000000000000e+004	  2.0999394582492955e+003	 -5.4489067641010342e+003	
  1.3530000000000000e+004	  2.0996688398162378e+003	 -5.4480110489990939e+003	
  1.3560000000000000e+004	  2.0992207515082505e+003	 -5.4472752245091042e+003	
  1.3590000000000000e+004	  2.0985595199535337e+003	 -5.4477057053769995e+003	
  1.3620000000000000e+004	  2.0982498957614280e+003	 -5.4469672672382521e+003	
  1.3650000000000000e+004	  2.0976045435268084e+003	 -5.4494733082403254e+003	
  1.3680000000000000e+004	  2.0970259522135407e+003	 -5.4509499468827980e+003	
  1.3710000000000000e+004	  2.0965363753469569e+003	 -5.4512467925269393e+003	
  1.3740000000000000e+004	  2.0960467984803731e+003	 -5.4515436381710806e+003	
  1.3770000000000000e+004	  2.0998050230036788e+003	 -5.4542785466275072e+003	
  1.3800000000000000e+004	  2.1078110489168744e+003	 -5.4594515178962174e+003	
  1.3830000000000000e+004	  2.1103219209445242e+003	 -5.4569526917272024e+003	
  1.3860000000000000e+004	  2.1042251847468797e+003	 -5.4518256413574027e+003	
  1.3890000000000000e+004	  2.1043598176198529e+003	 -5.4507755499256209e+003	
  1.3920000000000000e+004	  2.1097874242874541e+003	 -5.4529809956388153e+003	
  1.3950000000000000e+004	  2.1077157405572002e+003	 -5.4521021766859012e+003	
  1.3980000000000000e+004	  2.1056440568269454e+003	 -5.4512233577329871e+003	
  1.4010000000000000e+004	  2.1033066843793827e+003	 -5.4513407941472869e+003	
  1.4040000000000000e+004	  2.1002386679592205e+003	 -5.4541979328214311e+003	
  1.4070000000000000e+004	  2.0971706515390583e+003	 -5.4570550714955734e+003	
  1.4100000000000000e+004	  2.0954220995966248e+003	 -5.4584734985753848e+003	
  1.4130000000000000e+004	  2.0973020749679458e+003	 -5.4559354687707873e+003	
  1.4160000000000000e+004	  2.0991820503392669e+003	 -5.4533974389661907e+003	
  1.4190000000000000e+004	  2.1010620257105884e+003	 -5.4508594091615932e+003	
  1.4220000000000000e+004	  2.0995529253504469e+003	 -5.4510498460569788e+003	
  1.4250000000000000e+004	  2.0944507763333722e+003	 -5.4438553366017404e+003	
  1.4280000000000000e+004	  2.0911934581880018e+003	 -5.4318850387502462e+003	
  1.4310000000000000e+004	  2.0908409609730461e+003	 -5.4087545821064123e+003	
  1.4340000000000000e+004	  2.0727843529279062e+003	 -5.3873336508063712e+003	
  1.4370000000000000e+004	  2.0710809411695482e+003	 -5.3631012261650294e+003	
  1.4400000000000000e+004	  2.0730674992124059e+003	 -5.3482413686957461e+003	
  1.4430000000000000e+004	  2.0775255895548466e+003	 -5.3471768195535105e+003	
  1.4460000000000000e+004	  2.0811269344700090e+003	 -5.3442988884888282e+003	
  1.4490000000000000e+004	  2.0837158409185431e+003	 -5.3427174593671061e+003	
  1.4520000000000000e+004	  2.0826941136709534e+003	 -5.3441694220244672e+003	
  1.4550000000000000e+004	  2.0844927792525677e+003	 -5.3368128138897646e+003	
  1.4580000000000000e+004	  2.0909695958974257e+003	 -5.3165923902109571e+003	
  1.4610000000000000e+004	  2.0796894842001225e+003	 -5.3012408156922038e+003	
  1.4640000000000000e+004	  2.0726548027754015e+003	 -5.2953137995648058e+003	
  1.4670000000000000e+004	  2.0657609570965747e+003	 -5.2960662123697530e+003	
  1.4700000000000000e+004	  2.0641123813647137e+003	 -5.2947031456477034e+003	
  1.4730000000000000e+004	  2.0624638056328527e+003	 -5.2933400789256548e+003	
  1.4760000000000000e+004	  2.0608152299009917e+003	 -5.2919770122036052e+003	
  1.4790000000000000e+004	  2.0593310911766489e+003	 -5.2947408092438291e+003	
  1.4820000000000000e+004	  2.0670612550095179e+003	 -5.2972893843007432e+003	
  1.4850000000000000e+004	  2.0588599182238218e+003	 -5.2809316303102996e+003	
  1.4880000000000000e+004	  2.0343975173420204e+003	 -5.2639066616552664e+003	
  1.4910000000000000e+004	  2.0242747903615480e+003	 -5.2514325971816452e+003	
  1.4940000000000000e+004	  2.0372946620368325e+003	 -5.2282000641229733e+003	
  1.4970000000000000e+004	  2.0239697468491036e+003	 -5.2350689849899300e+003	
  1.5000000000000000e+004	  2.0016607791381196e+003	 -5.2451684814384180e+003	
  1.5030000000000000e+004	  1.9753940119656650e+003	 -5.2459939621685389e+003	
  1.5060000000000000e+004	  1.9646075795645531e+003	 -5.2634826739228929e+003	
  1.5090000000000000e+004	  1.9401948131729077e+003	 -5.2761895216205448e+003	
  1.5120000000000000e+004	  1.9296954828296257e+003	 -5.2848118248620367e+003	
  1.5150000000000000e+004	  1.9165188640472188e+003	 -5.2826904403088129e+003	
  1.5180000000000000e+004	  1.9043128693292201e+003	 -5.2771577088911799e+003	
  1.5210000000000000e+004	  1.9051726152633150e+003	 -5.2788681908211038e+003	
  1.5240000000000000e+004	  1.8958648272907378e+003	 -5.2862400638386043e+003	
  1.5270000000000000e+004	  1.8815253958052222e+003	 -5.3053271998301479e+003	
  1.5300000000000000e+004	  1.8836519205938721e+003	 -5.3358666187551880e+003	
  1.5330000000000000e+004	  1.8928500360843389e+003	 -5.3579023444927352e+003	
  1.5360000000000000e+004	  1.8745642313967885e+003	 -5.3675944116066121e+003	
  1.5390000000000000e+004	  1.8683724502787747e+003	 -5.3682002603150113e+003	
  1.5420000000000000e+004	  1.8693069604362800e+003	 -5.3729790287101614e+003	
  1.5450000000000000e+004	  1.8730444130318074e+003	 -5.3773878964606329e+003	
  1.5480000000000000e+004	  1.8930863881752564e+003	 -5.3862724962641369e+003	
  1.5510000000000000e+004	  1.8869045633715755e+003	 -5.3832818874078212e+003	
  1.5540000000000000e+004	  1.8807227385678948e+003	 -5.3802912785515055e+003	
  1.5570000000000000e+004	  1.8825940488341996e+003	 -5.3839785242508624e+003	
  1.5600000000000000e+004	  1.8743057960219899e+003	 -5.3772209212491643e+003	
  1.5630000000000000e+004	  1.8721212120860628e+003	 -5.3777934087313715e+003	
  1.5660000000000000e+004	  1.8804051016144278e+003	 -5.3912033166834572e+003	
  1.5690000000000000e+004	  1.8819926225123725e+003	 -5.3930315402593515e+003	
  1.5720000000000000e+004	  1.8846931928597880e+003	 -5.3962094640861078e+003	
  1.5750000000000000e+004	  1.8944923434526163e+003	 -5.3966761139397513e+003	
  1.5780000000000000e+004	  1.8971237767962605e+003	 -5.4012609617005710e+003	
  1.5810000000000000e+004	  1.8934914596006281e+003	 -5.3959025501920087e+003	
  1.5840000000000000e+004	  1.8957118351586223e+003	 -5.3968763405509289e+003	
  1.5870000000000000e+004	  1.8896900362751032e+003	 -5.3918702516388812e+003	
  1.5900000000000000e+004	  1.8900816990463502e+003	 -5.3859927085627751e+003	
  1.5930000000000000e+004	  1.8957607949079518e+003	 -5.3889092160632754e+003	
  1.5960000000000000e+004	  1.8917289816366665e+003	 -5.3906117133132502e+003	
  1.5990000000000000e+004	  1.8908247035322202e+003	 -5.3938071692085532e+003	
  1.6020000000000000e+004	  1.8876413466170488e+003	 -5.3911612458770060e+003	
  1.6050000000000000e+004	  1.8803362347752666e+003	 -5.3810515385718145e+003	
  1.6080000000000000e+004	  1.8772751765774640e+003	 -5.3822858488147604e+003	
  1.6110000000000000e+004	  1.8821882084127271e+003	 -5.3890290962193531e+003	
  1.6140000000000000e+004	  1.8830199709583851e+003	 -5.3859420398762586e+003	
  1.6170000000000000e+004	  1.8867171227874671e+003	 -5.3815661260341385e+003	
  1.6200000000000000e+004	  1.8856083626182426e+003	 -5.3849145222370853e+003	
  1.6230000000000000e+004	  1.8872701272455577e+003	 -5.3928848261468211e+003	
  1.6260000000000000e+004	  1.8868504914036835e+003	 -5.3963674622452718e+003	
  1.6290000000000000e+004	  1.8868504914036835e+003	 -5.3963674622452718e+003	
  1.6320000000000000e+004	  1.8868504914036835e+003	 -5.3963674622452718e+003	
  1.6350000000000000e+004	  1.8868504914036835e+003	 -5.3963674622452718e+003	
  1.6380000000000000e+004	  1.8868504914036835e+003	 -5.3963674622452718e+003	
  1.6410000000000000e+004	  1.8868504914036835e+003	 -5.3963674622452718e+003	
  1.6440000000000000e+004	  1.8868504914036835e+003	 -5.3963674622452718e+003	
  1.6470000000000000e+004	  1.8868504914036835e+003	 -5.3963674622452718e+003	
  1.6500000000000000e+004	  1.8868504914036835e+003	 -5.3963674622452718e+003	
  1.6530000000000000e+004	  1.8868504914036835e+003	 -5.3963674622452718e+003	
  1.6560000000000000e+004	  1.8868504914036835e+003	 -5.3963674622452718e+003	
  1.6590000000000000e+004	  1.8868504914036835e+003	 -5.3963674622452718e+003	
  1.6620000000000000e+004	  1.8868504914036835e+003	 -5.3963674622452718e+003	
  1.6650000000000000e+004	  1.8868504914036835e+003	 -5.3963674622452718e+003	
  1.6680000000000000e+004	  1.8868504914036835e+003	 -5.3963674622452718e+003	
  1.6710000000000000e+004	  1.8868504914036835e+003	 -5.3963674622452718e+003	
  1.6740000000000000e+004	  1.8868504914036835e+003	 -5.3963674622452718e+003	
  1.6770000000000000e+004	  1.8868504914036835e+003	 -5.3963674622452718e+003	
  1.6800000000000000e+004	  1.8868504914036835e+003	 -5.3963674622452718e+003	
  1.6830000000000000e+004	  1.8868504914036835e+003	 -5.3963674622452718e+003	
  1.6860000000000000e+004	  1.8868504914036835e+003	 -5.3963674622452718e+003	
  1.6890000000000000e+004	  1.8868504914036835e+003	 -5.3963674622452718e+003	
  1.6920000000000000e+004	  1.8868504914036835e+003	 -5.3963674622452718e+003	
  1.6950000000000000e+004	  1.8868504914036835e+003	 -5.3963674622452718e+003	
  1.6980000000000000e+004	  1.8868504914036835e+003	 -5.3963674622452718e+003	
  1.7010000000000000e+004	  1.8868504914036835e+003	 -5.3963674622452718e+003	
  1.7040000000000000e+004	  1.8868504914036835e+003	 -5.3963674622452718e+003	
  1.7070000000000000e+004	  1.8868504914036835e+003	 -5.3963674622452718e+003	
  1.7100000000000000e+004	  1.8868504914036835e+003	 -5.3963674622452718e+003	
  1.7130000000000000e+004	  1.8868504914036835e+003	 -5.3963674622452718e+003	
  1.7160000000000000e+004	  1.8868504914036835e+003	 -5.3963674622452718e+003	
  1.7190000000000000e+004	  1.8724165571763281e+003	 -5.3669336307456088e+003	
  1.7220000000000000e+004	  1.8710594025722419e+003	 -5.3511626003054380e+003	
  1.7250000000000000e+004	  1.8890980932213179e+003	 -5.3739421259888941e+003	
  1.7280000000000000e+004	  1.8871768756659885e+003	 -5.3949759978897882e+003	
  1.7310000000000000e+004	  1.8771160659828713e+003	 -5.4310056335814907e+003	
  1.7340000000000000e+004	  1.8724177559315947e+003	 -5.4596401019145642e+003	
  1.7370000000000000e+004	  1.8738900472920677e+003	 -5.4872932931322221e+003	
  1.7400000000000000e+004	  1.8809878028346363e+003	 -5.5138765749556469e+003	
  1.7430000000000000e+004	  1.8688487382078572e+003	 -5.5165175729797547e+003	
  1.7460000000000000e+004	  1.8643299406191979e+003	 -5.5178934164948287e+003	
  1.7490000000000000e+004	  1.8684423883216921e+003	 -5.5170491124705331e+003	
  1.7520000000000000e+004	  1.8990572785595480e+003	 -5.5364043728698953e+003	
  1.7550000000000000e+004	  1.9037987597950041e+003	 -5.5354632378856559e+003	
  1.7580000000000000e+004	  1.9067692851438715e+003	 -5.5329270393997022e+003	
  1.7610000000000000e+004	  1.9056502520547931e+003	 -5.5341780313098907e+003	
  1.7640000000000000e+004	  1.8967399474553422e+003	 -5.5538811584753948e+003	
  1.7670000000000000e+004	  1.9097627011249435e+003	 -5.5521000838319214e+003	
  1.7700000000000000e+004	  1.8866923189653451e+003	 -5.5470051861322136e+003	
  1.7730000000000000e+004	  1.8949121951088996e+003	 -5.5447531560914813e+003	
  1.7760000000000000e+004	  1.9061806279793229e+003	 -5.5707642514880608e+003	
  1.7790000000000000e+004	  1.9081470944778696e+003	 -5.5525360776002490e+003	
  1.7820000000000000e+004	  1.8873187802052150e+003	 -5.5556186732198203e+003	
  1.7850000000000000e+004	  1.8855946158976349e+003	 -5.5624428953775723e+003	
  1.7880000000000000e+004	  1.8550635834235457e+003	 -5.5998702997251166e+003	
  1.7910000000000000e+004	  1.8812174733128443e+003	 -5.5674356525044968e+003	
  1.7940000000000000e+004	  1.8849900959120380e+003	 -5.5513765235491010e+003	
  1.7970000000000000e+004	  1.8935651649261436e+003	 -5.5486624618633887e+003	
  1.8000000000000000e+004	  1.8979962525787316e+003	 -5.5334931481767253e+003	
  1.8030000000000000e+004	  1.9134399655079278e+003	 -5.5392120377231204e+003	
  1.8060000000000000e+004	  1.8929702046029890e+003	 -5.5467012050262229e+003	
  1.8090000000000000e+004	  1.8937861644434408e+003	 -5.5586677933325236e+003	
  1.8120000000000000e+004	  1.8797516219404376e+003	 -5.5570536955284269e+003	
  1.8150000000000000e+004	  1.8856755048303710e+003	 -5.5614507210255915e+003	
  1.8180000000000000e+004	  1.8850880112269272e+003	 -5.5807827902657236e+003	
  1.8210000000000000e+004	  1.8878262667254364e+003	 -5.5691239232047137e+003	
  1.8240000000000000e+004	  1.8820526332975778e+003	 -5.5804859453107301e+003	
  1.8270000000000000e+004	  1.8720512713400537e+003	 -5.5818058479148112e+003	
  1.8300000000000000e+004	  1.8644796948231674e+003	 -5.5723270564274790e+003	
  1.8330000000000000e+004	  1.8772458762525150e+003	 -5.5397540064640116e+003	
  1.8360000000000000e+004	  1.8923092745897925e+003	 -5.5614228914081395e+003	
  1.8390000000000000e+004	  1.8841306189704405e+003	 -5.5553282804882847e+003	
  1.8420000000000000e+004	  1.8835213656943615e+003	 -5.5532689146008051e+003	
  1.8450000000000000e+004	  1.8649689675404202e+003	 -5.5382909058327377e+003	
  1.8480000000000000e+004	  1.8316425075677143e+003	 -5.5380602147566060e+003	
  1.8510000000000000e+004	  1.8111640391656301e+003	 -5.5394173559713608e+003	
  1.8540000000000000e+004	  1.8017423996968546e+003	 -5.5388385072145456e+003	
  1.8570000000000000e+004	  1.8007828286247927e+003	 -5.5490484618260116e+003	
  1.8600000000000000e+004	  1.8150111656788304e+003	 -5.5542220671150590e+003	
  1.8630000000000000e+004	  1.8070387077951345e+003	 -5.5450610179004580e+003	
  1.8660000000000000e+004	  1.8130513268736947e+003	 -5.5406257269758025e+003	
  1.8690000000000000e+004	  1.8193956621950006e+003	 -5.5447835161927715e+003	
  1.8720000000000000e+004	  1.8195825907277231e+003	 -5.5531019384603978e+003	
  1.8750000000000000e+004	  1.8175782057167310e+003	 -5.5527745362532942e+003	
  1.8780000000000000e+004	  1.8172747624720685e+003	 -5.5544250630825018e+003	
  1.8810000000000000e+004	  1.8170144807500515e+003	 -5.5563695896264580e+003	
  1.8840000000000000e+004	  1.8154243114682556e+003	 -5.5537816842620532e+003	
  1.8870000000000000e+004	  1.8111743670669000e+003	 -5.5421289150809243e+003	
  1.8900000000000000e+004	  1.8147975787391788e+003	 -5.5428096690716593e+003	
  1.8930000000000000e+004	  1.8208169683469116e+003	 -5.5472441040277436e+003	
  1.8960000000000000e+004	  1.8277727432442421e+003	 -5.5541145644900780e+003	
  1.8990000000000000e+004	  1.8239643069237634e+003	 -5.5509219781111733e+003	
  1.9020000000000000e+004	  1.7982370291790942e+003	 -5.5487605712835129e+003	
  1.9050000000000000e+004	  1.8224116466648914e+003	 -5.5402408378950304e+003	
  1.9080000000000000e+004	  1.8081976981458401e+003	 -5.5393492165323141e+003	
  1.9110000000000000e+004	  1.7956177911395753e+003	 -5.5520722556993860e+003	
  1.9140000000000000e+004	  1.7906218337680746e+003	 -5.5572321475485178e+003	
  1.9170000000000000e+004	  1.7879569187932120e+003	 -5.5692130805084016e+003	
  1.9200000000000000e+004	  1.7852920038183490e+003	 -5.5811940134682864e+003	
  1.9230000000000000e+004	  1.7661774573635209e+003	 -5.5771229963506985e+003	
  1.9260000000000000e+004	  1.7546777188800074e+003	 -5.5772429072937603e+003	
  1.9290000000000000e+004	  1.7598672358658757e+003	 -5.5771872488072340e+003	
  1.9320000000000000e+004	  1.7599299870802620e+003	 -5.5747836369991983e+003	
  1.9350000000000000e+004	  1.7576347643071847e+003	 -5.5554767037506581e+003	
  1.9380000000000000e+004	  1.7638687152910754e+003	 -5.5758106264158605e+003	
  1.9410000000000000e+004	  1.7668061776961360e+003	 -5.5817263358168721e+003	
  1.9440000000000000e+004	  1.7615546472902338e+003	 -5.5773542241743107e+003	
  1.9470000000000000e+004	  1.7494620918275866e+003	 -5.5711204667815882e+003	
  1.9500000000000000e+004	  1.7497144929697884e+003	 -5.5770598521271613e+003	
  1.9530000000000000e+004	  1.7611101966225760e+003	 -5.5815031525575305e+003	
  1.9560000000000000e+004	  1.7597562649074855e+003	 -5.5820443845920008e+003	
  1.9590000000000000e+004	  1.7404050864205692e+003	 -5.5318872430275424e+003	
  1.9620000000000000e+004	  1.7382504778791140e+003	 -5.4684301050355043e+003	
  1.9650000000000000e+004	  1.7373196455905147e+003	 -5.4081670742145798e+003	
  1.9680000000000000e+004	  1.7334231350941297e+003	 -5.3608642645711188e+003	
  1.9710000000000000e+004	  1.7493772298853878e+003	 -5.3817570929286276e+003	
  1.9740000000000000e+004	  1.7428952299138334e+003	 -5.3941188559647653e+003	
  1.9770000000000000e+004	  1.7474888629267687e+003	 -5.4582279645508679e+003	
  1.9800000000000000e+004	  1.7427516195397502e+003	 -5.5040482027208927e+003	
  1.9830000000000000e+004	  1.7278358351502302e+003	 -5.5723226911009833e+003	
  1.9860000000000000e+004	  1.7307488181306844e+003	 -5.6249014685218990e+003	
  1.9890000000000000e+004	  1.7384694524602121e+003	 -5.6338290993253640e+003	
  1.9920000000000000e+004	  1.7429858019954590e+003	 -5.6388801128942850e+003	
  1.9950000000000000e+004	  1.7475021515307058e+003	 -5.6439311264632061e+003	
  1.9980000000000000e+004	  1.7473101271131522e+003	 -5.6870906207434182e+003	
  2.0010000000000000e+004	  1.7475859538347040e+003	 -5.7156249040343819e+003	
  2.0040000000000000e+004	  1.7089114550509469e+003	 -5.7033294245746711e+003	
  2.0070000000000000e+004	  1.6940248880106058e+003	 -5.7040935950731719e+003	
  2.0100000000000000e+004	  1.6872461264296710e+003	 -5.6954451116937462e+003	
  2.0130000000000000e+004	  1.6901943479554482e+003	 -5.7028711443693883e+003	
  2.0160000000000000e+004	  1.6882841236467266e+003	 -5.6925753070053943e+003	
  2.0190000000000000e+004	  1.6882780040125836e+003	 -5.6966453384821307e+003	
  2.0220000000000000e+004	  1.6626330636363075e+003	 -5.7020442177497316e+003	
  2.0250000000000000e+004	  1.6964723031605913e+003	 -5.7317380545399665e+003	
  2.0280000000000000e+004	  1.7309234367080978e+003	 -5.7374133713774190e+003	
  2.0310000000000000e+004	  1.7499367461149038e+003	 -5.7096932923359500e+003	
  2.0340000000000000e+004	  1.7560844368426503e+003	 -5.6582409390118291e+003	
  2.0370000000000000e+004	  1.7448731213143506e+003	 -5.6150684573397402e+003	
  2.0400000000000000e+004	  1.7338086750208288e+003	 -5.5775917001015359e+003	
  2.0430000000000000e+004	  1.7712793652217392e+003	 -5.5974764495183890e+003	
  2.0460000000000000e+004	  1.8112304042742992e+003	 -5.6258476630764180e+003	
  2.0490000000000000e+004	  1.8496829476578737e+003	 -5.6132917489151714e+003	
  2.0520000000000000e+004	  1.8896084414489917e+003	 -5.6067335896148788e+003	
  2.0550000000000000e+004	  1.9270937295599886e+003	 -5.6073133670597708e+003	
  2.0580000000000000e+004	  1.8984632593321435e+003	 -5.5938217341100344e+003	
  2.0610000000000000e+004	  1.8500902408911334e+003	 -5.5954872493635612e+003	
  2.0640000000000000e+004	  1.8382061062452003e+003	 -5.5967234001042270e+003	
  2.0670000000000000e+004	  1.8614903940373099e+003	 -5.5967939004759673e+003	
  2.0700000000000000e+004	  1.8838640688371738e+003	 -5.5921742409073695e+003	
  2.0730000000000000e+004	  1.9224917064902427e+003	 -5.5927753517084248e+003	
  2.0760000000000000e+004	  1.9166469069614927e+003	 -5.6251926047711859e+003	
  2.0790000000000000e+004	  1.8940505376219758e+003	 -5.6570721097018859e+003	
  2.0820000000000000e+004	  1.9149032595107406e+003	 -5.6672576242087307e+003	
  2.0850000000000000e+004	  1.9088547548668198e+003	 -5.7051104981815333e+003	
  2.0880000000000000e+004	  1.8712601779685501e+003	 -5.7263855568179224e+003	
  2.0910000000000000e+004	  1.8388869945453375e+003	 -5.7520341584888765e+003	
  2.0940000000000000e+004	  1.8235563265944731e+003	 -5.7433985205388917e+003	
  2.0970000000000000e+004	  1.8264774696867389e+003	 -5.7335191277616896e+003	
  2.1000000000000000e+004	  1.8300595422236420e+003	 -5.7306527130235118e+003	
  2.1030000000000000e+004	  1.8366688341931294e+003	 -5.7329486278834302e+003	
  2.1060000000000000e+004	  1.8367177921713972e+003	 -5.7343880196026430e+003	
  2.1090000000000000e+004	  1.8362981548645776e+003	 -5.7357662310975211e+003	
  2.1120000000000000e+004	  1.8347594831576823e+003	 -5.7351396477912140e+003	
  2.1150000000000000e+004	  1.8329970045707723e+003	 -5.7341121055246704e+003	
  2.1180000000000000e+004	  1.8253425727467857e+003	 -5.7341567814123127e+003	
  2.1210000000000000e+004	  1.8288920885051903e+003	 -5.7309781011636105e+003	
  2.1240000000000000e+004	  1.8297841540279696e+003	 -5.7288507670537629e+003	
  2.1270000000000000e+004	  1.8339123987499820e+003	 -5.7291434598479109e+003	
  2.1300000000000000e+004	  1.8411319763898005e+003	 -5.7307117790447119e+003	
  2.1330000000000000e+004	  1.8284829029083435e+003	 -5.7324156125999170e+003	
  2.1360000000000000e+004	  1.8238230828657113e+003	 -5.7340949799349200e+003	
  2.1390000000000000e+004	  1.8272124624833964e+003	 -5.7322967803269294e+003	
  2.1420000000000000e+004	  1.8284959550233334e+003	 -5.7406782090912739e+003	
  2.1450000000000000e+004	  1.8125816381113214e+003	 -5.7393354462397110e+003	
  2.1480000000000000e+004	  1.8211002798692016e+003	 -5.7379161526694397e+003	
  2.1510000000000000e+004	  1.8464716734955509e+003	 -5.7358383763583079e+003	
  2.1540000000000000e+004	  1.8516687236892849e+003	 -5.7359411306985421e+003	
  2.1570000000000000e+004	  1.8495603789398895e+003	 -5.7292011377684858e+003	
  2.1600000000000000e+004	  1.8432561787453280e+003	 -5.7275454303919723e+003	
  2.1630000000000000e+004	  1.8393564438569131e+003	 -5.7333607887854505e+003	
  2.1660000000000000e+004	  1.8482106121828481e+003	 -5.7351053963034938e+003	
  2.1690000000000000e+004	  1.8363555030040413e+003	 -5.7352723719427468e+003	
  2.1720000000000000e+004	  1.8325707835747678e+003	 -5.7254862893496547e+003	
  2.1750000000000000e+004	  1.8359498696726193e+003	 -5.7250931114345494e+003	
  2.1780000000000000e+004	  1.8452243309789292e+003	 -5.7286202374442328e+003	
  2.1810000000000000e+004	  1.8544987922852390e+003	 -5.7321473634539161e+003	
  2.1840000000000000e+004	  1.8613812882432453e+003	 -5.7353184892210338e+003	
  2.1870000000000000e+004	  1.8347762693250061e+003	 -5.7335056115922389e+003	
  2.1900000000000000e+004	  1.8465220699967697e+003	 -5.7345424753154302e+003	
  2.1930000000000000e+004	  1.8498416418728543e+003	 -5.7343524219024121e+003	
  2.1960000000000000e+004	  1.8531612137489392e+003	 -5.7341623684893930e+003	
  2.1990000000000000e+004	  1.8564807856250243e+003	 -5.7339723150763748e+003	
  2.2020000000000000e+004	  1.8598003575011094e+003	 -5.7337822616633566e+003	
  2.2050000000000000e+004	  1.8513977982819135e+003	 -5.7328773931415590e+003	
  2.2080000000000000e+004	  1.8479342215580557e+003	 -5.7334256710431664e+003	
  2.2110000000000000e+004	  1.8444706448341974e+003	 -5.7339739489447747e+003	
  2.2140000000000000e+004	  1.8382217692645017e+003	 -5.7345087368516488e+003	
  2.2170000000000000e+004	  1.8362037323306131e+003	 -5.7352658244485956e+003	
  2.2200000000000000e+004	  1.8442817567184463e+003	 -5.7365426967242511e+003	
  2.2230000000000000e+004	  1.8520520075524685e+003	 -5.7377695020732990e+003	
  2.2260000000000000e+004	  1.8508968253259709e+003	 -5.7375443665507091e+003	
  2.2290000000000000e+004	  1.8497416430994733e+003	 -5.7373192310281192e+003	
  2.2320000000000000e+004	  1.8492456728978927e+003	 -5.7371091045403700e+003	
  2.2350000000000000e+004	  1.8579786710451456e+003	 -5.7371091045403691e+003	
  2.2380000000000000e+004	  1.8601702479465398e+003	 -5.7372453316114188e+003	
  2.2410000000000000e+004	  1.8610535405987623e+003	 -5.7374088040966790e+003	
  2.2440000000000000e+004	  1.8619368332509853e+003	 -5.7375722765819382e+003	
  2.2470000000000000e+004	  1.8628201259032076e+003	 -5.7377357490671993e+003	
  2.2500000000000000e+004	  1.8639349781789194e+003	 -5.7379583656109908e+003	
  2.2530000000000000e+004	  1.8682916651834767e+003	 -5.7390089989742310e+003	
  2.2560000000000000e+004	  1.8726483521880343e+003	 -5.7400596323374721e+003	
  2.2590000000000000e+004	  1.8765341206651640e+003	 -5.7408983380299605e+003	
  2.2620000000000000e+004	  1.8753686160138072e+003	 -5.7406302401963640e+003	
  2.2650000000000000e+004	  1.8719673438129519e+003	 -5.7425636425171006e+003	
  2.2680000000000000e+004	  1.8677689702561961e+003	 -5.7423887156823175e+003	
  2.2710000000000000e+004	  1.8621937852665212e+003	 -5.7385721293970928e+003	
  2.2740000000000000e+004	  1.8566186002768463e+003	 -5.7347555431118653e+003	
  2.2770000000000000e+004	  1.8516147031752257e+003	 -5.7314119302593863e+003	
  2.2800000000000000e+004	  1.8517523970660932e+003	 -5.7323250783016265e+003	
  2.2830000000000000e+004	  1.8518900909569604e+003	 -5.7332382263438685e+003	
  2.2860000000000000e+004	  1.8520277848478279e+003	 -5.7341513743861096e+003	
  2.2890000000000000e+004	  1.8521654787386954e+003	 -5.7350645224283498e+003	
  2.2920000000000000e+004	  1.8529227934368289e+003	 -5.7361907383997168e+003	
  2.2950000000000000e+004	  1.8538040322964159e+003	 -5.7373595679569080e+003	
  2.2980000000000000e+004	  1.8551663339787299e+003	 -5.7382851937616915e+003	
  2.3010000000000000e+004	  1.8589339497746810e+003	 -5.7379948008044348e+003	
  2.3040000000000000e+004	  1.8603154088998629e+003	 -5.7378883233867746e+003	
  2.3070000000000000e+004	  1.8603154088998629e+003	 -5.7378883233867746e+003	
  2.3100000000000000e+004	  1.8603154088998629e+003	 -5.7378883233867746e+003	
  2.3130000000000000e+004	  1.8603154088998629e+003	 -5.7378883233867746e+003	
  2.3160000000000000e+004	  1.8603154088998629e+003	 -5.7378883233867746e+003	
  2.3190000000000000e+004	  1.8603154088998629e+003	 -5.7378883233867746e+003	
  2.3220000000000000e+004	  1.8603154088998629e+003	 -5.7378883233867746e+003	
  2.3250000000000000e+004	  1.8603154088998629e+003	 -5.7378883233867746e+003	
  2.3280000000000000e+004	  1.8603154088998629e+003	 -5.7378883233867746e+003	
  2.3310000000000000e+004	  1.8603154088998629e+003	 -5.7378883233867746e+003	
  2.3340000000000000e+004	  1.8603154088998629e+003	 -5.7378883233867746e+003	
  2.3370000000000000e+004	  1.8689646040961513e+003	 -5.7430036098764676e+003	
  2.3400000000000000e+004	  1.8688247250034090e+003	 -5.7432307877190569e+003	
  2.3430000000000000e+004	  1.8686848459106666e+003	 -5.7434579655616462e+003	
  2.3460000000000000e+004	  1.8685449668179247e+003	 -5.7436851434042355e+003	
  2.3490000000000000e+004	  1.8684050877251825e+003	 -5.7439123212468248e+003	
  2.3520000000000000e+004	  1.8693170267053399e+003	 -5.7466048284828585e+003	
  2.3550000000000000e+004	  1.8710332971530092e+003	 -5.7511825876079974e+003	
  2.3580000000000000e+004	  1.8727495676006781e+003	 -5.7557603467331373e+003	
  2.3610000000000000e+004	  1.8713798508542077e+003	 -5.7519011824993540e+003	
  2.3640000000000000e+004	  1.8641620860798521e+003	 -5.7503876447409184e+003	
  2.3670000000000000e+004	  1.8654809489012009e+003	 -5.7514099446795117e+003	
  2.3700000000000000e+004	  1.8622151827746200e+003	 -5.7479201729975493e+003	
  2.3730000000000000e+004	  1.8580324908584532e+003	 -5.7435279869914739e+003	
  2.3760000000000000e+004	  1.8538497989422865e+003	 -5.7391358009853984e+003	
  2.3790000000000000e+004	  1.8516159324335711e+003	 -5.7367962125024151e+003	
  2.3820000000000000e+004	  1.8499751867010359e+003	 -5.7350813276134159e+003	
  2.3850000000000000e+004	  1.8483344409685012e+003	 -5.7333664427244166e+003	
  2.3880000000000000e+004	  1.8466956874401692e+003	 -5.7316940660276523e+003	
  2.3910000000000000e+004	  1.8450406046553965e+003	 -5.7309000840712242e+003	
  2.3940000000000000e+004	  1.8430909967343614e+003	 -5.7374504765100755e+003	
  2.3970000000000000e+004	  1.8475624671581479e+003	 -5.7383410132726667e+003	
  2.4000000000000000e+004	  1.8520339375819344e+003	 -5.7392315500352570e+003	
  2.4030000000000000e+004	  1.8568753112462364e+003	 -5.7392018658445413e+003	
  2.4060000000000000e+004	  1.8582735836820764e+003	 -5.7386151597372655e+003	
  2.4090000000000000e+004	  1.8553642949356251e+003	 -5.7422877700859453e+003	
  2.4120000000000000e+004	  1.8514221341293614e+003	 -5.7454143270420991e+003	
  2.4150000000000000e+004	  1.8488527764276027e+003	 -5.7516100121786158e+003	
  2.4180000000000000e+004	  1.8490205764236007e+003	 -5.7585212760047461e+003	
  2.4210000000000000e+004	  1.8708389878799605e+003	 -5.7524284571312674e+003	
  2.4240000000000000e+004	  1.8956543650263272e+003	 -5.7410923201857295e+003	
  2.4270000000000000e+004	  1.9188590405099735e+003	 -5.7246081937368563e+003	
  2.4300000000000000e+004	  1.9297007275251831e+003	 -5.6950312402769532e+003	
  2.4330000000000000e+004	  1.9359844494225836e+003	 -5.6647418576927530e+003	
  2.4360000000000000e+004	  1.9300311915432019e+003	 -5.6515062549182667e+003	
  2.4390000000000000e+004	  1.9295416141851608e+003	 -5.6377655500013516e+003	
  2.4420000000000000e+004	  1.9420160410972437e+003	 -5.6213170571345590e+003	
  2.4450000000000000e+004	  1.9572160763886218e+003	 -5.5989949427935226e+003	
  2.4480000000000000e+004	  1.9822879023392811e+003	 -5.5925681322068394e+003	
  2.4510000000000000e+004	  2.0161967676368736e+003	 -5.6021142025926401e+003	
  2.4540000000000000e+004	  2.0387057959968781e+003	 -5.6016820304349303e+003	
  2.4570000000000000e+004	  2.0619092838720185e+003	 -5.5850181417691510e+003	
  2.4600000000000000e+004	  2.0701481691015233e+003	 -5.5708458844442957e+003	
  2.4630000000000000e+004	  2.0610490288054129e+003	 -5.5744986750602684e+003	
  2.4660000000000000e+004	  2.0431235115545555e+003	 -5.5709126739753910e+003	
  2.4690000000000000e+004	  2.0431235115545555e+003	 -5.5709126739753910e+003	
  2.4720000000000000e+004	  2.0431235115545555e+003	 -5.5709126739753910e+003	
  2.4750000000000000e+004	  2.0431235115545555e+003	 -5.5709126739753910e+003	
  2.4780000000000000e+004	  2.0431235115545555e+003	 -5.5709126739753910e+003	
  2.4810000000000000e+004	  2.0431235115545555e+003	 -5.5709126739753910e+003	
  2.4840000000000000e+004	  2.0431235115545555e+003	 -5.5709126739753910e+003	
  2.4870000000000000e+004	  2.0431235115545555e+003	 -5.5709126739753910e+003	
  2.4900000000000000e+004	  2.0431235115545555e+003	 -5.5709126739753910e+003	
  2.4930000000000000e+004	  2.0431235115545555e+003	 -5.5709126739753910e+003	
  2.4960000000000000e+004	  2.0316347676239741e+003	 -5.5605601843639424e+003	
  2.4990000000000000e+004	  2.0461980548639610e+003	 -5.5256400103097294e+003	
  2.5020000000000000e+004	  2.0422653099491911e+003	 -5.5344334065608236e+003	
  2.5050000000000000e+004	  2.0430968053965732e+003	 -5.5286526560433713e+003	
  2.5080000000000000e+004	  2.0440373876384422e+003	 -5.5055695370362873e+003	
  2.5110000000000000e+004	  2.0546775302729352e+003	 -5.4912838425332466e+003	
  2.5140000000000000e+004	  2.0722631424283977e+003	 -5.4660964935819075e+003	
  2.5170000000000000e+004	  2.0939905734765352e+003	 -5.4521744348905549e+003	
  2.5200000000000000e+004	  2.1185485170602583e+003	 -5.4409628048407303e+003	
  2.5230000000000000e+004	  2.1387689533624193e+003	 -5.4452874082066201e+003	
  2.5260000000000000e+004	  2.1366589452547291e+003	 -5.4411012582099775e+003	
  2.5290000000000000e+004	  2.1345489371470380e+003	 -5.4369151082133340e+003	
  2.5320000000000000e+004	  2.1338550363088566e+003	 -5.4385800777451341e+003	
  2.5350000000000000e+004	  2.1273503597455338e+003	 -5.4296067468781375e+003	
  2.5380000000000000e+004	  2.1318593670317046e+003	 -5.4332690804758631e+003	
  2.5410000000000000e+004	  2.1463698888540594e+003	 -5.4300841747665127e+003	
  2.5440000000000000e+004	  2.1406472768596936e+003	 -5.4219219957516189e+003	
  2.5470000000000000e+004	  2.1316730271641441e+003	 -5.4253848759781577e+003	
  2.5500000000000000e+004	  2.1301743203561236e+003	 -5.4429002815039712e+003	
  2.5530000000000000e+004	  2.1374160672525632e+003	 -5.4521980477812704e+003	
  2.5560000000000000e+004	  2.1308557323876489e+003	 -5.4508850116652293e+003	
  2.5590000000000000e+004	  2.1343806876399040e+003	 -5.4369982038119251e+003	
  2.5620000000000000e+004	  2.1564116592902778e+003	 -5.4442338153408127e+003	
  2.5650000000000000e+004	  2.1140649261474723e+003	 -5.4394241477914757e+003	
  2.5680000000000000e+004	  2.1205990911095364e+003	 -5.4135381238949221e+003	
  2.5710000000000000e+004	  2.1318867257527609e+003	 -5.4388447577196312e+003	
  2.5740000000000000e+004	  2.1463018925177698e+003	 -5.4485195229772062e+003	
  2.5770000000000000e+004	  2.1356349391883464e+003	 -5.4557789883364094e+003	
  2.5800000000000000e+004	  2.1382973037845577e+003	 -5.4604225018816733e+003	
  2.5830000000000000e+004	  2.1493225833607821e+003	 -5.4533247106644094e+003	
  2.5860000000000000e+004	  2.1404514444195820e+003	 -5.4047162448069539e+003	
  2.5890000000000000e+004	  2.1396354827087794e+003	 -5.4027774715712603e+003	
  2.5920000000000000e+004	  2.1368089907794974e+003	 -5.4279963599202474e+003	
  2.5950000000000000e+004	  2.1312963520444318e+003	 -5.4485195227168842e+003	
  2.5980000000000000e+004	  2.1130529277588403e+003	 -5.4570656404895426e+003	
  2.6010000000000000e+004	  2.1143598638352296e+003	 -5.4528117799469092e+003	
  2.6040000000000000e+004	  2.1162240978184145e+003	 -5.4445066513379525e+003	
  2.6070000000000000e+004	  2.1168000702728659e+003	 -5.4492867382117684e+003	
  2.6100000000000000e+004	  2.1107035152255221e+003	 -5.4463905841980577e+003	
  2.6130000000000000e+004	  2.1044455795773492e+003	 -5.4390134268676284e+003	
  2.6160000000000000e+004	  2.1022644279752894e+003	 -5.4389767746215648e+003	
  2.6190000000000000e+004	  2.1012515093363127e+003	 -5.4470896738887905e+003	
  2.6220000000000000e+004	  2.1065633813026652e+003	 -5.4330968045423506e+003	
  2.6250000000000000e+004	  2.1194975449912590e+003	 -5.4418661855583487e+003	
  2.6280000000000000e+004	  2.1223126112342488e+003	 -5.4464740714513782e+003	
  2.6310000000000000e+004	  2.1130351265255572e+003	 -5.4600408432493095e+003	
  2.6340000000000000e+004	  2.1149845324646421e+003	 -5.4527849926455356e+003	
  2.6370000000000000e+004	  2.1139163646637962e+003	 -5.4648274784450568e+003	
  2.6400000000000000e+004	  2.1077238753003162e+003	 -5.4696111046790120e+003	
  2.6430000000000000e+004	  2.1136142257704114e+003	 -5.4620954385985342e+003	
  2.6460000000000000e+004	  2.1119936621087209e+003	 -5.4569543241448673e+003	
  2.6490000000000000e+004	  2.1103201974468680e+003	 -5.4543569250254841e+003	
  2.6520000000000000e+004	  2.1077896550862561e+003	 -5.4550188519521589e+003	
  2.6550000000000000e+004	  2.1084191121167696e+003	 -5.4498187532254424e+003	
  2.6580000000000000e+004	  2.1090485691472836e+003	 -5.4446186544987258e+003	
  2.6610000000000000e+004	  2.1116398302594539e+003	 -5.4474156296507899e+003	
  2.6640000000000000e+004	  2.1121023518072898e+003	 -5.4526939141917564e+003	
  2.6670000000000000e+004	  2.1127196205307318e+003	 -5.4492554531175610e+003	
  2.6700000000000000e+004	  2.1157463698880565e+003	 -5.4380768273351114e+003	
  2.6730000000000000e+004	  2.1046767074945533e+003	 -5.4335473739656245e+003	
  2.6760000000000000e+004	  2.1074539457038445e+003	 -5.4358850326991833e+003	
  2.6790000000000000e+004	  2.1142672270237440e+003	 -5.4290761369326565e+003	
  2.6820000000000000e+004	  2.1208983327541100e+003	 -5.4295467735181228e+003	
  2.6850000000000000e+004	  2.1249148651632381e+003	 -5.4384748584877480e+003	
  2.6880000000000000e+004	  2.1194853036780637e+003	 -5.4429954123199632e+003	
  2.6910000000000000e+004	  2.1173735325936377e+003	 -5.4683553743314051e+003	
  2.6940000000000000e+004	  2.1100323861966126e+003	 -5.4478887259124458e+003	
  2.6970000000000000e+004	  2.1148759367956986e+003	 -5.4610204342263405e+003	
  2.7000000000000000e+004	  2.1089593955726523e+003	 -5.4613488191727947e+003	
  2.7030000000000000e+004	  2.1072189491075324e+003	 -5.4591503055409094e+003	
  2.7060000000000000e+004	  2.1017161021162019e+003	 -5.4649332296418179e+003	
  2.7090000000000000e+004	  2.1043245678961730e+003	 -5.4564297162488556e+003	
  2.7120000000000000e+004	  2.1022218566994584e+003	 -5.4384695251606308e+003	
  2.7150000000000000e+004	  2.1114173916109917e+003	 -5.4432610002162737e+003	
  2.7180000000000000e+004	  2.1191238649955858e+003	 -5.4483434603869910e+003	
  2.7210000000000000e+004	  2.1134287846377260e+003	 -5.4560447865933766e+003	
  2.7240000000000000e+004	  2.1108197873364420e+003	 -5.4632690392565510e+003	
  2.7270000000000000e+004	  2.1085049039352230e+003	 -5.4525974401001595e+003	
  2.7300000000000000e+004	  2.1180344077252466e+003	 -5.4519083339771496e+003	
  2.7330000000000000e+004	  2.1311250012744717e+003	 -5.4505974428936543e+003	
  2.7360000000000000e+004	  2.1246217848542501e+003	 -5.4518033770058555e+003	
  2.7390000000000000e+004	  2.1182736016093309e+003	 -5.4534731335356191e+003	
  2.7420000000000000e+004	  2.1170140523491782e+003	 -5.4493240417824354e+003	
  2.7450000000000000e+004	  2.1233652026453196e+003	 -5.4462514371344660e+003	
  2.7480000000000000e+004	  2.1189590085447339e+003	 -5.4500083884193091e+003	
  2.7510000000000000e+004	  2.1157893917171014e+003	 -5.4552709643151902e+003	
  2.7540000000000000e+004	  2.1126624154850874e+003	 -5.4605854583011078e+003	
  2.7570000000000000e+004	  2.1095354392530735e+003	 -5.4658999522870263e+003	
  2.7600000000000000e+004	  2.1044128080826895e+003	 -5.4558926443633854e+003	
  2.7630000000000000e+004	  2.1048369343073418e+003	 -5.4588669545677667e+003	
  2.7660000000000000e+004	  2.1037331601069659e+003	 -5.4483896530735283e+003	
  2.7690000000000000e+004	  2.0895782592800824e+003	 -5.4395932833588358e+003	
  2.7720000000000000e+004	  2.0904411396537007e+003	 -5.4183804192429561e+003	
  2.7750000000000000e+004	  2.0839768389760507e+003	 -5.3951258485956241e+003	
  2.7780000000000000e+004	  2.0739342315266495e+003	 -5.3703192610715978e+003	
  2.7810000000000000e+004	  2.0727458078938935e+003	 -5.3494178384728611e+003	
  2.7840000000000000e+004	  2.0790351570029043e+003	 -5.3218857199695676e+003	
  2.7870000000000000e+004	  2.0703439998729341e+003	 -5.2947349498292933e+003	
  2.7900000000000000e+004	  2.0517343094289017e+003	 -5.2751955255996436e+003	
  2.7930000000000000e+004	  2.0344286197647987e+003	 -5.2565977117206166e+003	
  2.7960000000000000e+004	  2.0212100367192247e+003	 -5.2450652595457304e+003	
  2.7990000000000000e+004	  2.0095207160558157e+003	 -5.2516248734983656e+003	
  2.8020000000000000e+004	  2.0035656768308384e+003	 -5.2566645019484858e+003	
  2.8050000000000000e+004	  1.9883092309491446e+003	 -5.2575411237072294e+003	
  2.8080000000000000e+004	  1.9917179122074440e+003	 -5.2618964052194124e+003	
  2.8110000000000000e+004	  1.9972207576005555e+003	 -5.2678184764178668e+003	
  2.8140000000000000e+004	  1.9794036072434742e+003	 -5.2872243203224707e+003	
  2.8170000000000000e+004	  1.9781076663815450e+003	 -5.2906162172088625e+003	
  2.8200000000000000e+004	  1.9861367320543768e+003	 -5.2794845073693887e+003	
  2.8230000000000000e+004	  2.0137776810292319e+003	 -5.2603641581234187e+003	
  2.8260000000000000e+004	  2.0319219843405558e+003	 -5.2390021885073938e+003	
  2.8290000000000000e+004	  2.0540727589904445e+003	 -5.2142657826886780e+003	
  2.8320000000000000e+004	  2.0473828309004225e+003	 -5.1986328736074893e+003	
  2.8350000000000000e+004	  2.0541136724476596e+003	 -5.1923040256702407e+003	
  2.8380000000000000e+004	  2.0596402960444593e+003	 -5.1867866582158440e+003	
  2.8410000000000000e+004	  2.0652216233974368e+003	 -5.1861180856208093e+003	
  2.8440000000000000e+004	  2.0554860332485796e+003	 -5.1903163305234675e+003	
  2.8470000000000000e+004	  2.0585426127559667e+003	 -5.1906476038625469e+003	
  2.8500000000000000e+004	  2.0597691329776494e+003	 -5.1878705350438941e+003	
  2.8530000000000000e+004	  2.0391742549317667e+003	 -5.1933621780429130e+003	
  2.8560000000000000e+004	  2.0517811287230343e+003	 -5.1939427022127702e+003	
  2.8590000000000000e+004	  2.0499188405623522e+003	 -5.1959125755970126e+003	
  2.8620000000000000e+004	  2.0487438548155187e+003	 -5.1928699085145381e+003	
  2.8650000000000000e+004	  2.0509122376415980e+003	 -5.2012184660694038e+003	
  2.8680000000000000e+004	  2.0516486808247791e+003	 -5.1959744189853745e+003	
  2.8710000000000000e+004	  2.0606236671097604e+003	 -5.1988049093433046e+003	
  2.8740000000000000e+004	  2.0594753860634319e+003	 -5.2182601017560901e+003	
  2.8770000000000000e+004	  2.0507157222196624e+003	 -5.2154943004111019e+003	
  2.8800000000000000e+004	  2.0469030459556991e+003	 -5.2151209613733372e+003	
  2.8830000000000000e+004	  2.0429416666356726e+003	 -5.2283422516408336e+003	
  2.8860000000000000e+004	  2.0390110615234050e+003	 -5.2472025488194258e+003	
  2.8890000000000000e+004	  2.0353881914731287e+003	 -5.2445865959186976e+003	
  2.8920000000000000e+004	  2.0352296618865050e+003	 -5.2335635531647404e+003	
  2.8950000000000000e+004	  2.0367514749482909e+003	 -5.2465603350815500e+003	
  2.8980000000000000e+004	  2.0276586325484686e+003	 -5.2492193524778977e+003	
  2.9010000000000000e+004	  2.0252138899074200e+003	 -5.2595182668771049e+003	
  2.9040000000000000e+004	  2.0173521702601272e+003	 -5.2612396358174756e+003	
  2.9070000000000000e+004	  2.0342341888846365e+003	 -5.2799456784330850e+003	
  2.9100000000000000e+004	  2.0656440576243917e+003	 -5.2982970979506508e+003	
  2.9130000000000000e+004	  2.0700347915964153e+003	 -5.3338658400190316e+003	
  2.9160000000000000e+004	  2.0679287524440247e+003	 -5.3689463501515665e+003	
  2.9190000000000000e+004	  2.0762812338359104e+003	 -5.4007695476514500e+003	
  2.9220000000000000e+004	  2.0810867211315440e+003	 -5.4349361864233670e+003	
  2.9250000000000000e+004	  2.0632837824920289e+003	 -5.4577441952187110e+003	
  2.9280000000000000e+004	  2.0503795595768443e+003	 -5.4864229950443778e+003	
  2.9310000000000000e+004	  2.0408714551099333e+003	 -5.4938017290351299e+003	
  2.9340000000000000e+004	  2.0309862549116815e+003	 -5.4915823021717979e+003	
  2.9370000000000000e+004	  2.0217359833089636e+003	 -5.4982862181131341e+003	
  2.9400000000000000e+004	  2.0133963858365914e+003	 -5.5031517291473683e+003	
  2.9430000000000000e+004	  2.0082003436652719e+003	 -5.5061302451585088e+003	
  2.9460000000000000e+004	  2.0048118747307642e+003	 -5.5098805443172268e+003	
  2.9490000000000000e+004	  1.9948512042199436e+003	 -5.5164684928328224e+003	
  2.9520000000000000e+004	  1.9907387561131727e+003	 -5.5253839813706436e+003	
  2.9550000000000000e+004	  1.9854268454619091e+003	 -5.5324108721618913e+003	
  2.9580000000000000e+004	  1.9858141862232117e+003	 -5.5381788991226758e+003	
  2.9610000000000000e+004	  1.9763731652189440e+003	 -5.5405469603882448e+003	
  2.9640000000000000e+004	  1.9767729254743815e+003	 -5.5537639817632626e+003	
  2.9670000000000000e+004	  1.9868048599464614e+003	 -5.5740688422062040e+003	
  2.9700000000000000e+004	  1.9834485081482142e+003	 -5.5862137152734731e+003	
  2.9730000000000000e+004	  1.9859856623230448e+003	 -5.5882940442592953e+003	
  2.9760000000000000e+004	  1.9860388157859622e+003	 -5.5934822165065025e+003	
  2.9790000000000000e+004	  1.9861040929281728e+003	 -5.6049014949972934e+003	
  2.9820000000000000e+004	  1.9940506017586256e+003	 -5.6118446265952171e+003	
  2.9850000000000000e+004	  2.0070906347999178e+003	 -5.6171092704228276e+003	
  2.9880000000000000e+004	  2.0213023574038741e+003	 -5.6160199531439202e+003	
  2.9910000000000000e+004	  2.0396964688690421e+003	 -5.6035285846128636e+003	
  2.9940000000000000e+004	  2.0513484046002618e+003	 -5.5990907429286563e+003	
  2.9970000000000000e+004	  2.0598722031752200e+003	 -5.6022279321042161e+003	
  3.0000000000000000e+004	  2.0575170787553352e+003	 -5.5893843558157350e+003	
  3.0030000000000000e+004	  2.0615642492763523e+003	 -5.5701705597724549e+003	
  3.0060000000000000e+004	  2.0566032008392567e+003	 -5.5582967362259578e+003	
  3.0090000000000000e+004	  2.0435804504724099e+003	 -5.5511724424423546e+003	
  3.0120000000000000e+004	  2.0505424883578107e+003	 -5.5557992378462823e+003	
  3.0150000000000000e+004	  2.0508098720603771e+003	 -5.5581112081359570e+003	
  3.0180000000000000e+004	  2.0539431644990732e+003	 -5.5573319881426360e+003	
  3.0210000000000000e+004	  2.0577618670028446e+003	 -5.5646789164464244e+003	
  3.0240000000000000e+004	  2.0481171982937744e+003	 -5.5463115949609564e+003	
  3.0270000000000000e+004	  2.0342499253740134e+003	 -5.5330509460895928e+003	
  3.0300000000000000e+004	  2.0391742553865597e+003	 -5.5127680430137370e+003	
  3.0330000000000000e+004	  2.0465505508341921e+003	 -5.4850871907107712e+003	
  3.0360000000000000e+004	  2.0602237402212781e+003	 -5.4711805039469482e+003	
  3.0390000000000000e+004	  2.0772470372119628e+003	 -5.4553098666170099e+003	
  3.0420000000000000e+004	  2.0851781858868062e+003	 -5.4288163959639860e+003	
  3.0450000000000000e+004	  2.0822733633343146e+003	 -5.4032969509012537e+003	
  3.0480000000000000e+004	  2.0741137427417848e+003	 -5.3756346523777174e+003	
  3.0510000000000000e+004	  2.0830730048864825e+003	 -5.3508944263679505e+003	
  3.0540000000000000e+004	  2.0928365699839169e+003	 -5.3234229571491151e+003	
  3.0570000000000000e+004	  2.0777995608246765e+003	 -5.2973906574777375e+003	
  3.0600000000000000e+004	  2.0555098116401264e+003	 -5.2770116765491712e+003	
  3.0630000000000000e+004	  2.0369058819199261e+003	 -5.2568314777519081e+003	
  3.0660000000000000e+004	  2.0427491287920618e+003	 -5.2300073307709035e+003	
  3.0690000000000000e+004	  2.0507985725626586e+003	 -5.2073681516256975e+003	
  3.0720000000000000e+004	  2.0592284690930633e+003	 -5.2054392759396251e+003	
  3.0750000000000000e+004	  2.0666558521448869e+003	 -5.2068686517808646e+003	
  3.0780000000000000e+004	  2.0629611773121956e+003	 -5.2075291337526314e+003	
  3.0810000000000000e+004	  2.0607564489366987e+003	 -5.2020727414925004e+003	
  3.0840000000000000e+004	  2.0560455485813568e+003	 -5.1955863992764844e+003	
  3.0870000000000000e+004	  2.0488445691569095e+003	 -5.1924663405932451e+003	
  3.0900000000000000e+004	  2.0522002715816006e+003	 -5.1916441843052062e+003	
  3.0930000000000000e+004	  2.0633113674578431e+003	 -5.1864888923359413e+003	
  3.0960000000000000e+004	  2.0880577907939123e+003	 -5.1969479383790303e+003	
  3.0990000000000000e+004	  2.1132535527846171e+003	 -5.1983257795763693e+003	
  3.1020000000000000e+004	  2.1298737811818892e+003	 -5.1998355320010987e+003	
  3.1050000000000000e+004	  2.1306885230394510e+003	 -5.1988035856624283e+003	
  3.1080000000000000e+004	  2.1290164294425467e+003	 -5.1979301747612244e+003	
  3.1110000000000000e+004	  2.1273443358456420e+003	 -5.1970567638600187e+003	
  3.1140000000000000e+004	  2.1263356010176649e+003	 -5.1986986529864253e+003	
