  0.0000000000000000e+000	  2.3393176773660684e+003	 -5.1267574464042655e+003	
  3.0000000000000000e+001	  2.3433322076059458e+003	 -5.1303195942504226e+003	
  6.0000000000000000e+001	  2.3868066565602712e+003	 -5.1264234945619073e+003	
  9.0000000000000000e+001	  2.4152021305734042e+003	 -5.1204123714161915e+003	
  1.2000000000000000e+002	  2.4659223215942770e+003	 -5.1018224160862856e+003	
  1.5000000000000000e+002	  2.3518508508126952e+003	 -5.1459039877870700e+003	
  1.8000000000000000e+002	  2.3123909347312810e+003	 -5.1553659408890653e+003	
  2.1000000000000000e+002	  2.3102367937383810e+003	 -5.1579262348070979e+003	
  2.4000000000000000e+002	  2.2772392956508543e+003	 -5.1686126767858641e+003	
  2.7000000000000000e+002	  2.3103347082947025e+003	 -5.1732879945427376e+003	
  3.0000000000000000e+002	  2.2854641903530141e+003	 -5.1819707277442458e+003	
  3.3000000000000000e+002	  2.2811559119481535e+003	 -5.1884271190004820e+003	
  3.6000000000000000e+002	  2.0717148147997773e+003	 -5.2183714203182435e+003	
  3.9000000000000000e+002	  2.0757293484701945e+003	 -5.2244938595606782e+003	
  4.2000000000000000e+002	  2.0720085615457538e+003	 -5.2207090791344899e+003	
  4.5000000000000000e+002	  2.0739668689875803e+003	 -5.2209317123917535e+003	
  4.8000000000000000e+002	  2.0738689532174531e+003	 -5.2190393225010093e+003	
  5.1000000000000000e+002	  2.0741627019025332e+003	 -5.2195959079823970e+003	
  5.4000000000000000e+002	  2.0752397714261710e+003	 -5.2189280052046197e+003	
  5.7000000000000000e+002	  2.0650565662630102e+003	 -5.2170356156717935e+003	
  6.0000000000000000e+002	  2.0400881337131427e+003	 -5.2277220556196798e+003	
  6.3000000000000000e+002	  2.0250091564965517e+003	 -5.2421932793687147e+003	
  6.6000000000000000e+002	  1.9959282736653035e+003	 -5.2399669366311391e+003	
  6.9000000000000000e+002	  1.9831013524418402e+003	 -5.2059039048067798e+003	
  7.2000000000000000e+002	  1.9829055227704519e+003	 -5.1713956042082882e+003	
  7.5000000000000000e+002	  1.9809472145996567e+003	 -5.1298743254615147e+003	
  7.8000000000000000e+002	  2.0027823546848872e+003	 -5.1161823216001640e+003	
  8.1000000000000000e+002	  2.0270653783212474e+003	 -5.1077222229226481e+003	
  8.4000000000000000e+002	  2.0252049869365296e+003	 -5.1078335393436810e+003	
  8.7000000000000000e+002	  2.0469422104230969e+003	 -5.0921378286604222e+003	
  9.0000000000000000e+002	  2.0367590076391170e+003	 -5.0890209498987515e+003	
  9.3000000000000000e+002	  2.0557546012167390e+003	 -5.0873511925298826e+003	
  9.6000000000000000e+002	  2.0280445356091714e+003	 -5.0972584149412642e+003	
  9.9000000000000000e+002	  2.0618253570729794e+003	 -5.0865719735470857e+003	
  1.0200000000000000e+003	  2.0534046305853135e+003	 -5.0886869977039041e+003	
  1.0500000000000000e+003	  2.0646649043553753e+003	 -5.0932509997498464e+003	
  1.0800000000000000e+003	  2.0537962936357258e+003	 -5.0870172425819756e+003	
  1.1100000000000000e+003	  2.0830730028270764e+003	 -5.1020450507800961e+003	
  1.1400000000000000e+003	  2.0610420345651469e+003	 -5.0891322671601965e+003	
  1.1700000000000000e+003	  2.0774918240167672e+003	 -5.0920265114711056e+003	
  1.2000000000000000e+003	  2.0376402466969514e+003	 -5.1099485652140065e+003	
  1.2300000000000000e+003	  2.0524254760360227e+003	 -5.1323233009289779e+003	
  1.2600000000000000e+003	  2.0560483459505663e+003	 -5.1130654430088689e+003	
  1.2900000000000000e+003	  2.0424381022244752e+003	 -5.0930283654876193e+003	
  1.3200000000000000e+003	  2.0519358985245735e+003	 -5.0980376349892877e+003	
  1.3500000000000000e+003	  2.0506629979287713e+003	 -5.0854588022360476e+003	
  1.3800000000000000e+003	  2.0680919435205674e+003	 -5.0761081670251706e+003	
  1.4100000000000000e+003	  2.0655461430690657e+003	 -5.0921378286604222e+003	
  1.4400000000000000e+003	  2.0467463834061116e+003	 -5.1140672969217085e+003	
  1.4700000000000000e+003	  2.0666232124529674e+003	 -5.0862380212741646e+003	
  1.5000000000000000e+003	  2.0695606753627535e+003	 -5.0836777296485534e+003	
  1.5300000000000000e+003	  2.0459630578745564e+003	 -5.0581861123428926e+003	
  1.5600000000000000e+003	  2.0482151125560340e+003	 -5.0883530466683342e+003	
  1.5900000000000000e+003	  2.0579087409516305e+003	 -5.1059411476744326e+003	
  1.6200000000000000e+003	  2.0778834872649795e+003	 -5.1027129523388385e+003	
  1.6500000000000000e+003	  2.0718127299229986e+003	 -5.1107277848088970e+003	
  1.6800000000000000e+003	  2.0836604971339002e+003	 -5.0998187083787861e+003	
  1.7100000000000000e+003	  2.0511525754105446e+003	 -5.0950320737589609e+003	
  1.7400000000000000e+003	  2.0449839046943082e+003	 -5.0974810496243663e+003	
  1.7700000000000000e+003	  2.0348986165020510e+003	 -5.0870172425819756e+003	
  1.8000000000000000e+003	  2.0502713376798456e+003	 -5.0975923673064444e+003	
  1.8300000000000000e+003	  1.9723512711934566e+003	 -5.0515422403230696e+003	
  1.8600000000000000e+003	  1.8554711714638731e+003	 -4.9824670498480073e+003	
  1.8900000000000000e+003	  1.7837847106834190e+003	 -4.9393885037085865e+003	
  1.9200000000000000e+003	  1.8947163627608434e+003	 -5.0117668821896223e+003	
  1.9500000000000000e+003	  2.0557741851824385e+003	 -5.0520636738246376e+003	
  1.9800000000000000e+003	  2.0563284928893027e+003	 -5.0611020023308756e+003	
  2.0100000000000000e+003	  2.0398868611778032e+003	 -5.0752485506147714e+003	
  2.0400000000000000e+003	  2.0361715152390184e+003	 -5.0924717807050392e+003	
  2.0700000000000000e+003	  2.0021948627141546e+003	 -5.0981489520345949e+003	
  2.1000000000000000e+003	  2.0625107657447093e+003	 -5.0955886598438028e+003	
  2.1300000000000000e+003	  2.0847375686086425e+003	 -5.1073882705979777e+003	
  2.1600000000000000e+003	  2.0760230949698334e+003	 -5.1279819350814096e+003	
  2.1900000000000000e+003	  2.1023623434281958e+003	 -5.1080561737496719e+003	
  2.2200000000000000e+003	  2.1114684799587540e+003	 -5.1038261238162859e+003	
  2.2500000000000000e+003	  2.0997186283507044e+003	 -5.0941415361338168e+003	
  2.2800000000000000e+003	  2.0724002237569634e+003	 -5.0896888524413507e+003	
  2.3100000000000000e+003	  2.0893395927720026e+003	 -5.0935849506305849e+003	
  2.3400000000000000e+003	  2.0824855141074527e+003	 -5.0890209498987515e+003	
  2.3700000000000000e+003	  2.0653503131526436e+003	 -5.0865719735470857e+003	
  2.4000000000000000e+003	  2.0711273227958250e+003	 -5.0803382154937335e+003	
  2.4300000000000000e+003	  2.0686794373871553e+003	 -5.1077222229226481e+003	
  2.4600000000000000e+003	  2.0834646660411927e+003	 -5.1074995881077084e+003	
  2.4900000000000000e+003	  2.0667211284257833e+003	 -5.0994847574531050e+003	
  2.5200000000000000e+003	  2.0802334574422207e+003	 -5.1060524657757851e+003	
  2.5500000000000000e+003	  2.1045164838600258e+003	 -5.0952547064478758e+003	
  2.5800000000000000e+003	  2.1262537092996140e+003	 -5.0933623158917389e+003	
  2.6100000000000000e+003	  2.1101955775408969e+003	 -5.0952547064478758e+003	
  2.6400000000000000e+003	  2.0963895025398310e+003	 -5.0911359732689707e+003	
  2.6700000000000000e+003	  2.1072581161435801e+003	 -5.0836777296485534e+003	
  2.7000000000000000e+003	  2.0601607939509527e+003	 -5.0941415361338168e+003	
  2.7300000000000000e+003	  2.0923749708859350e+003	 -5.0827871929997464e+003	
  2.7600000000000000e+003	  2.0631961721820921e+003	 -5.1042713909694312e+003	
  2.7900000000000000e+003	  2.0792543021534852e+003	 -5.0974810496243663e+003	
  2.8200000000000000e+003	  2.0541879545620650e+003	 -5.0971470979402693e+003	
  2.8500000000000000e+003	  2.0216800318915371e+003	 -5.1012658311083987e+003	
  2.8800000000000000e+003	  2.0347182444270270e+003	 -5.0994203106079676e+003	
  2.9100000000000000e+003	  2.0542755632302615e+003	 -5.0966520298573214e+003	
  2.9400000000000000e+003	  2.0651153162394958e+003	 -5.0957667659197714e+003	
  2.9700000000000000e+003	  2.0804292887724782e+003	 -5.0992621225708845e+003	
  3.0000000000000000e+003	  2.1205158646717910e+003	 -5.1233288801893414e+003	
  3.0300000000000000e+003	  2.1119580563508471e+003	 -5.1079448559913126e+003	
  3.0600000000000000e+003	  2.0981657237625236e+003	 -5.1042264744343865e+003	
  3.0900000000000000e+003	  2.0686107253589735e+003	 -5.0962585139552584e+003	
  3.1200000000000000e+003	  2.0390557269554236e+003	 -5.0882905534761312e+003	
  3.1500000000000000e+003	  2.0095007285518736e+003	 -5.0803225929970031e+003	
  3.1800000000000000e+003	  2.0362694316899549e+003	 -5.0872398771326752e+003	
  3.2100000000000000e+003	  2.0396824837237834e+003	 -5.0875897307912828e+003	
  3.2400000000000000e+003	  2.0448020617745271e+003	 -5.0881145112791955e+003	
  3.2700000000000000e+003	  2.0499216398252702e+003	 -5.0886392917671074e+003	
  3.3000000000000000e+003	  2.0550412178760134e+003	 -5.0891640722550201e+003	
  3.3300000000000000e+003	  2.0601607959267567e+003	 -5.0896888527429319e+003	
  3.3600000000000000e+003	  2.0652803739774995e+003	 -5.0902136332308428e+003	
  3.3900000000000000e+003	  2.0703999520282432e+003	 -5.0907384137187555e+003	
  3.4200000000000000e+003	  2.0691690147818144e+003	 -5.0968131465274964e+003	
  3.4500000000000000e+003	  2.0648852145911915e+003	 -5.0694013107028059e+003	
  3.4800000000000000e+003	  2.0913370663580799e+003	 -5.0745274635165488e+003	
  3.5100000000000000e+003	  2.1081393531229119e+003	 -5.0769319128479447e+003	
  3.5400000000000000e+003	  2.0571254167280031e+003	 -5.0753957365957995e+003	
  3.5700000000000000e+003	  2.0434760065324031e+003	 -5.0768428589078121e+003	
  3.6000000000000000e+003	  2.0395593883099823e+003	 -5.0876183541638584e+003	
  3.6300000000000000e+003	  2.0452384841875185e+003	 -5.0901563837533158e+003	
  3.6600000000000000e+003	  2.0557154336196763e+003	 -5.0861712322114636e+003	
  3.6900000000000000e+003	  2.0117122415592712e+003	 -5.0862380223119490e+003	
  3.7200000000000000e+003	  2.0123389005262572e+003	 -5.0954328144433439e+003	
  3.7500000000000000e+003	  2.0284753611261397e+003	 -5.1204346350274463e+003	
  3.7800000000000000e+003	  2.0059352305368407e+003	 -5.0904235450092101e+003	
  3.8100000000000000e+003	  2.0094601876914196e+003	 -5.0726350714915789e+003	
  3.8400000000000000e+003	  2.0040356725203842e+003	 -5.0770877561557591e+003	
  3.8700000000000000e+003	  1.9899162665191379e+003	 -5.0883085204537665e+003	
  3.9000000000000000e+003	  1.9718214974654777e+003	 -5.0788465667714609e+003	
  3.9300000000000000e+003	  1.9403123133907397e+003	 -5.0727686530933252e+003	
  3.9600000000000000e+003	  1.9153438795097950e+003	 -5.0564718298200005e+003	
  3.9900000000000000e+003	  1.9057481670773764e+003	 -5.0440043143395396e+003	
  4.0200000000000000e+003	  1.9083331358104419e+003	 -5.0377928206147481e+003	
  4.0500000000000000e+003	  1.9084897985289795e+003	 -5.0377260304309102e+003	
  4.0800000000000000e+003	  1.9057481667138804e+003	 -5.0335627712992255e+003	
  4.1100000000000000e+003	  1.9065902393246604e+003	 -5.0327390252361774e+003	
  4.1400000000000000e+003	  1.9080589714379662e+003	 -5.0320043315082557e+003	
  4.1700000000000000e+003	  1.9115251779595455e+003	 -5.0358781666545892e+003	
  4.2000000000000000e+003	  1.9085877146741391e+003	 -5.0316703802460961e+003	
  4.2300000000000000e+003	  1.9091164575832959e+003	 -5.0321824382358081e+003	
  4.2600000000000000e+003	  1.9119364209129617e+003	 -5.0268169543766517e+003	
  4.2900000000000000e+003	  1.9079023058052219e+003	 -5.0282863396565281e+003	
  4.3200000000000000e+003	  1.9065706567674638e+003	 -5.0299115699197237e+003	
  4.3500000000000000e+003	  1.9057873334948119e+003	 -5.0257037833467084e+003	
  4.3800000000000000e+003	  1.9093514534508679e+003	 -5.0288429250807831e+003	
  4.4100000000000000e+003	  1.9111922650873580e+003	 -5.0293772477449311e+003	
  4.4400000000000000e+003	  1.9033002824504299e+003	 -5.0277742824231154e+003	
  4.4700000000000000e+003	  1.9009307283718676e+003	 -5.0219190025845292e+003	
  4.5000000000000000e+003	  1.9110551819637731e+003	 -5.0244792948796749e+003	
  4.5300000000000000e+003	  1.9107222708485283e+003	 -5.0276407014430615e+003	
  4.5600000000000000e+003	  1.9132680717888124e+003	 -5.0178670596563434e+003	
  4.5900000000000000e+003	  1.9248025077512891e+003	 -5.0159746691091204e+003	
  4.6200000000000000e+003	  1.9183009245202779e+003	 -5.0219412651512666e+003	
  4.6500000000000000e+003	  1.9068644019877297e+003	 -5.0185572259616865e+003	
  4.6800000000000000e+003	  1.9059244151697555e+003	 -5.0202715097391301e+003	
  4.7100000000000000e+003	  1.9074518959486491e+003	 -5.0151063956656099e+003	
  4.7400000000000000e+003	  1.9096843671796846e+003	 -5.0173327374455603e+003	
  4.7700000000000000e+003	  1.9044165162458698e+003	 -5.0171991567994719e+003	
  4.8000000000000000e+003	  1.9070994013466741e+003	 -5.0188911770142440e+003	
  4.8300000000000000e+003	  1.9083918826708409e+003	 -5.0216518407282583e+003	
  4.8600000000000000e+003	  1.9053956719567800e+003	 -5.0230989639785676e+003	
  4.8900000000000000e+003	  1.9058460812416774e+003	 -5.0231880171606899e+003	
  4.9200000000000000e+003	  1.8978561828793222e+003	 -5.0236110219947604e+003	
  4.9500000000000000e+003	  1.9000103235835286e+003	 -5.0191138117655200e+003	
  4.9800000000000000e+003	  1.9037115270714887e+003	 -5.0213401535352323e+003	
  5.0100000000000000e+003	  1.9083331339657439e+003	 -5.0258818910124073e+003	
  5.0400000000000000e+003	  1.9065902393985409e+003	 -5.0246128762301323e+003	
  5.0700000000000000e+003	  1.9069427347114947e+003	 -5.0262603686246557e+003	
  5.1000000000000000e+003	  1.9026736217315745e+003	 -5.0171991575904267e+003	
  5.1300000000000000e+003	  1.8990899176450789e+003	 -5.0196703964950157e+003	
  5.1600000000000000e+003	  1.8982674281109528e+003	 -5.0221416361044558e+003	
  5.1900000000000000e+003	  1.8955845462370603e+003	 -5.0196258703016874e+003	
  5.2200000000000000e+003	  1.8974057730026052e+003	 -5.0208280944320413e+003	
  5.2500000000000000e+003	  1.8997949079820660e+003	 -5.0238781833607618e+003	
  5.2800000000000000e+003	  1.9017140516469742e+003	 -5.0229431196350033e+003	
  5.3100000000000000e+003	  1.9011265576097608e+003	 -5.0236555491921481e+003	
  5.3400000000000000e+003	  1.9066098232548634e+003	 -5.0245906121944199e+003	
  5.3700000000000000e+003	  1.9037311097305742e+003	 -5.0215850510505988e+003	
  5.4000000000000000e+003	  1.9050040104980264e+003	 -5.0196258700227745e+003	
  5.4300000000000000e+003	  1.9066294054763562e+003	 -5.0177334789728102e+003	
  5.4600000000000000e+003	  1.9034177794355771e+003	 -5.0150173416678545e+003	
  5.4900000000000000e+003	  1.9002844852838687e+003	 -5.0162195660066673e+003	
  5.5200000000000000e+003	  1.8999319915090230e+003	 -5.0191806014990016e+003	
  5.5500000000000000e+003	  1.9050235918870537e+003	 -5.0195368156938221e+003	
  5.5800000000000000e+003	  1.9036919428951012e+003	 -5.0146166002384307e+003	
  5.6100000000000000e+003	  1.9043969343412471e+003	 -5.0142381219093932e+003	
  5.6400000000000000e+003	  1.8991095019368445e+003	 -5.0138373807141961e+003	
  5.6700000000000000e+003	  1.9010090600461044e+003	 -5.0154848737217744e+003	
  5.7000000000000000e+003	  1.9021448811148573e+003	 -5.0159078786645205e+003	
  5.7300000000000000e+003	  1.9000886541335080e+003	 -5.0151509225298505e+003	
  5.7600000000000000e+003	  1.8999711568668004e+003	 -5.0159078790528583e+003	
  5.7900000000000000e+003	  1.9006761483547402e+003	 -5.0165535179087256e+003	
  5.8200000000000000e+003	  1.8988549192312753e+003	 -5.0188911770819195e+003	
  5.8500000000000000e+003	  1.8991682498196587e+003	 -5.0205609338180820e+003	
  5.8800000000000000e+003	  1.9023602923610820e+003	 -5.0251471986080924e+003	
  5.9100000000000000e+003	  1.8971511911483954e+003	 -5.0158410886668080e+003	
  5.9400000000000000e+003	  1.9081764684075733e+003	 -5.0130136342573951e+003	
  5.9700000000000000e+003	  1.9057481656914395e+003	 -5.0113216147452749e+003	
  6.0000000000000000e+003	  1.9057481656914392e+003	 -5.0113216147452758e+003	
  6.0300000000000000e+003	  1.9057481656914392e+003	 -5.0113216147452758e+003	
  6.0600000000000000e+003	  1.9057481656914392e+003	 -5.0113216147452758e+003	
  6.0900000000000000e+003	  1.9057481656914392e+003	 -5.0113216147452758e+003	
  6.1200000000000000e+003	  1.9057481656914392e+003	 -5.0113216147452758e+003	
  6.1500000000000000e+003	  1.9057481656914392e+003	 -5.0113216147452758e+003	
  6.1800000000000000e+003	  1.9057481656914392e+003	 -5.0113216147452758e+003	
  6.2100000000000000e+003	  1.9057481656914392e+003	 -5.0113216147452758e+003	
  6.2400000000000000e+003	  1.9057481656914392e+003	 -5.0113216147452758e+003	
  6.2700000000000000e+003	  1.9057481656914392e+003	 -5.0113216147452758e+003	
  6.3000000000000000e+003	  1.9057481656914392e+003	 -5.0113216147452758e+003	
  6.3300000000000000e+003	  1.9057481656914392e+003	 -5.0113216147452758e+003	
  6.3600000000000000e+003	  1.9057481656914392e+003	 -5.0113216147452758e+003	
  6.3900000000000000e+003	  1.9057481656914392e+003	 -5.0113216147452758e+003	
  6.4200000000000000e+003	  1.9057481656914392e+003	 -5.0113216147452758e+003	
  6.4500000000000000e+003	  1.9057481656914392e+003	 -5.0113216147452758e+003	
  6.4800000000000000e+003	  1.9057481656914392e+003	 -5.0113216147452758e+003	
  6.5100000000000000e+003	  1.9057481656914392e+003	 -5.0113216147452758e+003	
  6.5400000000000000e+003	  1.9057481656914392e+003	 -5.0113216147452758e+003	
  6.5700000000000000e+003	  1.9057481656914392e+003	 -5.0113216147452758e+003	
  6.6000000000000000e+003	  1.9057481656914392e+003	 -5.0113216147452758e+003	
  6.6300000000000000e+003	  1.9057481656914392e+003	 -5.0113216147452758e+003	
  6.6600000000000000e+003	  1.9057481656914392e+003	 -5.0113216147452758e+003	
  6.6900000000000000e+003	  1.9057481656914392e+003	 -5.0113216147452758e+003	
  6.7200000000000000e+003	  1.9057481656914392e+003	 -5.0113216147452758e+003	
  6.7500000000000000e+003	  1.9057481656914392e+003	 -5.0113216147452758e+003	
  6.7800000000000000e+003	  1.9057481656914392e+003	 -5.0113216147452758e+003	
  6.8100000000000000e+003	  1.9057481656914392e+003	 -5.0113216147452758e+003	
  6.8400000000000000e+003	  1.9037629233581852e+003	 -4.9766207881542277e+003	
  6.8700000000000000e+003	  1.8963482867156076e+003	 -4.9523235510564427e+003	
  6.9000000000000000e+003	  1.9199459043420422e+003	 -4.9679079446329215e+003	
  6.9300000000000000e+003	  1.9158824136660237e+003	 -4.9861639498052418e+003	
  6.9600000000000000e+003	  1.9002649043661645e+003	 -4.9798188750085856e+003	
  6.9900000000000000e+003	  1.9071378138844664e+003	 -5.0026174732762001e+003	
  7.0200000000000000e+003	  1.9173217704426847e+003	 -5.0252696469434159e+003	
  7.0500000000000000e+003	  1.9060027468240041e+003	 -5.0166091767708667e+003	
  7.0800000000000000e+003	  1.9028694542750170e+003	 -5.0116221706104088e+003	
  7.1100000000000000e+003	  1.9019784236969790e+003	 -5.0182344067317763e+003	
  7.1400000000000000e+003	  1.8833842838916960e+003	 -5.0244236360375216e+003	
  7.1700000000000000e+003	  1.9014300971931566e+003	 -5.0217297626740919e+003	
  7.2000000000000000e+003	  1.9086170898965768e+003	 -5.0188577823232172e+003	
  7.2300000000000000e+003	  1.9142178509731682e+003	 -5.0139153023227855e+003	
  7.2600000000000000e+003	  1.9137870229152766e+003	 -5.0170989710871290e+003	
  7.2900000000000000e+003	  1.9117307992605602e+003	 -5.0174663177301099e+003	
  7.3200000000000000e+003	  1.9027323714116501e+003	 -5.0218299482621806e+003	
  7.3500000000000000e+003	  1.9155495010257860e+003	 -5.0220748462939973e+003	
  7.3800000000000000e+003	  1.9227071182666818e+003	 -5.0177780062453858e+003	
  7.4100000000000000e+003	  1.9163426151638687e+003	 -5.0232436757764590e+003	
  7.4400000000000000e+003	  1.9092731233673098e+003	 -5.0345868881751931e+003	
  7.4700000000000000e+003	  1.9016063444148272e+003	 -5.0209282797923415e+003	
  7.5000000000000000e+003	  1.9068448189050821e+003	 -5.0145386787303632e+003	
  7.5300000000000000e+003	  1.9266824831997715e+003	 -5.0135479564964617e+003	
  7.5600000000000000e+003	  1.9248612597659746e+003	 -5.0280971007557255e+003	
  7.5900000000000000e+003	  1.9175078104831978e+003	 -5.0374143430922386e+003	
  7.6200000000000000e+003	  1.9165384478508622e+003	 -5.0404532991109181e+003	
  7.6500000000000000e+003	  1.9152067976620681e+003	 -5.0398967138287098e+003	
  7.6800000000000000e+003	  1.9123672514704758e+003	 -5.0432250954979190e+003	
  7.7100000000000000e+003	  1.9184282150132785e+003	 -5.0451731441591428e+003	
  7.7400000000000000e+003	  1.9050138020471168e+003	 -5.0381156403863743e+003	
  7.7700000000000000e+003	  1.9051998403276871e+003	 -5.0455738861184800e+003	
  7.8000000000000000e+003	  1.9012538487233901e+003	 -5.0450840897258040e+003	
  7.8300000000000000e+003	  1.8426025068861613e+003	 -5.0020043732570839e+003	
  7.8600000000000000e+003	  1.8099085458169236e+003	 -4.9788949439908101e+003	
  7.8900000000000000e+003	  1.8804370292133967e+003	 -5.0304458918789551e+003	
  7.9200000000000000e+003	  1.9000690726254211e+003	 -5.0541786980374063e+003	
  7.9500000000000000e+003	  1.8977093102705016e+003	 -5.0497260141975676e+003	
  7.9800000000000000e+003	  1.9037506926369219e+003	 -5.0699523311965577e+003	
  8.0100000000000000e+003	  1.8899837845452371e+003	 -5.0454959637303273e+003	
  8.0400000000000000e+003	  1.9019000901124120e+003	 -5.0500710965967210e+003	
  8.0700000000000000e+003	  1.8862532065260591e+003	 -5.0429690657318952e+003	
  8.1000000000000000e+003	  1.9016063433859331e+003	 -5.0436592308267764e+003	
  8.1300000000000000e+003	  1.9117210080961108e+003	 -5.0552918683983107e+003	
  8.1600000000000000e+003	  1.8976505620281837e+003	 -5.0487909500707792e+003	
  8.1900000000000000e+003	  1.8911489772479763e+003	 -5.0472993002004459e+003	
  8.2200000000000000e+003	  1.8948795526890776e+003	 -5.0447167442637028e+003	
  8.2500000000000000e+003	  1.8935731121800204e+003	 -5.0426515354753419e+003	
  8.2800000000000000e+003	  1.8918690593421204e+003	 -5.0399577848818280e+003	
  8.3100000000000000e+003	  1.8901650065042202e+003	 -5.0372640342883142e+003	
  8.3400000000000000e+003	  1.8884609536663197e+003	 -5.0345702836948003e+003	
  8.3700000000000000e+003	  1.8867569008284199e+003	 -5.0318765331012864e+003	
  8.4000000000000000e+003	  1.8850528479905195e+003	 -5.0291827825077726e+003	
  8.4300000000000000e+003	  1.8803880713512226e+003	 -5.0254588853097721e+003	
  8.4600000000000000e+003	  1.8803880713512226e+003	 -5.0254588853097721e+003	
  8.4900000000000000e+003	  1.8803880713512226e+003	 -5.0254588853097721e+003	
  8.5200000000000000e+003	  1.8803880713512226e+003	 -5.0254588853097721e+003	
  8.5500000000000000e+003	  1.8803880713512226e+003	 -5.0254588853097721e+003	
  8.5800000000000000e+003	  1.8803880713512226e+003	 -5.0254588853097721e+003	
  8.6100000000000000e+003	  1.8803880713512226e+003	 -5.0254588853097721e+003	
  8.6400000000000000e+003	  1.8803880713512226e+003	 -5.0254588853097721e+003	
  8.6700000000000000e+003	  1.8803880713512226e+003	 -5.0254588853097721e+003	
  8.7000000000000000e+003	  1.8803880713512226e+003	 -5.0254588853097721e+003	
  8.7300000000000000e+003	  1.8803880713512226e+003	 -5.0254588853097721e+003	
  8.7600000000000000e+003	  1.8803880713512226e+003	 -5.0254588853097721e+003	
  8.7900000000000000e+003	  1.8803880713512226e+003	 -5.0254588853097721e+003	
  8.8200000000000000e+003	  1.8803880713512226e+003	 -5.0254588853097721e+003	
  8.8500000000000000e+003	  1.8803880713512226e+003	 -5.0254588853097721e+003	
  8.8800000000000000e+003	  1.8803880713512226e+003	 -5.0254588853097721e+003	
  8.9100000000000000e+003	  1.8803880713512226e+003	 -5.0254588853097721e+003	
  8.9400000000000000e+003	  1.8803880713512226e+003	 -5.0254588853097721e+003	
  8.9700000000000000e+003	  1.8803880713512226e+003	 -5.0254588853097721e+003	
  9.0000000000000000e+003	  1.8803880713512226e+003	 -5.0254588853097721e+003	
  9.0300000000000000e+003	  1.8803880713512226e+003	 -5.0254588853097721e+003	
  9.0600000000000000e+003	  1.8803880713512226e+003	 -5.0254588853097721e+003	
  9.0900000000000000e+003	  1.8803880713512226e+003	 -5.0254588853097721e+003	
  9.1200000000000000e+003	  1.8803880713512226e+003	 -5.0254588853097721e+003	
  9.1500000000000000e+003	  1.8803880713512226e+003	 -5.0254588853097721e+003	
  9.1800000000000000e+003	  1.8803880713512226e+003	 -5.0254588853097721e+003	
  9.2100000000000000e+003	  1.8803880713512226e+003	 -5.0254588853097721e+003	
  9.2400000000000000e+003	  1.8803880713512226e+003	 -5.0254588853097721e+003	
  9.2700000000000000e+003	  1.8869038498302546e+003	 -5.0308146095155480e+003	
  9.3000000000000000e+003	  1.9179593140283675e+003	 -5.0563410300135292e+003	
  9.3300000000000000e+003	  1.9012832241533154e+003	 -5.0643530808197011e+003	
  9.3600000000000000e+003	  1.9200438184905045e+003	 -5.0601230305441759e+003	
  9.3900000000000000e+003	  1.9097039512825133e+003	 -5.0600117139548329e+003	
  9.4200000000000000e+003	  1.9314999231006623e+003	 -5.0669801635639069e+003	
  9.4500000000000000e+003	  1.9558416996518033e+003	 -5.0736591899859659e+003	
  9.4800000000000000e+003	  1.9706660944761231e+003	 -5.0771990742266808e+003	
  9.5100000000000000e+003	  1.9730552306113580e+003	 -5.1163604299632088e+003	
  9.5400000000000000e+003	  1.9715669162604190e+003	 -5.1504902517209030e+003	
  9.5700000000000000e+003	  1.9768935166847446e+003	 -5.1790987465713433e+003	
  9.6000000000000000e+003	  1.9829446892496660e+003	 -5.2114029696043772e+003	
  9.6300000000000000e+003	  2.0057589827634645e+003	 -5.2519223933765197e+003	
  9.6600000000000000e+003	  2.0404797923929625e+003	 -5.2580448337347661e+003	
  9.6900000000000000e+003	  2.0713231538050809e+003	 -5.2757442530733688e+003	
  9.7200000000000000e+003	  2.0971924084010839e+003	 -5.3044195380009760e+003	
  9.7500000000000000e+003	  2.0908474909475735e+003	 -5.3279964994783877e+003	
  9.7800000000000000e+003	  2.0841500751519679e+003	 -5.3429352547880108e+003	
  9.8100000000000000e+003	  2.0845613197500415e+003	 -5.3515289344329940e+003	
  9.8400000000000000e+003	  2.0844634035693807e+003	 -5.3514176177330892e+003	
  9.8700000000000000e+003	  2.0863629623704060e+003	 -5.3501040755941822e+003	
  9.9000000000000000e+003	  2.0855404735814363e+003	 -5.3488573240221667e+003	
  9.9300000000000000e+003	  2.0872833668803778e+003	 -5.3532432174287624e+003	
  9.9600000000000000e+003	  2.0876946122553600e+003	 -5.3519519387546625e+003	
  9.9900000000000000e+003	  2.0889479306179942e+003	 -5.3525307873126703e+003	
  1.0020000000000000e+004	  2.0877925287493804e+003	 -5.3533990615972652e+003	
  1.0050000000000000e+004	  2.0863042148949644e+003	 -5.3558925648352142e+003	
  1.0080000000000000e+004	  2.0706769105878739e+003	 -5.3734584025491804e+003	
  1.0110000000000000e+004	  2.0806447008393261e+003	 -5.4018220003913839e+003	
  1.0140000000000000e+004	  2.0877337791024306e+003	 -5.4339481150246902e+003	
  1.0170000000000000e+004	  2.0877925285816923e+003	 -5.4491317669790224e+003	
  1.0200000000000000e+004	  2.0919833088772471e+003	 -5.4543636707710439e+003	
  1.0230000000000000e+004	  2.0856383889131976e+003	 -5.4568126475532026e+003	
  1.0260000000000000e+004	  2.0834059166556440e+003	 -5.4559889006561498e+003	
  1.0290000000000000e+004	  2.0824071806291249e+003	 -5.4604193221453652e+003	
  1.0320000000000000e+004	  2.0789409722927808e+003	 -5.4620445505369789e+003	
  1.0350000000000000e+004	  2.0792347190086593e+003	 -5.4687458400331361e+003	
  1.0380000000000000e+004	  2.0803313730788564e+003	 -5.4688126314649435e+003	
  1.0410000000000000e+004	  2.0784709791927553e+003	 -5.4622226580527085e+003	
  1.0440000000000000e+004	  2.0786472284198071e+003	 -5.4604193209293153e+003	
  1.0470000000000000e+004	  2.0828575904884033e+003	 -5.4656512253937926e+003	
  1.0500000000000000e+004	  2.0816826063025355e+003	 -5.4683673628910847e+003	
  1.0530000000000000e+004	  2.0858733861758856e+003	 -5.4708163378555601e+003	
  1.0560000000000000e+004	  2.0838759111404911e+003	 -5.4705046505555147e+003	
  1.0590000000000000e+004	  2.0862258811482293e+003	 -5.4748014916259044e+003	
  1.0620000000000000e+004	  2.0849921463907363e+003	 -5.4709944455401292e+003	
  1.0650000000000000e+004	  2.0862650473489439e+003	 -5.4756029743050240e+003	
  1.0680000000000000e+004	  2.0867154580736437e+003	 -5.4768497248173126e+003	
  1.0710000000000000e+004	  2.0862650466205519e+003	 -5.4740890601743213e+003	
  1.0740000000000000e+004	  2.0834646663044819e+003	 -5.4772059404453348e+003	
  1.0770000000000000e+004	  2.0829359226173456e+003	 -5.4832838540450557e+003	
  1.0800000000000000e+004	  2.0781576495153658e+003	 -5.4817254139989300e+003	
  1.0830000000000000e+004	  2.0782947306121378e+003	 -5.4875139029265392e+003	
  1.0860000000000000e+004	  2.0634899206982859e+003	 -5.4823933169182910e+003	
  1.0890000000000000e+004	  2.0679548620104079e+003	 -5.4782968475124162e+003	
  1.0920000000000000e+004	  2.0674261196738353e+003	 -5.4751131785110101e+003	
  1.0950000000000000e+004	  2.0684640224834739e+003	 -5.4812801454938763e+003	
  1.0980000000000000e+004	  2.0668190433246173e+003	 -5.4741113240675922e+003	
  1.1010000000000000e+004	  2.0664273815185743e+003	 -5.4835287507295870e+003	
  1.1040000000000000e+004	  2.0686402704780767e+003	 -5.4815918331901130e+003	
  1.1070000000000000e+004	  2.0658986392618995e+003	 -5.4787421159175874e+003	
  1.1100000000000000e+004	  2.0651740645577620e+003	 -5.4709276553868867e+003	
  1.1130000000000000e+004	  2.0628240949621108e+003	 -5.4745788568019225e+003	
  1.1160000000000000e+004	  2.0677786144808774e+003	 -5.4807903510990946e+003	
  1.1190000000000000e+004	  2.0664665478002871e+003	 -5.4798552868118595e+003	
  1.1220000000000000e+004	  2.0662511354594171e+003	 -5.4782300566418635e+003	
  1.1250000000000000e+004	  2.0621582692352140e+003	 -5.4849090834807421e+003	
  1.1280000000000000e+004	  2.0656440580285648e+003	 -5.4888051819896846e+003	
  1.1310000000000000e+004	  2.0653698954877318e+003	 -5.4901855133121762e+003	
  1.1340000000000000e+004	  2.0684052740806123e+003	 -5.4946381976808370e+003	
  1.1370000000000000e+004	  2.0732422955695802e+003	 -5.4970203838842408e+003	
  1.1400000000000000e+004	  2.0726743872994498e+003	 -5.4912986850247053e+003	
  1.1430000000000000e+004	  2.0755139343085066e+003	 -5.4868014736100540e+003	
  1.1460000000000000e+004	  2.0746522778522099e+003	 -5.4881150156450485e+003	
  1.1490000000000000e+004	  2.0768651678782876e+003	 -5.4853098251278152e+003	
  1.1520000000000000e+004	  2.0768260001685057e+003	 -5.4889387625174659e+003	
  1.1550000000000000e+004	  2.0704027488824886e+003	 -5.4895844015899620e+003	
  1.1580000000000000e+004	  2.0837779960745283e+003	 -5.4876474834458513e+003	
  1.1610000000000000e+004	  2.0789213912815935e+003	 -5.4772949934508706e+003	
  1.1640000000000000e+004	  2.0857558853710070e+003	 -5.4706382320698467e+003	
  1.1670000000000000e+004	  2.0867742082048026e+003	 -5.4666085520427732e+003	
  1.1700000000000000e+004	  2.0847179844660081e+003	 -5.4765157739903225e+003	
  1.1730000000000000e+004	  2.0772372460611114e+003	 -5.4822597369575942e+003	
  1.1760000000000000e+004	  2.0765518377719864e+003	 -5.4863339419422864e+003	
  1.1790000000000000e+004	  2.0764147560512270e+003	 -5.4837291225944055e+003	
  1.1820000000000000e+004	  2.0792347190308183e+003	 -5.4894285571289602e+003	
  1.1850000000000000e+004	  2.0766497537049599e+003	 -5.4707272847942895e+003	
  1.1880000000000000e+004	  2.0841892413022838e+003	 -5.4688348943708452e+003	
  1.1910000000000000e+004	  2.0948816050072724e+003	 -5.4867346831113446e+003	
  1.1940000000000000e+004	  2.0913566499840626e+003	 -5.4787421156869514e+003	
  1.1970000000000000e+004	  2.0910041530234171e+003	 -5.4723747775473657e+003	
  1.2000000000000000e+004	  2.0875771141996947e+003	 -5.4748237534094196e+003	
  1.2030000000000000e+004	  2.0857754708525363e+003	 -5.4815250430091273e+003	
  1.2060000000000000e+004	  2.0891829274598435e+003	 -5.4784526914097414e+003	
  1.2090000000000000e+004	  2.1050060594304614e+003	 -5.4730649440765792e+003	
  1.2120000000000000e+004	  2.1050060594304614e+003	 -5.4730649440765783e+003	
  1.2150000000000000e+004	  2.1050060594304614e+003	 -5.4730649440765783e+003	
  1.2180000000000000e+004	  2.1050060594304614e+003	 -5.4730649440765783e+003	
  1.2210000000000000e+004	  2.1050060594304614e+003	 -5.4730649440765783e+003	
  1.2240000000000000e+004	  2.1050060594304614e+003	 -5.4730649440765783e+003	
  1.2270000000000000e+004	  2.1050060594304614e+003	 -5.4730649440765783e+003	
  1.2300000000000000e+004	  2.1050060594304614e+003	 -5.4730649440765783e+003	
  1.2330000000000000e+004	  2.1050060594304614e+003	 -5.4730649440765783e+003	
  1.2360000000000000e+004	  2.1050060594304614e+003	 -5.4730649440765783e+003	
  1.2390000000000000e+004	  2.1050060594304614e+003	 -5.4730649440765783e+003	
  1.2420000000000000e+004	  2.1050060594304614e+003	 -5.4730649440765783e+003	
  1.2450000000000000e+004	  2.1050060594304614e+003	 -5.4730649440765783e+003	
  1.2480000000000000e+004	  2.1050060594304614e+003	 -5.4730649440765783e+003	
  1.2510000000000000e+004	  2.1050060594304614e+003	 -5.4730649440765783e+003	
  1.2540000000000000e+004	  2.1050060594304614e+003	 -5.4730649440765783e+003	
  1.2570000000000000e+004	  2.1050060594304614e+003	 -5.4730649440765783e+003	
  1.2600000000000000e+004	  2.1050060594304614e+003	 -5.4730649440765783e+003	
  1.2630000000000000e+004	  2.1050060594304614e+003	 -5.4730649440765783e+003	
  1.2660000000000000e+004	  2.1050060594304614e+003	 -5.4730649440765783e+003	
  1.2690000000000000e+004	  2.1050060594304614e+003	 -5.4730649440765783e+003	
  1.2720000000000000e+004	  2.1050060594304614e+003	 -5.4730649440765783e+003	
  1.2750000000000000e+004	  2.1050060594304614e+003	 -5.4730649440765783e+003	
  1.2780000000000000e+004	  2.1050060594304614e+003	 -5.4730649440765783e+003	
  1.2810000000000000e+004	  2.1050060594304614e+003	 -5.4730649440765783e+003	
  1.2840000000000000e+004	  2.1050060594304614e+003	 -5.4730649440765783e+003	
  1.2870000000000000e+004	  2.1050060594304614e+003	 -5.4730649440765783e+003	
  1.2900000000000000e+004	  2.1050060594304614e+003	 -5.4730649440765783e+003	
  1.2930000000000000e+004	  2.1050060594304614e+003	 -5.4730649440765783e+003	
  1.2960000000000000e+004	  2.1050060594304614e+003	 -5.4730649440765783e+003	
  1.2990000000000000e+004	  2.1050060594304614e+003	 -5.4730649440765783e+003	
  1.3020000000000000e+004	  2.1050060594304614e+003	 -5.4730649440765783e+003	
  1.3050000000000000e+004	  2.1050060594304614e+003	 -5.4730649440765783e+003	
  1.3080000000000000e+004	  2.1050060594304614e+003	 -5.4730649440765783e+003	
  1.3110000000000000e+004	  2.1050060594304614e+003	 -5.4730649440765783e+003	
  1.3140000000000000e+004	  2.1050060594304614e+003	 -5.4730649440765783e+003	
  1.3170000000000000e+004	  2.1050060594304614e+003	 -5.4730649440765783e+003	
  1.3200000000000000e+004	  2.1050060594304614e+003	 -5.4730649440765783e+003	
  1.3230000000000000e+004	  2.1050060594304614e+003	 -5.4730649440765783e+003	
  1.3260000000000000e+004	  2.1050060594304614e+003	 -5.4730649440765783e+003	
  1.3290000000000000e+004	  2.1050060594304614e+003	 -5.4730649440765783e+003	
  1.3320000000000000e+004	  2.1032976429587138e+003	 -5.4850458997205988e+003	
  1.3350000000000000e+004	  2.0976227542982542e+003	 -5.5248433322846649e+003	
  1.3380000000000000e+004	  2.0919478656377951e+003	 -5.5646407648487302e+003	
  1.3410000000000000e+004	  2.0946270244801308e+003	 -5.5552169643322504e+003	
  1.3440000000000000e+004	  2.0761210113853658e+003	 -5.5397438866533721e+003	
  1.3470000000000000e+004	  2.0747501920493492e+003	 -5.5238255406491935e+003	
  1.3500000000000000e+004	  2.0611352870357491e+003	 -5.4835393524205028e+003	
  1.3530000000000000e+004	  2.0529346359168658e+003	 -5.4861780978148672e+003	
  1.3560000000000000e+004	  2.0370919203454309e+003	 -5.5025862387141115e+003	
  1.3590000000000000e+004	  2.0302770076823720e+003	 -5.5005491363414394e+003	
  1.3620000000000000e+004	  2.0435739224400982e+003	 -5.5024860539555675e+003	
  1.3650000000000000e+004	  2.0400881337131427e+003	 -5.5099109036522195e+003	
  1.3680000000000000e+004	  2.0387097858324501e+003	 -5.5086436013105249e+003	
  1.3710000000000000e+004	  2.0365334470734620e+003	 -5.5066425976131150e+003	
  1.3740000000000000e+004	  2.0343571083144741e+003	 -5.5046415939157032e+003	
  1.3770000000000000e+004	  2.0321807695554855e+003	 -5.5026405902182933e+003	
  1.3800000000000000e+004	  2.0300044307964974e+003	 -5.5006395865208806e+003	
  1.3830000000000000e+004	  2.0278280920375091e+003	 -5.4986385828234706e+003	
  1.3860000000000000e+004	  2.0256517532785213e+003	 -5.4966375791260589e+003	
  1.3890000000000000e+004	  2.0234754145195329e+003	 -5.4946365754286489e+003	
  1.3920000000000000e+004	  2.0424576850070225e+003	 -5.5222003111715185e+003	
  1.3950000000000000e+004	  2.0386194009929084e+003	 -5.5508533328519043e+003	
  1.3980000000000000e+004	  2.0497817585017779e+003	 -5.5695768692476395e+003	
  1.4010000000000000e+004	  2.0510938263832991e+003	 -5.6069126250907739e+003	
  1.4040000000000000e+004	  2.0484696923430715e+003	 -5.6195137195312873e+003	
  1.4070000000000000e+004	  2.0385019029571972e+003	 -5.6008124482316080e+003	
  1.4100000000000000e+004	  2.0423989377357534e+003	 -5.5882558788116094e+003	
  1.4130000000000000e+004	  2.0646061556044979e+003	 -5.5683523809146500e+003	
  1.4160000000000000e+004	  2.0554216878963330e+003	 -5.5727828012826767e+003	
  1.4190000000000000e+004	  2.0503692525973138e+003	 -5.5859404827764902e+003	
  1.4220000000000000e+004	  2.0503692525973138e+003	 -5.5859404827764902e+003	
  1.4250000000000000e+004	  2.0503692525973138e+003	 -5.5859404827764902e+003	
  1.4280000000000000e+004	  2.0503692525973138e+003	 -5.5859404827764902e+003	
  1.4310000000000000e+004	  2.0503692525973138e+003	 -5.5859404827764902e+003	
  1.4340000000000000e+004	  2.0503692525973138e+003	 -5.5859404827764902e+003	
  1.4370000000000000e+004	  2.0503692525973138e+003	 -5.5859404827764902e+003	
  1.4400000000000000e+004	  2.0503692525973138e+003	 -5.5859404827764902e+003	
  1.4430000000000000e+004	  2.0503692525973138e+003	 -5.5859404827764902e+003	
  1.4460000000000000e+004	  2.0503692525973138e+003	 -5.5859404827764902e+003	
  1.4490000000000000e+004	  2.0503692525973138e+003	 -5.5859404827764902e+003	
  1.4520000000000000e+004	  2.0503692525973138e+003	 -5.5859404827764902e+003	
  1.4550000000000000e+004	  2.0503692525973138e+003	 -5.5859404827764902e+003	
  1.4580000000000000e+004	  2.0503692525973138e+003	 -5.5859404827764902e+003	
  1.4610000000000000e+004	  2.0503692525973138e+003	 -5.5859404827764902e+003	
  1.4640000000000000e+004	  2.0503692525973138e+003	 -5.5859404827764902e+003	
  1.4670000000000000e+004	  2.0503692525973138e+003	 -5.5859404827764902e+003	
  1.4700000000000000e+004	  2.0503692525973138e+003	 -5.5859404827764902e+003	
  1.4730000000000000e+004	  2.0503692525973138e+003	 -5.5859404827764902e+003	
  1.4760000000000000e+004	  2.0503692525973138e+003	 -5.5859404827764902e+003	
  1.4790000000000000e+004	  2.0503692525973138e+003	 -5.5859404827764902e+003	
  1.4820000000000000e+004	  2.0503692525973138e+003	 -5.5859404827764902e+003	
  1.4850000000000000e+004	  2.0503692525973138e+003	 -5.5859404827764902e+003	
  1.4880000000000000e+004	  2.0503692525973138e+003	 -5.5859404827764902e+003	
  1.4910000000000000e+004	  2.0503692525973138e+003	 -5.5859404827764902e+003	
  1.4940000000000000e+004	  2.0503692525973138e+003	 -5.5859404827764902e+003	
  1.4970000000000000e+004	  2.0503692525973138e+003	 -5.5859404827764902e+003	
  1.5000000000000000e+004	  2.0503692525973138e+003	 -5.5859404827764902e+003	
  1.5030000000000000e+004	  2.0503692525973138e+003	 -5.5859404827764902e+003	
  1.5060000000000000e+004	  2.0503692525973138e+003	 -5.5859404827764902e+003	
  1.5090000000000000e+004	  2.0503692525973138e+003	 -5.5859404827764902e+003	
  1.5120000000000000e+004	  2.0503692525973138e+003	 -5.5859404827764902e+003	
  1.5150000000000000e+004	  2.0503692525973138e+003	 -5.5859404827764902e+003	
  1.5180000000000000e+004	  2.0503692525973138e+003	 -5.5859404827764902e+003	
  1.5210000000000000e+004	  2.0503692525973138e+003	 -5.5859404827764902e+003	
  1.5240000000000000e+004	  2.0503692525973138e+003	 -5.5859404827764902e+003	
  1.5270000000000000e+004	  2.0503692525973138e+003	 -5.5859404827764902e+003	
  1.5300000000000000e+004	  2.0503692525973138e+003	 -5.5859404827764902e+003	
  1.5330000000000000e+004	  2.0503692525973138e+003	 -5.5859404827764902e+003	
  1.5360000000000000e+004	  2.0503692525973138e+003	 -5.5859404827764902e+003	
  1.5390000000000000e+004	  2.0503692525973138e+003	 -5.5859404827764902e+003	
  1.5420000000000000e+004	  2.0503692525973138e+003	 -5.5859404827764902e+003	
  1.5450000000000000e+004	  2.0503692525973138e+003	 -5.5859404827764902e+003	
  1.5480000000000000e+004	  2.0503692525973138e+003	 -5.5859404827764902e+003	
  1.5510000000000000e+004	  2.0503692525973138e+003	 -5.5859404827764902e+003	
  1.5540000000000000e+004	  2.0503692525973138e+003	 -5.5859404827764902e+003	
  1.5570000000000000e+004	  2.0503692525973138e+003	 -5.5859404827764902e+003	
  1.5600000000000000e+004	  2.0503692525973138e+003	 -5.5859404827764902e+003	
  1.5630000000000000e+004	  2.0503692525973138e+003	 -5.5859404827764902e+003	
  1.5660000000000000e+004	  2.0503692525973138e+003	 -5.5859404827764902e+003	
  1.5690000000000000e+004	  2.0503692525973138e+003	 -5.5859404827764902e+003	
  1.5720000000000000e+004	  2.0503692525973138e+003	 -5.5859404827764902e+003	
  1.5750000000000000e+004	  2.0503692525973138e+003	 -5.5859404827764902e+003	
  1.5780000000000000e+004	  2.0503692525973138e+003	 -5.5859404827764902e+003	
  1.5810000000000000e+004	  2.0503692525973138e+003	 -5.5859404827764902e+003	
  1.5840000000000000e+004	  2.0503692525973138e+003	 -5.5859404827764902e+003	
  1.5870000000000000e+004	  2.0503692525973138e+003	 -5.5859404827764902e+003	
  1.5900000000000000e+004	  2.0503692525973138e+003	 -5.5859404827764902e+003	
  1.5930000000000000e+004	  2.0503692525973138e+003	 -5.5859404827764902e+003	
  1.5960000000000000e+004	  2.0503692525973138e+003	 -5.5859404827764902e+003	
  1.5990000000000000e+004	  2.0503692525973138e+003	 -5.5859404827764902e+003	
  1.6020000000000000e+004	  2.0503692525973138e+003	 -5.5859404827764902e+003	
  1.6050000000000000e+004	  2.0503692525973138e+003	 -5.5859404827764902e+003	
  1.6080000000000000e+004	  2.0503692525973138e+003	 -5.5859404827764902e+003	
  1.6110000000000000e+004	  2.0503692525973138e+003	 -5.5859404827764902e+003	
  1.6140000000000000e+004	  2.0503692525973138e+003	 -5.5859404827764902e+003	
  1.6170000000000000e+004	  2.0503692525973138e+003	 -5.5859404827764902e+003	
  1.6200000000000000e+004	  2.0503692525973138e+003	 -5.5859404827764902e+003	
  1.6230000000000000e+004	  2.0503692525973138e+003	 -5.5859404827764902e+003	
  1.6260000000000000e+004	  2.0503692525973138e+003	 -5.5859404827764902e+003	
  1.6290000000000000e+004	  2.0503692525973138e+003	 -5.5859404827764902e+003	
  1.6320000000000000e+004	  2.0503692525973138e+003	 -5.5859404827764902e+003	
  1.6350000000000000e+004	  2.0503692525973138e+003	 -5.5859404827764902e+003	
  1.6380000000000000e+004	  2.0503692525973138e+003	 -5.5859404827764902e+003	
  1.6410000000000000e+004	  2.0503692525973138e+003	 -5.5859404827764902e+003	
  1.6440000000000000e+004	  2.0503692525973138e+003	 -5.5859404827764902e+003	
  1.6470000000000000e+004	  2.0503692525973138e+003	 -5.5859404827764902e+003	
  1.6500000000000000e+004	  2.0503692525973138e+003	 -5.5859404827764902e+003	
  1.6530000000000000e+004	  2.0503692525973138e+003	 -5.5859404827764902e+003	
  1.6560000000000000e+004	  2.0503692525973138e+003	 -5.5859404827764902e+003	
  1.6590000000000000e+004	  2.0503692525973138e+003	 -5.5859404827764902e+003	
  1.6620000000000000e+004	  2.0503692525973138e+003	 -5.5859404827764902e+003	
  1.6650000000000000e+004	  2.0503692525973138e+003	 -5.5859404827764902e+003	
  1.6680000000000000e+004	  2.0503692525973138e+003	 -5.5859404827764902e+003	
  1.6710000000000000e+004	  2.0503692525973138e+003	 -5.5859404827764902e+003	
  1.6740000000000000e+004	  2.0503692525973138e+003	 -5.5859404827764902e+003	
  1.6770000000000000e+004	  2.0503692525973138e+003	 -5.5859404827764902e+003	
  1.6800000000000000e+004	  2.0503692525973138e+003	 -5.5859404827764902e+003	
  1.6830000000000000e+004	  2.0503692525973138e+003	 -5.5859404827764902e+003	
  1.6860000000000000e+004	  2.0503692525973138e+003	 -5.5859404827764902e+003	
  1.6890000000000000e+004	  2.0503692525973138e+003	 -5.5859404827764902e+003	
  1.6920000000000000e+004	  2.0503692525973138e+003	 -5.5859404827764902e+003	
  1.6950000000000000e+004	  2.0503692525973138e+003	 -5.5859404827764902e+003	
  1.6980000000000000e+004	  2.0503692525973138e+003	 -5.5859404827764902e+003	
  1.7010000000000000e+004	  2.0503692525973138e+003	 -5.5859404827764902e+003	
  1.7040000000000000e+004	  2.0503692525973138e+003	 -5.5859404827764902e+003	
  1.7070000000000000e+004	  2.0503692525973138e+003	 -5.5859404827764902e+003	
  1.7100000000000000e+004	  2.0503287029950811e+003	 -5.5855534885382249e+003	
  1.7130000000000000e+004	  2.0461394452869033e+003	 -5.5455723664947600e+003	
  1.7160000000000000e+004	  2.0411456191813745e+003	 -5.5369720902422487e+003	
  1.7190000000000000e+004	  2.0286320274380116e+003	 -5.5965378716136456e+003	
  1.7220000000000000e+004	  2.0274374578704562e+003	 -5.6051204191790539e+003	
  1.7250000000000000e+004	  2.0321765650890368e+003	 -5.6083374831699630e+003	
  1.7280000000000000e+004	  2.0352902764069654e+003	 -5.6173764315818244e+003	
  1.7310000000000000e+004	  2.0298461787318752e+003	 -5.6128680897216818e+003	
  1.7340000000000000e+004	  1.9976515859286060e+003	 -5.6118105769099357e+003	
  1.7370000000000000e+004	  1.9694421517665069e+003	 -5.6051092878968966e+003	
  1.7400000000000000e+004	  1.9353969571897323e+003	 -5.5893356548807888e+003	
  1.7430000000000000e+004	  1.9219433776438450e+003	 -5.5663932006754958e+003	
  1.7460000000000000e+004	  1.9003040684179246e+003	 -5.5443078878624337e+003	
  1.7490000000000000e+004	  1.8841186487837356e+003	 -5.5137513439373097e+003	
  1.7520000000000000e+004	  1.8739648178566270e+003	 -5.5118144267532043e+003	
  1.7550000000000000e+004	  1.8758350048786476e+003	 -5.5141186896662039e+003	
  1.7580000000000000e+004	  1.8751495961118612e+003	 -5.5387086377410305e+003	
  1.7610000000000000e+004	  1.8730737871871156e+003	 -5.5427383166837944e+003	
  1.7640000000000000e+004	  1.8532067499922209e+003	 -5.5630425553743553e+003	
  1.7670000000000000e+004	  1.8634878673014050e+003	 -5.5457550101028291e+003	
  1.7700000000000000e+004	  1.8778422718705892e+003	 -5.5488830205918684e+003	
  1.7730000000000000e+004	  1.8725548369734868e+003	 -5.5515657626014809e+003	
  1.7760000000000000e+004	  1.8731619129747876e+003	 -5.5471910001636334e+003	
  1.7790000000000000e+004	  1.8720554682211623e+003	 -5.5464785708236723e+003	
  1.7820000000000000e+004	  1.8907279407908604e+003	 -5.5459108540239595e+003	
  1.7850000000000000e+004	  1.8960937060324923e+003	 -5.5398885992054211e+003	
  1.7880000000000000e+004	  1.8816707628991849e+003	 -5.5421260724741533e+003	
  1.7910000000000000e+004	  1.8808482747796872e+003	 -5.5528570410501588e+003	
  1.7940000000000000e+004	  1.8892983746301270e+003	 -5.5571093539676976e+003	
  1.7970000000000000e+004	  1.8850096785288326e+003	 -5.5507086209153322e+003	
  1.8000000000000000e+004	  1.8886325504091510e+003	 -5.5517772649537292e+003	
  1.8030000000000000e+004	  1.8910902273054896e+003	 -5.5533468365411582e+003	
  1.8060000000000000e+004	  1.8934401966618709e+003	 -5.5599479403791838e+003	
  1.8090000000000000e+004	  1.8852446754008306e+003	 -5.5618959896906954e+003	
  1.8120000000000000e+004	  1.8916189704581745e+003	 -5.5351687544700526e+003	
  1.8150000000000000e+004	  1.8956628793917159e+003	 -5.5227902926303987e+003	
  1.8180000000000000e+004	  1.8884171373215590e+003	 -5.5569980367954076e+003	
  1.8210000000000000e+004	  1.8713896436718824e+003	 -5.5620518335787610e+003	
  1.8240000000000000e+004	  1.8430529188138803e+003	 -5.5598254909124698e+003	
  1.8270000000000000e+004	  1.8275920719111068e+003	 -5.5437958290350171e+003	
  1.8300000000000000e+004	  1.8210415320637069e+003	 -5.5472021318165807e+003	
  1.8330000000000000e+004	  1.8264954192899902e+003	 -5.5413023264284129e+003	
  1.8360000000000000e+004	  1.8255945973877110e+003	 -5.5241706239527975e+003	
  1.8390000000000000e+004	  1.8265639614299500e+003	 -5.5305490936336937e+003	
  1.8420000000000000e+004	  1.8222458911899707e+003	 -5.5341446364658059e+003	
  1.8450000000000000e+004	  1.8166940862590513e+003	 -5.5392874860965439e+003	
  1.8480000000000000e+004	  1.8212373626031870e+003	 -5.5363153194047354e+003	
  1.8510000000000000e+004	  1.8183586477228873e+003	 -5.5319739531698815e+003	
  1.8540000000000000e+004	  1.8156855576218070e+003	 -5.5389757978151265e+003	
  1.8570000000000000e+004	  1.8131789231316798e+003	 -5.5471798685422600e+003	
  1.8600000000000000e+004	  1.8269262488052129e+003	 -5.5576102813597327e+003	
  1.8630000000000000e+004	  1.8239104531688513e+003	 -5.5398552033730075e+003	
  1.8660000000000000e+004	  1.8198273777318313e+003	 -5.5477587176598117e+003	
  1.8690000000000000e+004	  1.8199057120740556e+003	 -5.5353134662036555e+003	
  1.8720000000000000e+004	  1.8262408406100985e+003	 -5.5347568803314007e+003	
  1.8750000000000000e+004	  1.8130712157857997e+003	 -5.5505973037679896e+003	
  1.8780000000000000e+004	  1.7948687351813460e+003	 -5.5595026724384888e+003	
  1.8810000000000000e+004	  1.8060408864452897e+003	 -5.5463338592040891e+003	
  1.8840000000000000e+004	  1.8045770525312046e+003	 -5.5476752289883088e+003	
  1.8870000000000000e+004	  1.7884642045352427e+003	 -5.5636361367936788e+003	
  1.8900000000000000e+004	  1.7819439014307832e+003	 -5.5645898631827586e+003	
  1.8930000000000000e+004	  1.7919410666056199e+003	 -5.5620963599187880e+003	
  1.8960000000000000e+004	  1.7757752290457406e+003	 -5.5715249189905899e+003	
  1.8990000000000000e+004	  1.7759808512243792e+003	 -5.5737735246124230e+003	
  1.9020000000000000e+004	  1.7703017585457212e+003	 -5.5809423449734468e+003	
  1.9050000000000000e+004	  1.7776649977469920e+003	 -5.5775026463813902e+003	
  1.9080000000000000e+004	  1.7785266523305843e+003	 -5.5756325199891253e+003	
  1.9110000000000000e+004	  1.7740323336865567e+003	 -5.5854840827744747e+003	
  1.9140000000000000e+004	  1.7705857119302796e+003	 -5.5695100785982577e+003	
  1.9170000000000000e+004	  1.7383519553228093e+003	 -5.5269980782308257e+003	
  1.9200000000000000e+004	  1.7393115242210363e+003	 -5.4635139370316847e+003	
  1.9230000000000000e+004	  1.7386261155885072e+003	 -5.4033470442250746e+003	
  1.9260000000000000e+004	  1.7325455677128023e+003	 -5.3563489655606463e+003	
  1.9290000000000000e+004	  1.7475364218769387e+003	 -5.3874064356097242e+003	
  1.9320000000000000e+004	  1.7503563850237992e+003	 -5.3970353648380815e+003	
  1.9350000000000000e+004	  1.7376273771563478e+003	 -5.4768497248173135e+003	
  1.9380000000000000e+004	  1.7385771580951393e+003	 -5.5437067753491956e+003	
  1.9410000000000000e+004	  1.7218825769863543e+003	 -5.6013133746256754e+003	
  1.9440000000000000e+004	  1.7470272592286960e+003	 -5.6460517165588735e+003	
  1.9470000000000000e+004	  1.7477126671588362e+003	 -5.6986156504921910e+003	
  1.9500000000000000e+004	  1.7254466994922768e+003	 -5.7073874381929663e+003	
  1.9530000000000000e+004	  1.7043263418068589e+003	 -5.6927492399466355e+003	
  1.9560000000000000e+004	  1.7040815553254367e+003	 -5.6900664986295142e+003	
  1.9590000000000000e+004	  1.6908825547862355e+003	 -5.6896100984565082e+003	
  1.9620000000000000e+004	  1.7044340504058316e+003	 -5.6939848602005850e+003	
  1.9650000000000000e+004	  1.6979814228031887e+003	 -5.6991165787529790e+003	
  1.9680000000000000e+004	  1.6730423638411553e+003	 -5.6944857864746245e+003	
  1.9710000000000000e+004	  1.6838718120145882e+003	 -5.7267343502012864e+003	
  1.9740000000000000e+004	  1.7285016603822000e+003	 -5.7280812875902711e+003	
  1.9770000000000000e+004	  1.7459208153190798e+003	 -5.6920479425327394e+003	
  1.9800000000000000e+004	  1.7583854490495528e+003	 -5.6412984763112981e+003	
  1.9830000000000000e+004	  1.7350130366925605e+003	 -5.5979070715899406e+003	
  1.9860000000000000e+004	  1.7512963726946014e+003	 -5.5732503334792473e+003	
  1.9890000000000000e+004	  1.7865459265248621e+003	 -5.6109534349207624e+003	
  1.9920000000000000e+004	  1.8314401495268896e+003	 -5.6129126166491606e+003	
  1.9950000000000000e+004	  1.8816315962640135e+003	 -5.5983412077916264e+003	
  1.9980000000000000e+004	  1.9202494393639015e+003	 -5.6011018725194999e+003	
  2.0010000000000000e+004	  1.8835213644118492e+003	 -5.5939441817182214e+003	
  2.0040000000000000e+004	  1.8491138831690282e+003	 -5.5944005828514755e+003	
  2.0070000000000000e+004	  1.8391363011395115e+003	 -5.5988087404284506e+003	
  2.0100000000000000e+004	  1.8303476137493531e+003	 -5.5898091556773243e+003	
  2.0130000000000000e+004	  1.8507395652535220e+003	 -5.5789678376934617e+003	
  2.0160000000000000e+004	  1.8711315167576909e+003	 -5.5681265197095991e+003	
  2.0190000000000000e+004	  1.8920400077097650e+003	 -5.5872094986767625e+003	
  2.0220000000000000e+004	  1.9123868322920873e+003	 -5.5789720323036272e+003	
  2.0250000000000000e+004	  1.9278966383312509e+003	 -5.6030165262925384e+003	
  2.0280000000000000e+004	  1.9135030691233501e+003	 -5.6271055470033480e+003	
  2.0310000000000000e+004	  1.8990899184389934e+003	 -5.6548902951222781e+003	
  2.0340000000000000e+004	  1.9061006626428348e+003	 -5.6543114448691094e+003	
  2.0370000000000000e+004	  1.9062377449924711e+003	 -5.6954542458079295e+003	
  2.0400000000000000e+004	  1.8757860468440588e+003	 -5.6989718658191323e+003	
  2.0430000000000000e+004	  1.8643299405193065e+003	 -5.7190534710790571e+003	
  2.0460000000000000e+004	  1.8509742774956953e+003	 -5.7304078142626495e+003	
  2.0490000000000000e+004	  1.8458239264071967e+003	 -5.7319439908524128e+003	
  2.0520000000000000e+004	  1.8423577196590377e+003	 -5.7308753465884893e+003	
  2.0550000000000000e+004	  1.8445901924735863e+003	 -5.7272241460035839e+003	
  2.0580000000000000e+004	  1.8485655574492434e+003	 -5.7290274820033419e+003	
  2.0610000000000000e+004	  1.8437481171698157e+003	 -5.7243521653489606e+003	
  2.0640000000000000e+004	  1.8311757778505696e+003	 -5.7423410075381935e+003	
  2.0670000000000000e+004	  1.8298637105592820e+003	 -5.7463484241214865e+003	
  2.0700000000000000e+004	  1.7381169576201228e+003	 -5.7433651250583634e+003	
  2.0730000000000000e+004	  1.8174676186239674e+003	 -5.7040701894216782e+003	
  2.0760000000000000e+004	  1.7996078438649579e+003	 -5.6781110409202229e+003	
  2.0790000000000000e+004	  1.7843917874393396e+003	 -5.6747047380276290e+003	
  2.0820000000000000e+004	  1.7851555269646135e+003	 -5.6833874725613041e+003	
  2.0850000000000000e+004	  1.7902275458252068e+003	 -5.6867715121078554e+003	
  2.0880000000000000e+004	  1.7803185053787522e+003	 -5.6856360776659249e+003	
  2.0910000000000000e+004	  1.7699198855777315e+003	 -5.6924264204712508e+003	
  2.0940000000000000e+004	  1.7780860335343846e+003	 -5.7081889211302378e+003	
  2.0970000000000000e+004	  1.7744044142537393e+003	 -5.6906676106890200e+003	
  2.1000000000000000e+004	  1.7707423765713597e+003	 -5.6858809748700542e+003	
  2.1030000000000000e+004	  1.7768718809971044e+003	 -5.6893985957301611e+003	
  2.1060000000000000e+004	  1.7809059972876523e+003	 -5.6954765094207105e+003	
  2.1090000000000000e+004	  1.7804555859097468e+003	 -5.6871722538643016e+003	
  2.1120000000000000e+004	  1.7806122507053672e+003	 -5.7047603548037241e+003	
  2.1150000000000000e+004	  1.7880146579935124e+003	 -5.7136434588661459e+003	
  2.1180000000000000e+004	  1.7888175649840973e+003	 -5.7060293699856920e+003	
  2.1210000000000000e+004	  1.7864871777367130e+003	 -5.7146675769677413e+003	
  2.1240000000000000e+004	  1.7900317149810348e+003	 -5.7389458365071077e+003	
  2.1270000000000000e+004	  1.7755989801083383e+003	 -5.6842334812536983e+003	
  2.1300000000000000e+004	  1.7850967786123372e+003	 -5.6993280801194614e+003	
  2.1330000000000000e+004	  1.7866340508305173e+003	 -5.7292723806602189e+003	
  2.1360000000000000e+004	  1.7878482023297306e+003	 -5.7072872530602735e+003	
  2.1390000000000000e+004	  1.7857528108674353e+003	 -5.7151351084579001e+003	
  2.1420000000000000e+004	  1.7966801725516812e+003	 -5.7115618298289974e+003	
  2.1450000000000000e+004	  1.8028782200881917e+003	 -5.7155915089161144e+003	
  2.1480000000000000e+004	  1.7879167430204056e+003	 -5.6825971210860898e+003	
  2.1510000000000000e+004	  1.7853513581740212e+003	 -5.7108271360412255e+003	
  2.1540000000000000e+004	  1.7820222331034388e+003	 -5.6969236311770710e+003	
  2.1570000000000000e+004	  1.7926362668488132e+003	 -5.6788902615007892e+003	
  2.1600000000000000e+004	  1.7649359924438024e+003	 -5.6646639357121549e+003	
  2.1630000000000000e+004	  1.7875936199016717e+003	 -5.7287714533981507e+003	
  2.1660000000000000e+004	  1.7918039838920063e+003	 -5.7348827621777400e+003	
  2.1690000000000000e+004	  1.7830013881350228e+003	 -5.7179291678696827e+003	
  2.1720000000000000e+004	  1.7901590066382942e+003	 -5.7006193596120629e+003	
  2.1750000000000000e+004	  1.7978943218630975e+003	 -5.7346267326232373e+003	
  2.1780000000000000e+004	  1.7851261540231048e+003	 -5.6697288638232740e+003	
  2.1810000000000000e+004	  1.7845288686289077e+003	 -5.6740479673113687e+003	
  2.1840000000000000e+004	  1.7794764321099385e+003	 -5.6879292096139779e+003	
  2.1870000000000000e+004	  1.7783406153409730e+003	 -5.7186304655802105e+003	
  2.1900000000000000e+004	  1.7843428299319198e+003	 -5.7058401303330174e+003	
  2.1930000000000000e+004	  1.7630560158027808e+003	 -5.6374023787495771e+003	
  2.1960000000000000e+004	  1.7857528129645077e+003	 -5.6360331777563315e+003	
  2.1990000000000000e+004	  1.7894148468735464e+003	 -5.6410647110030386e+003	
  2.2020000000000000e+004	  1.7815914053103174e+003	 -5.6493467032376493e+003	
  2.2050000000000000e+004	  1.8017130256311368e+003	 -5.6953317969178397e+003	
  2.2080000000000000e+004	  1.7860465568694337e+003	 -5.6899774438757604e+003	
  2.2110000000000000e+004	  1.7841372066299186e+003	 -5.6859143704261987e+003	
  2.2140000000000000e+004	  1.7752856524066960e+003	 -5.6679477907796027e+003	
  2.2170000000000000e+004	  1.7878579938263574e+003	 -5.6936843037777480e+003	
  2.2200000000000000e+004	  1.7822474371347594e+003	 -5.7051165695769350e+003	
  2.2230000000000000e+004	  1.7834224255883012e+003	 -5.6805822803136380e+003	
  2.2260000000000000e+004	  1.7882104879607809e+003	 -5.6778772754487745e+003	
  2.2290000000000000e+004	  1.7889644371594381e+003	 -5.6874839415383485e+003	
  2.2320000000000000e+004	  1.7916179438877837e+003	 -5.7039366083509804e+003	
  2.2350000000000000e+004	  1.7961318476705565e+003	 -5.7179402993504609e+003	
  2.2380000000000000e+004	  1.7869669637699055e+003	 -5.7109495861400737e+003	
  2.2410000000000000e+004	  1.7901785879434076e+003	 -5.7109273219796714e+003	
  2.2440000000000000e+004	  1.7903940020178634e+003	 -5.6762965720812817e+003	
  2.2470000000000000e+004	  1.7924600169044393e+003	 -5.6833429447076378e+003	
  2.2500000000000000e+004	  1.7878482019086448e+003	 -5.6919477569154915e+003	
  2.2530000000000000e+004	  1.7839609575144354e+003	 -5.6961332802487714e+003	
  2.2560000000000000e+004	  1.7872215427648621e+003	 -5.6648865697613446e+003	
  2.2590000000000000e+004	  1.7927048076821309e+003	 -5.6974468219433311e+003	
  2.2620000000000000e+004	  1.7961808039535742e+003	 -5.7194319482932287e+003	
  2.2650000000000000e+004	  1.7807297510518299e+003	 -5.7137770405860701e+003	
  2.2680000000000000e+004	  1.7754423159075377e+003	 -5.7081777906250845e+003	
  2.2710000000000000e+004	  1.7821788986639979e+003	 -5.7195432658938953e+003	
  2.2740000000000000e+004	  1.7867482846399482e+003	 -5.7205599623898233e+003	
  2.2770000000000000e+004	  1.7875054972341259e+003	 -5.7034468134556246e+003	
  2.2800000000000000e+004	  1.7880538246710082e+003	 -5.7089347469217018e+003	
  2.2830000000000000e+004	  1.7926852247962020e+003	 -5.7279811020000325e+003	
  2.2860000000000000e+004	  1.7927929316556742e+003	 -5.7170163682460898e+003	
  2.2890000000000000e+004	  1.7856842699889451e+003	 -5.7071536722705860e+003	
  2.2920000000000000e+004	  1.7896792178209573e+003	 -5.6830646527936033e+003	
  2.2950000000000000e+004	  1.7763725129332015e+003	 -5.7001852219281800e+003	
  2.2980000000000000e+004	  1.7834909649016245e+003	 -5.6994282653386636e+003	
  2.3010000000000000e+004	  1.7794372662666151e+003	 -5.6958104608861586e+003	
  2.3040000000000000e+004	  1.7869473802784428e+003	 -5.5664711216078522e+003	
  2.3070000000000000e+004	  1.7763529299891675e+003	 -5.5904265623817282e+003	
  2.3100000000000000e+004	  1.7835105482429947e+003	 -5.6509162740331476e+003	
  2.3130000000000000e+004	  1.7772537512072479e+003	 -5.6037066923787424e+003	
  2.3160000000000000e+004	  1.7938210409013755e+003	 -5.5127160947353768e+003	
  2.3190000000000000e+004	  1.7863305132032754e+003	 -5.5242930734020756e+003	
  2.3220000000000000e+004	  1.7843917882661360e+003	 -5.5794284327231526e+003	
  2.3250000000000000e+004	  1.7726615195040940e+003	 -5.6488569068167071e+003	
  2.3280000000000000e+004	  1.7843036635007588e+003	 -5.6388495002053787e+003	
  2.3310000000000000e+004	  1.7900317173851515e+003	 -5.6009126331918869e+003	
  2.3340000000000000e+004	  1.7718194475182886e+003	 -5.6733911967004842e+003	
  2.3370000000000000e+004	  1.7746394104626847e+003	 -5.6820071397465963e+003	
  2.3400000000000000e+004	  1.7803797023823765e+003	 -5.7102538539216112e+003	
  2.3430000000000000e+004	  1.7885801194105079e+003	 -5.7506063027430619e+003	
  2.3460000000000000e+004	  1.7967805364386386e+003	 -5.7909587515645135e+003	
  2.3490000000000000e+004	  1.7945162428187753e+003	 -5.7747899424775223e+003	
  2.3520000000000000e+004	  1.7900610907364833e+003	 -5.7207454903659518e+003	
  2.3550000000000000e+004	  1.7727790170657740e+003	 -5.6497808391998524e+003	
  2.3580000000000000e+004	  1.7688624005884144e+003	 -5.6766082603820205e+003	
  2.3610000000000000e+004	  1.7788497728476918e+003	 -5.6964227042659868e+003	
  2.3640000000000000e+004	  1.7774789580235756e+003	 -5.6830089936580116e+003	
  2.3670000000000000e+004	  1.7744435787706527e+003	 -5.6815618712808991e+003	
  2.3700000000000000e+004	  1.7872215431664179e+003	 -5.7449013013956819e+003	
  2.3730000000000000e+004	  1.7816893216011952e+003	 -5.7632686226991827e+003	
  2.3760000000000000e+004	  1.7811920943089349e+003	 -5.7374395768368004e+003	
  2.3790000000000000e+004	  1.7805954215582226e+003	 -5.7064447218019413e+003	
  2.3820000000000000e+004	  1.7838728367129286e+003	 -5.6942854164001046e+003	
  2.3850000000000000e+004	  1.7684021983486405e+003	 -5.6943522054120649e+003	
  2.3880000000000000e+004	  1.7770481281492514e+003	 -5.6313689914574461e+003	
  2.3910000000000000e+004	  1.7841372073292418e+003	 -5.6255693699926896e+003	
  2.3940000000000000e+004	  1.8361792570470084e+003	 -5.7779402171065731e+003	
  2.3970000000000000e+004	  1.8300595424594321e+003	 -5.7993687592390688e+003	
  2.4000000000000000e+004	  1.8134628760220626e+003	 -5.6843670632249450e+003	
  2.4030000000000000e+004	  1.8007828299369514e+003	 -5.5691316011532563e+003	
  2.4060000000000000e+004	  1.7899827582331022e+003	 -5.6913132494990014e+003	
  2.4090000000000000e+004	  1.7969935024479491e+003	 -5.7160033825592654e+003	
  2.4120000000000000e+004	  1.7922250202964904e+003	 -5.7011870764015621e+003	
  2.4150000000000000e+004	  1.7626349795741746e+003	 -5.7132427179264978e+003	
  2.4180000000000000e+004	  1.7531371834286376e+003	 -5.6824078814973955e+003	
  2.4210000000000000e+004	  1.7626839360520426e+003	 -5.6458402139096843e+003	
  2.4240000000000000e+004	  1.7678832463816866e+003	 -5.5569980372912114e+003	
  2.4270000000000000e+004	  1.7857332278173612e+003	 -5.6059664293823334e+003	
  2.4300000000000000e+004	  1.7632028882536135e+003	 -5.6407864182339381e+003	
  2.4330000000000000e+004	  1.7531371812167533e+003	 -5.6477993944353457e+003	
  2.4360000000000000e+004	  1.7907171237284667e+003	 -5.7164820457564811e+003	
  2.4390000000000000e+004	  1.8708706902129077e+003	 -5.8261071252002830e+003	
  2.4420000000000000e+004	  1.8467247482516445e+003	 -5.8159104790695465e+003	
  2.4450000000000000e+004	  1.8568100373033019e+003	 -5.8656803543089163e+003	
  2.4480000000000000e+004	  1.7614627909566127e+003	 -5.5958834855358818e+003	
  2.4510000000000000e+004	  1.7505032592643176e+003	 -5.4227496148604969e+003	
  2.4540000000000000e+004	  1.7904037935724468e+003	 -5.5730277000039250e+003	
  2.4570000000000000e+004	  1.7819341109342211e+003	 -5.6454394723656615e+003	
  2.4600000000000000e+004	  1.7909912864052530e+003	 -5.6284636145291488e+003	
  2.4630000000000000e+004	  1.8026432236271321e+003	 -5.6272947859594515e+003	
  2.4660000000000000e+004	  1.8050911078873773e+003	 -5.6295767855051363e+003	
  2.4690000000000000e+004	  1.7986286891093612e+003	 -5.6193356122769055e+003	
  2.4720000000000000e+004	  1.7889350624144595e+003	 -5.6035842439487160e+003	
  2.4750000000000000e+004	  1.7752758608724093e+003	 -5.6171092710285429e+003	
  2.4780000000000000e+004	  1.7702332155010240e+003	 -5.6831203117258901e+003	
  2.4810000000000000e+004	  1.7569167178148368e+003	 -5.6926379227146026e+003	
  2.4840000000000000e+004	  1.7455585293705874e+003	 -5.6934171423819107e+003	
  2.4870000000000000e+004	  1.7657780641523939e+003	 -5.7074987558153462e+003	
  2.4900000000000000e+004	  1.7768914644567835e+003	 -5.7248642227664950e+003	
  2.4930000000000000e+004	  1.8148924404250167e+003	 -5.7380553001365024e+003	
  2.4960000000000000e+004	  1.8365611272522412e+003	 -5.7580144554284179e+003	
  2.4990000000000000e+004	  1.8539411149004857e+003	 -5.7412167049485097e+003	
  2.5020000000000000e+004	  1.8763539555699433e+003	 -5.7392575242182793e+003	
  2.5050000000000000e+004	  1.8967595289001406e+003	 -5.7195321341670951e+003	
  2.5080000000000000e+004	  1.9133464038221323e+003	 -5.7003188025871332e+003	
  2.5110000000000000e+004	  1.9242933496238445e+003	 -5.6808605740686016e+003	
  2.5140000000000000e+004	  1.9257620802215570e+003	 -5.6560034655909058e+003	
  2.5170000000000000e+004	  1.9279162174646867e+003	 -5.6461519021795984e+003	
  2.5200000000000000e+004	  1.9215223435378789e+003	 -5.6353430116052496e+003	
  2.5230000000000000e+004	  1.9193094549159309e+003	 -5.6339292837394778e+003	
  2.5260000000000000e+004	  1.9213950515856827e+003	 -5.6338624941211365e+003	
  2.5290000000000000e+004	  1.9215517158290961e+003	 -5.6316472844983564e+003	
  2.5320000000000000e+004	  1.9141884764366071e+003	 -5.6326046108655701e+003	
  2.5350000000000000e+004	  1.9193486200383134e+003	 -5.6254914484618321e+003	
  2.5380000000000000e+004	  1.9254781253566193e+003	 -5.6166528709241375e+003	
  2.5410000000000000e+004	  1.9358767427652576e+003	 -5.6028384190335146e+003	
  2.5440000000000000e+004	  1.9299920274343181e+003	 -5.5868087559819542e+003	
  2.5470000000000000e+004	  1.9198969448516159e+003	 -5.5739516314384218e+003	
  2.5500000000000000e+004	  1.9047983868418346e+003	 -5.5562633442208071e+003	
  2.5530000000000000e+004	  1.8983163863689820e+003	 -5.5332318365973433e+003	
  2.5560000000000000e+004	  1.8844809374680692e+003	 -5.5120927188820651e+003	
  2.5590000000000000e+004	  1.8811126456664256e+003	 -5.5094545039132336e+003	
  2.5620000000000000e+004	  1.8998732415837972e+003	 -5.5208533744903671e+003	
  2.5650000000000000e+004	  1.9082058436422080e+003	 -5.5273988198535972e+003	
  2.5680000000000000e+004	  1.9309320144500948e+003	 -5.5575434901771532e+003	
  2.5710000000000000e+004	  1.9438078939158920e+003	 -5.5607382917764826e+003	
  2.5740000000000000e+004	  1.9574279306194126e+003	 -5.5561742906103027e+003	
  2.5770000000000000e+004	  1.9774124680549153e+003	 -5.5387420334944427e+003	
  2.5800000000000000e+004	  1.9934216392434312e+003	 -5.5174693344263897e+003	
  2.5830000000000000e+004	  2.0195063095401042e+003	 -5.4992021995206087e+003	
  2.5860000000000000e+004	  2.0205148386502756e+003	 -5.4787866434370862e+003	
  2.5890000000000000e+004	  2.0207890005975721e+003	 -5.4594174676575685e+003	
  2.5920000000000000e+004	  2.0159030213873364e+003	 -5.4376661063685169e+003	
  2.5950000000000000e+004	  2.0013332064010451e+003	 -5.4171614967588202e+003	
  2.5980000000000000e+004	  1.9796938973953897e+003	 -5.3952208961788419e+003	
  2.6010000000000000e+004	  1.9573495956676647e+003	 -5.3854472544171267e+003	
  2.6040000000000000e+004	  1.9506130141271067e+003	 -5.3799815855559618e+003	
  2.6070000000000000e+004	  1.9571439740454582e+003	 -5.3742710177954632e+003	
  2.6100000000000000e+004	  1.9532861065718782e+003	 -5.3644639814598613e+003	
  2.6130000000000000e+004	  1.9426524914701772e+003	 -5.3639853182505458e+003	
  2.6160000000000000e+004	  1.9433868552610743e+003	 -5.3635400490969496e+003	
  2.6190000000000000e+004	  1.9495261544813136e+003	 -5.3692506168574764e+003	
  2.6220000000000000e+004	  1.9547058793673357e+003	 -5.3641411619298424e+003	
  2.6250000000000000e+004	  1.9542946351482274e+003	 -5.3604231708617972e+003	
  2.6280000000000000e+004	  1.9591120747794744e+003	 -5.3579964583245946e+003	
  2.6310000000000000e+004	  1.9597191492440411e+003	 -5.3567608384781015e+003	
  2.6340000000000000e+004	  1.9592687393090691e+003	 -5.3595548964995287e+003	
  2.6370000000000000e+004	  1.9623432819184138e+003	 -5.3585975710103394e+003	
  2.6400000000000000e+004	  1.9621768272577551e+003	 -5.3567942336152710e+003	
  2.6430000000000000e+004	  1.9616823546791945e+003	 -5.3596328193899562e+003	
  2.6460000000000000e+004	  1.9759535286479561e+003	 -5.3378146676942361e+003	
  2.6490000000000000e+004	  2.0033698479561683e+003	 -5.3230094928287162e+003	
  2.6520000000000000e+004	  2.0068164711556110e+003	 -5.3133471699156735e+003	
  2.6550000000000000e+004	  2.0122214012501117e+003	 -5.3096514411968865e+003	
  2.6580000000000000e+004	  2.0125738962729997e+003	 -5.3128128477563896e+003	
  2.6610000000000000e+004	  2.0123976492072513e+003	 -5.3125568175796743e+003	
  2.6640000000000000e+004	  2.0134649275084307e+003	 -5.3131579299006135e+003	
  2.6670000000000000e+004	  2.0117122409477815e+003	 -5.3136031976997010e+003	
  2.6700000000000000e+004	  2.0061506436659784e+003	 -5.3172098720224703e+003	
  2.6730000000000000e+004	  2.0120451531603765e+003	 -5.3124009735379059e+003	
  2.6760000000000000e+004	  2.0122116104620159e+003	 -5.3130911393836532e+003	
  2.6790000000000000e+004	  2.0081774942740522e+003	 -5.3148054224991765e+003	
  2.6820000000000000e+004	  2.0091664418619371e+003	 -5.3141041254868924e+003	
  2.6850000000000000e+004	  2.0100378857412556e+003	 -5.3129575599455084e+003	
  2.6880000000000000e+004	  2.0143755412651481e+003	 -5.3138703594393573e+003	
  2.6910000000000000e+004	  2.0081774953429006e+003	 -5.3161857545063440e+003	
  2.6940000000000000e+004	  2.0101945515403554e+003	 -5.3154733251617754e+003	
  2.6970000000000000e+004	  2.0141013771439352e+003	 -5.3126792665566272e+003	
  2.7000000000000000e+004	  2.0175284175738259e+003	 -5.3077256552721692e+003	
  2.7030000000000000e+004	  2.0174696684949054e+003	 -5.3096514414840913e+003	
  2.7060000000000000e+004	  2.0188600682705223e+003	 -5.3098852073641419e+003	
  2.7090000000000000e+004	  2.0163534322691660e+003	 -5.3116217542112399e+003	
  2.7120000000000000e+004	  2.0119178619917479e+003	 -5.3130466125404491e+003	
  2.7150000000000000e+004	  2.0071004246312345e+003	 -5.3180558819857270e+003	
  2.7180000000000000e+004	  2.0125934800029997e+003	 -5.3132358521161614e+003	
  2.7210000000000000e+004	  2.0032229741696810e+003	 -5.3162191508376900e+003	
  2.7240000000000000e+004	  2.0066891787907898e+003	 -5.3178332478814837e+003	
  2.7270000000000000e+004	  1.9997567682524798e+003	 -5.3114436470790333e+003	
  2.7300000000000000e+004	  1.9956149444573762e+003	 -5.3093286211794348e+003	
  2.7330000000000000e+004	  1.9935783042768628e+003	 -5.3091839098947557e+003	
  2.7360000000000000e+004	  1.9963493107094048e+003	 -5.3069575675547712e+003	
  2.7390000000000000e+004	  1.9970640938282509e+003	 -5.3077367870621683e+003	
  2.7420000000000000e+004	  1.9977886677884060e+003	 -5.3083712952314800e+003	
  2.7450000000000000e+004	  1.9941853809179004e+003	 -5.3093286225648326e+003	
  2.7480000000000000e+004	  1.9955757780041670e+003	 -5.3085160070728616e+003	
  2.7510000000000000e+004	  1.9998351002209492e+003	 -5.2971727947402887e+003	
  2.7540000000000000e+004	  1.9888391984392670e+003	 -5.2791060288664239e+003	
  2.7570000000000000e+004	  1.9780978758619276e+003	 -5.2619743274698867e+003	
  2.7600000000000000e+004	  1.9768249747562470e+003	 -5.2363825261104166e+003	
  2.7630000000000000e+004	  1.9744652134347587e+003	 -5.2159558383134190e+003	
  2.7660000000000000e+004	  1.9737993894046317e+003	 -5.2064827535131162e+003	
  2.7690000000000000e+004	  1.9833559342201916e+003	 -5.1882044860462420e+003	
  2.7720000000000000e+004	  1.9870571373426460e+003	 -5.1898408469058140e+003	
  2.7750000000000000e+004	  1.9860486086070130e+003	 -5.1904642230426307e+003	
  2.7780000000000000e+004	  1.9838259285314991e+003	 -5.1882044853253574e+003	
  2.7810000000000000e+004	  1.9856471554453776e+003	 -5.1856998506194413e+003	
  2.7840000000000000e+004	  1.9825236535715644e+003	 -5.1688798371460816e+003	
  2.7870000000000000e+004	  1.9827390677921417e+003	 -5.1390579861913275e+003	
  2.7900000000000000e+004	  1.9796351473020920e+003	 -5.1079114612492031e+003	
  2.7930000000000000e+004	  1.9815640824422087e+003	 -5.0905125991766208e+003	
  2.7960000000000000e+004	  1.9763941484886313e+003	 -5.0647760856853010e+003	
  2.7990000000000000e+004	  1.9837378050980958e+003	 -5.0580302697170973e+003	
  2.8020000000000000e+004	  1.9827978152217183e+003	 -5.0577853706203286e+003	
  2.8050000000000000e+004	  1.9889566968296101e+003	 -5.0553920544948578e+003	
  2.8080000000000000e+004	  1.9962220209690179e+003	 -5.0550135754073617e+003	
  2.8110000000000000e+004	  1.9950372443704575e+003	 -5.0531100531170860e+003	
  2.8140000000000000e+004	  1.9945476680977622e+003	 -5.0516406678508156e+003	
  2.8170000000000000e+004	  1.9973480488883695e+003	 -5.0491137698769662e+003	
  2.8200000000000000e+004	  1.9969368038069128e+003	 -5.0499820438531178e+003	
  2.8230000000000000e+004	  1.9923641543541205e+003	 -5.0447946651525181e+003	
  2.8260000000000000e+004	  1.9846582086533285e+003	 -5.0402974554633929e+003	
  2.8290000000000000e+004	  1.9858527779361743e+003	 -5.0386944891267776e+003	
  2.8320000000000000e+004	  1.9886825340251846e+003	 -5.0373698153792939e+003	
  2.8350000000000000e+004	  1.9817109545475523e+003	 -5.0387835430534524e+003	
  2.8380000000000000e+004	  1.9791259887361587e+003	 -5.0383605378661878e+003	
  2.8410000000000000e+004	  1.9764137309034436e+003	 -5.0434811241826337e+003	
  2.8440000000000000e+004	  1.9742595916477271e+003	 -5.0438929979480945e+003	
  2.8470000000000000e+004	  1.9736525165949565e+003	 -5.0425794551357376e+003	
  2.8500000000000000e+004	  1.9725264891945014e+003	 -5.0429913290647919e+003	
  2.8530000000000000e+004	  1.9719879521453036e+003	 -5.0387946749829698e+003	
  2.8560000000000000e+004	  1.9698338134863789e+003	 -5.0404644312391174e+003	
  2.8590000000000000e+004	  1.9734860598201135e+003	 -5.0370469965641796e+003	
  2.8620000000000000e+004	  1.9692952791881121e+003	 -5.0364347517855749e+003	
  2.8650000000000000e+004	  1.9652415801502932e+003	 -5.0387946745902409e+003	
  2.8680000000000000e+004	  1.9605514310794920e+003	 -5.0398967132496618e+003	
  2.8710000000000000e+004	  1.9614718364154837e+003	 -5.0438150755666447e+003	
  2.8740000000000000e+004	  1.9548135868768459e+003	 -5.0413549667276357e+003	
  2.8770000000000000e+004	  1.9487330384220215e+003	 -5.0439263928834607e+003	
  2.8800000000000000e+004	  1.9536288104228329e+003	 -5.0425905877962732e+003	
  2.8830000000000000e+004	  1.9520327898384683e+003	 -5.0350432882526729e+003	
  2.8860000000000000e+004	  1.9439253914552974e+003	 -5.0403753775432906e+003	
  2.8890000000000000e+004	  1.9483315843522316e+003	 -5.0379152691963081e+003	
  2.8920000000000000e+004	  1.9536777672861776e+003	 -5.0316147212952974e+003	
  2.8950000000000000e+004	  1.9541281802552417e+003	 -5.0249245634052595e+003	
  2.8980000000000000e+004	  1.9487917873518049e+003	 -5.0254366228125946e+003	
  2.9010000000000000e+004	  1.9493988648855805e+003	 -5.0276518333228942e+003	
  2.9040000000000000e+004	  1.9544121348341846e+003	 -5.0223976657410776e+003	
  2.9070000000000000e+004	  1.9623334913021124e+003	 -5.0189023083733364e+003	
  2.9100000000000000e+004	  1.9629993169038294e+003	 -5.0166203089657793e+003	
  2.9130000000000000e+004	  1.9649282497373865e+003	 -5.0161193815332726e+003	
  2.9160000000000000e+004	  1.9640274295003412e+003	 -5.0237112070947915e+003	
  2.9190000000000000e+004	  1.9607472640676992e+003	 -5.0310247403428457e+003	
  2.9220000000000000e+004	  1.9549996256101090e+003	 -5.0295998818407288e+003	
  2.9250000000000000e+004	  1.9545883819898220e+003	 -5.0221305044939381e+003	
  2.9280000000000000e+004	  1.9619907884121858e+003	 -5.0192028652558602e+003	
  2.9310000000000000e+004	  1.9611487152579116e+003	 -5.0222418216630849e+003	
  2.9340000000000000e+004	  1.9605122652979778e+003	 -5.0289097156904782e+003	
  2.9370000000000000e+004	  1.9613053802002228e+003	 -5.0305794718104562e+003	
  2.9400000000000000e+004	  1.9578685495412792e+003	 -5.0366685174548256e+003	
  2.9430000000000000e+004	  1.9623726573087683e+003	 -5.0375813179199567e+003	
  2.9460000000000000e+004	  1.9625782809301447e+003	 -5.0363679615533520e+003	
  2.9490000000000000e+004	  1.9625097391298809e+003	 -5.0362121182945702e+003	
  2.9520000000000000e+004	  1.9688154925459639e+003	 -5.0309690821631157e+003	
  2.9550000000000000e+004	  1.9692756949308791e+003	 -5.0304458917001220e+003	
  2.9580000000000000e+004	  1.9702058920755401e+003	 -5.0261379197050674e+003	
  2.9610000000000000e+004	  1.9705681797841200e+003	 -5.0275627795640366e+003	
  2.9640000000000000e+004	  1.9761983165890931e+003	 -5.0107761597449298e+003	
  2.9670000000000000e+004	  1.9745631299893241e+003	 -5.0125794971512732e+003	
  2.9700000000000000e+004	  1.9750135389803822e+003	 -5.0070136421121442e+003	
  2.9730000000000000e+004	  1.9818186612896236e+003	 -4.9959153279301654e+003	
  2.9760000000000000e+004	  1.9859017354387565e+003	 -4.9772363184028900e+003	
  2.9790000000000000e+004	  1.9868417224610300e+003	 -5.0302343895247559e+003	
  2.9820000000000000e+004	  1.9990713592083562e+003	 -5.0412325185264217e+003	
  2.9850000000000000e+004	  2.0163925985218571e+003	 -5.0154626105523948e+003	
  2.9880000000000000e+004	  2.0002365550795919e+003	 -5.0160971174901288e+003	
  2.9910000000000000e+004	  1.9969074303660525e+003	 -5.0035294172727199e+003	
  2.9940000000000000e+004	  1.9969074303660525e+003	 -5.0035294172727199e+003	
  2.9970000000000000e+004	  1.9969074303660525e+003	 -5.0035294172727199e+003	
  3.0000000000000000e+004	  1.9969074303660525e+003	 -5.0035294172727199e+003	
  3.0030000000000000e+004	  1.9969074303660525e+003	 -5.0035294172727199e+003	
  3.0060000000000000e+004	  1.9969074303660525e+003	 -5.0035294172727199e+003	
  3.0090000000000000e+004	  1.9969074303660525e+003	 -5.0035294172727199e+003	
  3.0120000000000000e+004	  1.9969074303660525e+003	 -5.0035294172727199e+003	
  3.0150000000000000e+004	  1.9969074303660525e+003	 -5.0035294172727199e+003	
  3.0180000000000000e+004	  1.9969074303660525e+003	 -5.0035294172727199e+003	
  3.0210000000000000e+004	  1.9969074303660525e+003	 -5.0035294172727199e+003	
  3.0240000000000000e+004	  1.9969074303660525e+003	 -5.0035294172727199e+003	
  3.0270000000000000e+004	  1.9969074303660525e+003	 -5.0035294172727199e+003	
  3.0300000000000000e+004	  1.9969074303660525e+003	 -5.0035294172727199e+003	
  3.0330000000000000e+004	  1.9969074303660525e+003	 -5.0035294172727199e+003	
  3.0360000000000000e+004	  1.9969074303660525e+003	 -5.0035294172727199e+003	
  3.0390000000000000e+004	  1.9969074303660525e+003	 -5.0035294172727199e+003	
  3.0420000000000000e+004	  1.9969074303660525e+003	 -5.0035294172727199e+003	
  3.0450000000000000e+004	  1.9969074303660525e+003	 -5.0035294172727199e+003	
  3.0480000000000000e+004	  1.9969074303660525e+003	 -5.0035294172727199e+003	
  3.0510000000000000e+004	  1.9969074303660525e+003	 -5.0035294172727199e+003	
  3.0540000000000000e+004	  1.9969074303660525e+003	 -5.0035294172727199e+003	
  3.0570000000000000e+004	  1.9969074303660525e+003	 -5.0035294172727199e+003	
  3.0600000000000000e+004	  1.9969074303660525e+003	 -5.0035294172727199e+003	
  3.0630000000000000e+004	  1.9969074303660525e+003	 -5.0035294172727199e+003	
  3.0660000000000000e+004	  1.9969074303660525e+003	 -5.0035294172727199e+003	
  3.0690000000000000e+004	  1.9969074303660525e+003	 -5.0035294172727199e+003	
  3.0720000000000000e+004	  1.9969074303660525e+003	 -5.0035294172727199e+003	
  3.0750000000000000e+004	  1.9969074303660525e+003	 -5.0035294172727199e+003	
  3.0780000000000000e+004	  1.9969074303660525e+003	 -5.0035294172727199e+003	
  3.0810000000000000e+004	  1.9969074303660525e+003	 -5.0035294172727199e+003	
  3.0840000000000000e+004	  1.9969074303660525e+003	 -5.0035294172727199e+003	
  3.0870000000000000e+004	  1.9969074303660525e+003	 -5.0035294172727199e+003	
  3.0900000000000000e+004	  1.9969074303660525e+003	 -5.0035294172727199e+003	
  3.0930000000000000e+004	  1.9969074303660525e+003	 -5.0035294172727199e+003	
  3.0960000000000000e+004	  1.9969074303660525e+003	 -5.0035294172727199e+003	
  3.0990000000000000e+004	  1.9969074303660525e+003	 -5.0035294172727199e+003	
  3.1020000000000000e+004	  1.9969074303660525e+003	 -5.0035294172727199e+003	
  3.1050000000000000e+004	  1.9969074303660525e+003	 -5.0035294172727199e+003	
  3.1080000000000000e+004	  1.9978376255129158e+003	 -5.0175553721589049e+003	
  3.1110000000000000e+004	  1.9927949817059518e+003	 -5.0531768434296810e+003	
  3.1140000000000000e+004	  1.9631266060298615e+003	 -5.0744384093223298e+003	
  3.1170000000000000e+004	  1.9306676433798063e+003	 -5.0756072390554591e+003	
  3.1200000000000000e+004	  1.9149032586656981e+003	 -5.0541230391723266e+003	
  3.1230000000000000e+004	  1.9170573986014915e+003	 -5.0324162041632371e+003	
  3.1260000000000000e+004	  1.9206802704957604e+003	 -5.0331954243535638e+003	
  3.1290000000000000e+004	  1.9188688339626945e+003	 -5.0436035729547384e+003	
  3.1320000000000000e+004	  1.9066783641697089e+003	 -5.0462195254412900e+003	
  3.1350000000000000e+004	  1.9071189824868852e+003	 -5.0576295278207326e+003	
  3.1380000000000000e+004	  1.9103012347779913e+003	 -5.0625274794304423e+003	
  3.1410000000000000e+004	  1.9401654386384496e+003	 -5.0689838713077124e+003	
  3.1440000000000000e+004	  1.9704213071604397e+003	 -5.0792807033813297e+003	
  3.1470000000000000e+004	  1.9755129080406718e+003	 -5.1054402220922157e+003	
  3.1500000000000000e+004	  1.9756597811667234e+003	 -5.1331581797616218e+003	
  3.1530000000000000e+004	  1.9753660357102449e+003	 -5.1665533096028503e+003	
  3.1560000000000000e+004	  1.9747295836678263e+003	 -5.1974994636935098e+003	
  3.1590000000000000e+004	  1.9785482870028748e+003	 -5.2195959072146406e+003	
  3.1620000000000000e+004	  1.9901023075373553e+003	 -5.2460337189833663e+003	
  3.1650000000000000e+004	  1.9971522181263415e+003	 -5.2614511366944498e+003	
  3.1680000000000000e+004	  2.0011177921465794e+003	 -5.2553286968750663e+003	
  3.1710000000000000e+004	  1.9960261880219391e+003	 -5.2656811867605766e+003	
  3.1740000000000000e+004	  1.9919627011134312e+003	 -5.2759780192554708e+003	
  3.1770000000000000e+004	  1.9818284530952908e+003	 -5.3001338293382896e+003	
  3.1800000000000000e+004	  1.9841784240540990e+003	 -5.3259037375650778e+003	
  3.1830000000000000e+004	  2.0083635335686922e+003	 -5.3388721796337068e+003	
  3.1860000000000000e+004	  2.0317163635867560e+003	 -5.3542895975420288e+003	
  3.1890000000000000e+004	  2.0586920629462866e+003	 -5.3546792080345867e+003	
  3.1920000000000000e+004	  2.0718127320244603e+003	 -5.3582413555674902e+003	
  3.1950000000000000e+004	  2.0748481093050927e+003	 -5.3604120381199491e+003	
  3.1980000000000000e+004	  2.0760230931806450e+003	 -5.3622487709442403e+003	
  3.2010000000000000e+004	  2.0758599022143849e+003	 -5.3599296637481784e+003	
  3.2040000000000000e+004	  2.0755335175842633e+003	 -5.3609908871166617e+003	
  3.2070000000000000e+004	  2.0685423548456106e+003	 -5.3487014792617056e+003	
  3.2100000000000000e+004	  2.0827009258072685e+003	 -5.3311579052273228e+003	
  3.2130000000000000e+004	  2.0713819026613078e+003	 -5.2916180707142430e+003	
  3.2160000000000000e+004	  2.0521121457927311e+003	 -5.2718926806860209e+003	
  3.2190000000000000e+004	  2.0365631780400679e+003	 -5.2521672911090654e+003	
  3.2220000000000000e+004	  2.0444551598721850e+003	 -5.2352248284549414e+003	
  3.2250000000000000e+004	  2.0560091801610606e+003	 -5.2114920227632638e+003	
  3.2280000000000000e+004	  2.0762385076851715e+003	 -5.2024530747941162e+003	
  3.2310000000000000e+004	  2.0827009271814131e+003	 -5.2091321003683206e+003	
  3.2340000000000000e+004	  2.0855992234884852e+003	 -5.2148760630036868e+003	
  3.2370000000000000e+004	  2.0859125518290862e+003	 -5.2130727258304269e+003	
  3.2400000000000000e+004	  2.0848159006641172e+003	 -5.2121153981357438e+003	
  3.2430000000000000e+004	  2.0853250617597801e+003	 -5.2120263444739239e+003	
  3.2460000000000000e+004	  2.0889675133933642e+003	 -5.2068167040434882e+003	
  3.2490000000000000e+004	  2.1002865374105722e+003	 -5.1915439985597086e+003	
  3.2520000000000000e+004	  2.1233749956717088e+003	 -5.1754920727571571e+003	
  3.2550000000000000e+004	  2.1338911121665406e+003	 -5.1703269599509222e+003	
  3.2580000000000000e+004	  2.1333427844741373e+003	 -5.1682341977164233e+003	
  3.2610000000000000e+004	  2.1362410792072033e+003	 -5.1696590570036733e+003	
  3.2640000000000000e+004	  2.1390218805171999e+003	 -5.1726423549459378e+003	
  3.2670000000000000e+004	  2.1425272519955533e+003	 -5.1731766774468961e+003	
  3.2700000000000000e+004	  2.1430168294903278e+003	 -5.1728427261593706e+003	
  3.2730000000000000e+004	  2.1425860016790075e+003	 -5.1722638767360240e+003	
