  0.0000000000000000e+000	  1.5537422051990145e+003	 -5.4179629782992033e+003	
  3.0000000000000000e+001	  1.4737592909117345e+003	 -6.0077368763732420e+003	
  6.0000000000000000e+001	  1.0271530432667951e+003	 -6.2400397608059657e+003	
  9.0000000000000000e+001	  4.7847415210464840e+002	 -6.1191271264366551e+003	
  1.2000000000000000e+002	 -4.6538599650274634e+001	 -6.1914498474040738e+003	
  1.5000000000000000e+002	 -5.4566244582322702e+002	 -6.3024091412784828e+003	
  1.8000000000000000e+002	 -1.0447700181719765e+003	 -6.2762920295008653e+003	
  2.1000000000000000e+002	 -1.4652841408553622e+003	 -6.0849750406679759e+003	
  2.4000000000000000e+002	 -1.5924654018174438e+003	 -5.9603493633942335e+003	
  2.7000000000000000e+002	 -1.3814760679463548e+003	 -5.7758731433181656e+003	
  3.0000000000000000e+002	 -1.1647257442175141e+003	 -5.7917339951664608e+003	
  3.3000000000000000e+002	 -1.1091290167467628e+003	 -5.7681665756532730e+003	
  3.6000000000000000e+002	 -1.0943805041078931e+003	 -5.7700144391246777e+003	
  3.9000000000000000e+002	 -1.0589840774594497e+003	 -5.7593725250128718e+003	
  4.2000000000000000e+002	 -1.0272692710717861e+003	 -5.7469050091016115e+003	
  4.5000000000000000e+002	 -9.9739150797834964e+002	 -5.7235541063653882e+003	
  4.8000000000000000e+002	 -9.8491105377017811e+002	 -5.6861555578052294e+003	
  5.1000000000000000e+002	 -9.8775060067778804e+002	 -5.6437511629110568e+003	
  5.4000000000000000e+002	 -9.6549116349595761e+002	 -5.6107270908356813e+003	
  5.7000000000000000e+002	 -9.6021575533514715e+002	 -5.5851143925617289e+003	
  6.0000000000000000e+002	 -9.6117101223140423e+002	 -5.5776220598555838e+003	
  6.3000000000000000e+002	 -9.5827805745731064e+002	 -5.5622299402091849e+003	
  6.6000000000000000e+002	 -9.6326022318149728e+002	 -5.5390694356756094e+003	
  6.9000000000000000e+002	 -9.6269730793490942e+002	 -5.5184377941656721e+003	
  7.2000000000000000e+002	 -9.5947563533987272e+002	 -5.5131876228002857e+003	
  7.5000000000000000e+002	 -9.6015351543415829e+002	 -5.5113037950933985e+003	
  7.8000000000000000e+002	 -9.6080126616396285e+002	 -5.5107586264975253e+003	
  8.1000000000000000e+002	 -9.6164860920560920e+002	 -5.5106944046864683e+003	
  8.4000000000000000e+002	 -9.6053844639482122e+002	 -5.5103585406437633e+003	
  8.7000000000000000e+002	 -9.6132482254886042e+002	 -5.5104183027071394e+003	
  9.0000000000000000e+002	 -9.6562854919536949e+002	 -5.5111949332550512e+003	
  9.3000000000000000e+002	 -9.6365361689298300e+002	 -5.5079739855455446e+003	
  9.6000000000000000e+002	 -9.6776674571202159e+002	 -5.5084353041984923e+003	
  9.9000000000000000e+002	 -9.7409139687390302e+002	 -5.5096975453136583e+003	
  1.0200000000000000e+003	 -9.6968520388122386e+002	 -5.5017383731847449e+003	
  1.0500000000000000e+003	 -9.6601337638732468e+002	 -5.4916548992591452e+003	
  1.0800000000000000e+003	 -9.6474047918875510e+002	 -5.4898738249790531e+003	
  1.1100000000000000e+003	 -9.6961541814307623e+002	 -5.4891632911757124e+003	
  1.1400000000000000e+003	 -9.6949263800043343e+002	 -5.4839369134490271e+003	
  1.1700000000000000e+003	 -9.6105465875831419e+002	 -5.4528370362538981e+003	
  1.2000000000000000e+003	 -9.7696359039589379e+002	 -5.4197255006088881e+003	
  1.2300000000000000e+003	 -9.9366049697237861e+002	 -5.3833990200200233e+003	
  1.2600000000000000e+003	 -1.0011650167326352e+003	 -5.3485011086898458e+003	
  1.2900000000000000e+003	 -9.9417630253080529e+002	 -5.3100549661689383e+003	
  1.3200000000000000e+003	 -9.6587629682543570e+002	 -5.2796180880879147e+003	
  1.3500000000000000e+003	 -9.3908663721919947e+002	 -5.2947349502499501e+003	
  1.3800000000000000e+003	 -9.0252921048795110e+002	 -5.3109236372981768e+003	
  1.4100000000000000e+003	 -8.6117206528277825e+002	 -5.3367311800422367e+003	
  1.4400000000000000e+003	 -8.3278311865391379e+002	 -5.3634176002949862e+003	
  1.4700000000000000e+003	 -7.9588205665631688e+002	 -5.3685456086600952e+003	
  1.5000000000000000e+003	 -7.7733034925489460e+002	 -5.3318273983588233e+003	
  1.5300000000000000e+003	 -7.3924124994165084e+002	 -5.3099482863338199e+003	
  1.5600000000000000e+003	 -7.1802623821009229e+002	 -5.2808945242075060e+003	
  1.5900000000000000e+003	 -6.9455917103597164e+002	 -5.2575055645072262e+003	
  1.6200000000000000e+003	 -6.9118538708411199e+002	 -5.2237204993258156e+003	
  1.6500000000000000e+003	 -6.8891271660821042e+002	 -5.1977777566876348e+003	
  1.6800000000000000e+003	 -7.0258171061385315e+002	 -5.1852211874601626e+003	
  1.7100000000000000e+003	 -7.1543273565537811e+002	 -5.1728027661462193e+003	
  1.7400000000000000e+003	 -7.1181739199731555e+002	 -5.1698913957671048e+003	
  1.7700000000000000e+003	 -7.1616053157430315e+002	 -5.1698138653944716e+003	
  1.8000000000000000e+003	 -7.2094244926867123e+002	 -5.1674063093080595e+003	
  1.8300000000000000e+003	 -7.1987954193410621e+002	 -5.1575971236350315e+003	
  1.8600000000000000e+003	 -7.2025789197878714e+002	 -5.1604447841878182e+003	
  1.8900000000000000e+003	 -7.3569567876360884e+002	 -5.1672007061481063e+003	
  1.9200000000000000e+003	 -7.6646173619847548e+002	 -5.1588098138161968e+003	
  1.9500000000000000e+003	 -8.0538311727743076e+002	 -5.1580932095859898e+003	
  1.9800000000000000e+003	 -8.3861141872670748e+002	 -5.1766513608180976e+003	
  2.0100000000000000e+003	 -8.8195298253841588e+002	 -5.1680449595160153e+003	
  2.0400000000000000e+003	 -9.2853974348779286e+002	 -5.1614406750100843e+003	
  2.0700000000000000e+003	 -9.6728628051574913e+002	 -5.1452360848413418e+003	
  2.1000000000000000e+003	 -1.0111850287435449e+003	 -5.1470078821493125e+003	
  2.1300000000000000e+003	 -1.0493851008831189e+003	 -5.1545941423349550e+003	
  2.1600000000000000e+003	 -1.0914267186754093e+003	 -5.1503381182600478e+003	
  2.1900000000000000e+003	 -1.1309029573197481e+003	 -5.1530060184892236e+003	
  2.2200000000000000e+003	 -1.1599381441078438e+003	 -5.1305793334031650e+003	
  2.2500000000000000e+003	 -1.1757286400922660e+003	 -5.0994624923840265e+003	
  2.2800000000000000e+003	 -1.1765315457204501e+003	 -5.0677593836845635e+003	
  2.3100000000000000e+003	 -1.1763627262553462e+003	 -5.0668765240033808e+003	
  2.3400000000000000e+003	 -1.1761939067902420e+003	 -5.0659936643221972e+003	
  2.3700000000000000e+003	 -1.1762378043380527e+003	 -5.0660896273454737e+003	
  2.4000000000000000e+003	 -1.1639354263138396e+003	 -5.0793761185016729e+003	
  2.4300000000000000e+003	 -1.1622358978005452e+003	 -5.1118409549607622e+003	
  2.4600000000000000e+003	 -1.1407034014758356e+003	 -5.1422710028023985e+003	
  2.4900000000000000e+003	 -1.1025183611710027e+003	 -5.1470171582061776e+003	
  2.5200000000000000e+003	 -1.0602732963748538e+003	 -5.1488353374840308e+003	
  2.5500000000000000e+003	 -1.0164398225352754e+003	 -5.1412425843841502e+003	
  2.5800000000000000e+003	 -9.7307553180275863e+002	 -5.1432115056685361e+003	
  2.6100000000000000e+003	 -9.3250019004975115e+002	 -5.1567017456265958e+003	
  2.6400000000000000e+003	 -8.9365999773153794e+002	 -5.1628659310546336e+003	
  2.6700000000000000e+003	 -8.5880903902586215e+002	 -5.1772137770041072e+003	
  2.7000000000000000e+003	 -8.2659268735140324e+002	 -5.1615069340230521e+003	
  2.7300000000000000e+003	 -7.8751355185136026e+002	 -5.1523603795031095e+003	
  2.7600000000000000e+003	 -7.4840333381391906e+002	 -5.1580852588419921e+003	
  2.7900000000000000e+003	 -7.2126677033233398e+002	 -5.1646529677709505e+003	
  2.8200000000000000e+003	 -7.1155915836911868e+002	 -5.1729222380853407e+003	
  2.8500000000000000e+003	 -7.1333282244343411e+002	 -5.1664308609142399e+003	
  2.8800000000000000e+003	 -7.1705360979485408e+002	 -5.1683009880077698e+003	
  2.9100000000000000e+003	 -7.3948603327884643e+002	 -5.1643269687576803e+003	
  2.9400000000000000e+003	 -7.6274095110522194e+002	 -5.1556859780990471e+003	
  2.9700000000000000e+003	 -7.8438026005170207e+002	 -5.1551433075244804e+003	
  3.0000000000000000e+003	 -8.1637902081912546e+002	 -5.1561228980912420e+003	
  3.0300000000000000e+003	 -8.3490461898096282e+002	 -5.1702824323493551e+003	
  3.0600000000000000e+003	 -8.3588377519919788e+002	 -5.1801618250974989e+003	
  3.0900000000000000e+003	 -8.3633418715566359e+002	 -5.1820968872707044e+003	
  3.1200000000000000e+003	 -8.4643838284335391e+002	 -5.1829226809482043e+003	
  3.1500000000000000e+003	 -8.7472356145847834e+002	 -5.1709627038623767e+003	
  3.1800000000000000e+003	 -8.9057498110838583e+002	 -5.1566522723566932e+003	
  3.2100000000000000e+003	 -8.8917989338458813e+002	 -5.1593391048234062e+003	
  3.2400000000000000e+003	 -8.8976396369653230e+002	 -5.1429389049698502e+003	
  3.2700000000000000e+003	 -8.9757736577532160e+002	 -5.1235331569512609e+003	
  3.3000000000000000e+003	 -8.9484603864939845e+002	 -5.1336688717193711e+003	
  3.3300000000000000e+003	 -8.9110213865224682e+002	 -5.1432222578553228e+003	
  3.3600000000000000e+003	 -8.8118364836106707e+002	 -5.1496331110031360e+003	
  3.3900000000000000e+003	 -8.7157394819531567e+002	 -5.1792211959754504e+003	
  3.4200000000000000e+003	 -8.7533479004350295e+002	 -5.1637248433436980e+003	
  3.4500000000000000e+003	 -8.7398219994137196e+002	 -5.1643826252861236e+003	
  3.4800000000000000e+003	 -8.7746519375178195e+002	 -5.1622676011503463e+003	
  3.5100000000000000e+003	 -8.7515718518867095e+002	 -5.1645469515827690e+003	
  3.5400000000000000e+003	 -8.7387496087226600e+002	 -5.1590950635487370e+003	
  3.5700000000000000e+003	 -8.8154369978155694e+002	 -5.1772419781023918e+003	
  3.6000000000000000e+003	 -8.8308980094886886e+002	 -5.1767831630810751e+003	
  3.6300000000000000e+003	 -8.8266660667542953e+002	 -5.1732455432879879e+003	
  3.6600000000000000e+003	 -8.8224341240199033e+002	 -5.1697079234948997e+003	
  3.6900000000000000e+003	 -8.8182021812855101e+002	 -5.1661703037018115e+003	
  3.7200000000000000e+003	 -8.8210501173821081e+002	 -5.1634613309370516e+003	
  3.7500000000000000e+003	 -8.8241421872315016e+002	 -5.1607809322077510e+003	
  3.7800000000000000e+003	 -8.8248335803287989e+002	 -5.1631813291407816e+003	
  3.8100000000000000e+003	 -8.8264500743710153e+002	 -5.1620961129864108e+003	
  3.8400000000000000e+003	 -8.8579266937356181e+002	 -5.1566858441700060e+003	
  3.8700000000000000e+003	 -8.9306638493362425e+002	 -5.1535848675772759e+003	
  3.9000000000000000e+003	 -9.2751303342903373e+002	 -5.1610876399156059e+003	
  3.9300000000000000e+003	 -9.4809485702399047e+002	 -5.1809688748615099e+003	
  3.9600000000000000e+003	 -9.5318645778659391e+002	 -5.2220448834631534e+003	
  3.9900000000000000e+003	 -9.5609944128732423e+002	 -5.2601014170608114e+003	
  4.0200000000000000e+003	 -9.7341298622367583e+002	 -5.2542950383975531e+003	
  4.0500000000000000e+003	 -9.7977049492580454e+002	 -5.2245680714394939e+003	
  4.0800000000000000e+003	 -9.9019848754846191e+002	 -5.2103936937479339e+003	
  4.1100000000000000e+003	 -9.9538800857435251e+002	 -5.2328426421132217e+003	
  4.1400000000000000e+003	 -1.0378710657928780e+003	 -5.2420680462262007e+003	
  4.1700000000000000e+003	 -1.0501227314611504e+003	 -5.2341784473242697e+003	
  4.2000000000000000e+003	 -1.0501227314611504e+003	 -5.2341784473242697e+003	
  4.2300000000000000e+003	 -1.0501227314611504e+003	 -5.2341784473242697e+003	
  4.2600000000000000e+003	 -1.0501227314611504e+003	 -5.2341784473242697e+003	
  4.2900000000000000e+003	 -1.0501227314611504e+003	 -5.2341784473242697e+003	
  4.3200000000000000e+003	 -1.0501227314611504e+003	 -5.2341784473242697e+003	
  4.3500000000000000e+003	 -1.0501227314611504e+003	 -5.2341784473242697e+003	
  4.3800000000000000e+003	 -1.0501227314611504e+003	 -5.2341784473242697e+003	
  4.4100000000000000e+003	 -1.0501227314611504e+003	 -5.2341784473242697e+003	
  4.4400000000000000e+003	 -1.0501227314611504e+003	 -5.2341784473242697e+003	
  4.4700000000000000e+003	 -1.0501227314611504e+003	 -5.2341784473242697e+003	
  4.5000000000000000e+003	 -1.0501227314611504e+003	 -5.2341784473242697e+003	
  4.5300000000000000e+003	 -1.0501227314611504e+003	 -5.2341784473242697e+003	
  4.5600000000000000e+003	 -1.0501227314611504e+003	 -5.2341784473242697e+003	
  4.5900000000000000e+003	 -1.0501227314611504e+003	 -5.2341784473242697e+003	
  4.6200000000000000e+003	 -1.0501227314611504e+003	 -5.2341784473242697e+003	
  4.6500000000000000e+003	 -1.0501227314611504e+003	 -5.2341784473242697e+003	
  4.6800000000000000e+003	 -1.0501227314611504e+003	 -5.2341784473242697e+003	
  4.7100000000000000e+003	 -1.0501227314611504e+003	 -5.2341784473242697e+003	
  4.7400000000000000e+003	 -1.0501227314611504e+003	 -5.2341784473242697e+003	
  4.7700000000000000e+003	 -1.0501227314611504e+003	 -5.2341784473242697e+003	
  4.8000000000000000e+003	 -1.0501227314611504e+003	 -5.2341784473242697e+003	
  4.8300000000000000e+003	 -1.0501227314611504e+003	 -5.2341784473242697e+003	
  4.8600000000000000e+003	 -1.0501227314611504e+003	 -5.2341784473242697e+003	
  4.8900000000000000e+003	 -1.0501227314611504e+003	 -5.2341784473242697e+003	
  4.9200000000000000e+003	 -1.0501227314611504e+003	 -5.2341784473242697e+003	
  4.9500000000000000e+003	 -1.0501227314611504e+003	 -5.2341784473242697e+003	
  4.9800000000000000e+003	 -1.0501227314611504e+003	 -5.2341784473242697e+003	
  5.0100000000000000e+003	 -1.0501227314611504e+003	 -5.2341784473242697e+003	
  5.0400000000000000e+003	 -1.0501227314611504e+003	 -5.2341784473242697e+003	
  5.0700000000000000e+003	 -1.0501227314611504e+003	 -5.2341784473242697e+003	
  5.1000000000000000e+003	 -1.0501227314611504e+003	 -5.2341784473242697e+003	
  5.1300000000000000e+003	 -1.0501227314611504e+003	 -5.2341784473242697e+003	
  5.1600000000000000e+003	 -1.0501227314611504e+003	 -5.2341784473242697e+003	
  5.1900000000000000e+003	 -1.0501227314611504e+003	 -5.2341784473242697e+003	
  5.2200000000000000e+003	 -1.0501227314611504e+003	 -5.2341784473242697e+003	
  5.2500000000000000e+003	 -1.0501227314611504e+003	 -5.2341784473242697e+003	
  5.2800000000000000e+003	 -1.0501227314611504e+003	 -5.2341784473242697e+003	
  5.3100000000000000e+003	 -1.0501227314611504e+003	 -5.2341784473242697e+003	
  5.3400000000000000e+003	 -1.0501227314611504e+003	 -5.2341784473242697e+003	
  5.3700000000000000e+003	 -1.0501227314611504e+003	 -5.2341784473242697e+003	
  5.4000000000000000e+003	 -1.0501227314611504e+003	 -5.2341784473242697e+003	
  5.4300000000000000e+003	 -1.0501227314611504e+003	 -5.2341784473242697e+003	
  5.4600000000000000e+003	 -1.0501227314611504e+003	 -5.2341784473242697e+003	
  5.4900000000000000e+003	 -1.0501227314611504e+003	 -5.2341784473242697e+003	
  5.5200000000000000e+003	 -1.0501227314611504e+003	 -5.2341784473242697e+003	
  5.5500000000000000e+003	 -1.0501227314611504e+003	 -5.2341784473242697e+003	
  5.5800000000000000e+003	 -1.0274679245346849e+003	 -5.2102420474267146e+003	
  5.6100000000000000e+003	 -1.0001532276293249e+003	 -5.1951580937102572e+003	
  5.6400000000000000e+003	 -9.7179039270006592e+002	 -5.1993361959730119e+003	
  5.6700000000000000e+003	 -9.5220118384995510e+002	 -5.1971585549341080e+003	
  5.7000000000000000e+003	 -9.4738274121989275e+002	 -5.1753524202454146e+003	
  5.7300000000000000e+003	 -9.4851915387313443e+002	 -5.1501266162257780e+003	
  5.7600000000000000e+003	 -9.7081123299420472e+002	 -5.1496145576224144e+003	
  5.7900000000000000e+003	 -1.0032783578540935e+003	 -5.1475551914975949e+003	
  5.8200000000000000e+003	 -1.0140503577902651e+003	 -5.1432856980712722e+003	
  5.8500000000000000e+003	 -1.0195303311269705e+003	 -5.1438188974856939e+003	
  5.8800000000000000e+003	 -1.0250103044636758e+003	 -5.1443520969001147e+003	
  5.9100000000000000e+003	 -1.0304902778003814e+003	 -5.1448852963145382e+003	
  5.9400000000000000e+003	 -1.0246647197160730e+003	 -5.1430320067761268e+003	
  5.9700000000000000e+003	 -1.0463961825442998e+003	 -5.1554707103945002e+003	
  6.0000000000000000e+003	 -1.0383883371844872e+003	 -5.1572993437326222e+003	
  6.0300000000000000e+003	 -1.0554661150422885e+003	 -5.1528215505963553e+003	
  6.0600000000000000e+003	 -1.0895336912459588e+003	 -5.1492991590414213e+003	
  6.0900000000000000e+003	 -1.1238530478994239e+003	 -5.1512101026072423e+003	
  6.1200000000000000e+003	 -1.1470100465341429e+003	 -5.1434828410315740e+003	
  6.1500000000000000e+003	 -1.1622410468791675e+003	 -5.1175708563575827e+003	
  6.1800000000000000e+003	 -1.1739946496462455e+003	 -5.0885756814676961e+003	
  6.2100000000000000e+003	 -1.1567945909845853e+003	 -5.0615892359421714e+003	
  6.2400000000000000e+003	 -1.1574951565741371e+003	 -5.0478336233137270e+003	
  6.2700000000000000e+003	 -1.1751933688078607e+003	 -5.0147724445528647e+003	
  6.3000000000000000e+003	 -1.2090394691921833e+003	 -5.0168874696024550e+003	
  6.3300000000000000e+003	 -1.1973287842447776e+003	 -5.0226536948523571e+003	
  6.3600000000000000e+003	 -1.2098227923532229e+003	 -5.0241151301869768e+003	
  6.3900000000000000e+003	 -1.2064936676727482e+003	 -5.0277647401577078e+003	
  6.4200000000000000e+003	 -1.2121727612483944e+003	 -5.0286870812573070e+003	
  6.4500000000000000e+003	 -1.2173691088574033e+003	 -5.0303594264747771e+003	
  6.4800000000000000e+003	 -1.2259082452918522e+003	 -5.0280295344454225e+003	
  6.5100000000000000e+003	 -1.2320356064009131e+003	 -5.0254906908962485e+003	
  6.5400000000000000e+003	 -1.2410251753179673e+003	 -5.0215998936900205e+003	
  6.5700000000000000e+003	 -1.2482777891848800e+003	 -5.0219025972051495e+003	
  6.6000000000000000e+003	 -1.2689357338635098e+003	 -5.0405821091027947e+003	
  6.6300000000000000e+003	 -1.3106832118093948e+003	 -5.0377551437584088e+003	
  6.6600000000000000e+003	 -1.3456314881975954e+003	 -5.0103197605416935e+003	
  6.6900000000000000e+003	 -1.3886653198614042e+003	 -4.9686871645612846e+003	
  6.7200000000000000e+003	 -1.3854830670890431e+003	 -4.9136223061706150e+003	
  6.7500000000000000e+003	 -1.4069755038033863e+003	 -4.8641604081248988e+003	
  6.7800000000000000e+003	 -1.4588986543460153e+003	 -4.8641286034714549e+003	
  6.8100000000000000e+003	 -1.4642934685276336e+003	 -4.8337970319441383e+003	
  6.8400000000000000e+003	 -1.4067796729903469e+003	 -4.8084462005396645e+003	
  6.8700000000000000e+003	 -1.3968202762083399e+003	 -4.7750908267134073e+003	
  6.9000000000000000e+003	 -1.4114045447140422e+003	 -4.7397449968014362e+003	
  6.9300000000000000e+003	 -1.4956705621525787e+003	 -4.7439935982325451e+003	
  6.9600000000000000e+003	 -1.5256058039531856e+003	 -4.6760541544052467e+003	
  6.9900000000000000e+003	 -1.4462395908941087e+003	 -4.6634556778377619e+003	
  7.0200000000000000e+003	 -1.4170982315235224e+003	 -4.5975035706814087e+003	
  7.0500000000000000e+003	 -1.4219076075687549e+003	 -4.5493556502443334e+003	
  7.0800000000000000e+003	 -1.4441804893902415e+003	 -4.4812557772133441e+003	
  7.1100000000000000e+003	 -1.4790445229372967e+003	 -4.4459494867721723e+003	
  7.1400000000000000e+003	 -1.5037037073872061e+003	 -4.4009699552633565e+003	
  7.1700000000000000e+003	 -1.5106491118478521e+003	 -4.3555782688370718e+003	
  7.2000000000000000e+003	 -1.4506066199623469e+003	 -4.3200646888287865e+003	
  7.2300000000000000e+003	 -1.4093091574335481e+003	 -4.3725173069164020e+003	
  7.2600000000000000e+003	 -1.3563042707340978e+003	 -4.4407101607844997e+003	
  7.2900000000000000e+003	 -1.2822638880461739e+003	 -4.4437590129651471e+003	
  7.3200000000000000e+003	 -1.2506233992580617e+003	 -4.4852455633680247e+003	
  7.3500000000000000e+003	 -1.2023942721341418e+003	 -4.4958566516627661e+003	
  7.3800000000000000e+003	 -1.1774407623581287e+003	 -4.5430741860166945e+003	
  7.4100000000000000e+003	 -1.1437088979996281e+003	 -4.5801825348306575e+003	
  7.4400000000000000e+003	 -1.1990520949641830e+003	 -4.6248286450972710e+003	
  7.4700000000000000e+003	 -1.2115782749509417e+003	 -4.6668428975701481e+003	
  7.5000000000000000e+003	 -1.2624335044589232e+003	 -4.6592085026050554e+003	
  7.5300000000000000e+003	 -1.2594433170131729e+003	 -4.7232672120315310e+003	
  7.5600000000000000e+003	 -1.2295304962394766e+003	 -4.7772419934349336e+003	
  7.5900000000000000e+003	 -1.2300353324888240e+003	 -4.8275211800765292e+003	
  7.6200000000000000e+003	 -1.1950375613361477e+003	 -4.8824164127395170e+003	
  7.6500000000000000e+003	 -1.1582213601886592e+003	 -4.9421936951808393e+003	
  7.6800000000000000e+003	 -1.1381486981287073e+003	 -4.9691324337619826e+003	
  7.7100000000000000e+003	 -1.1642137854301468e+003	 -4.9763569127258206e+003	
  7.7400000000000000e+003	 -1.1728499270505424e+003	 -4.9746537614257277e+003	
  7.7700000000000000e+003	 -1.1715761754126379e+003	 -4.9750661192172056e+003	
  7.8000000000000000e+003	 -1.1662830646694110e+003	 -4.9795220285611749e+003	
  7.8300000000000000e+003	 -1.1598424031719831e+003	 -5.0047848264935728e+003	
  7.8600000000000000e+003	 -1.1661329300647171e+003	 -5.0106147511699746e+003	
  7.8900000000000000e+003	 -1.1532460364355459e+003	 -5.0273234479146904e+003	
  7.9200000000000000e+003	 -1.1452475675309856e+003	 -5.0508948436864594e+003	
  7.9500000000000000e+003	 -1.1270658955783092e+003	 -5.0504704469259195e+003	
  7.9800000000000000e+003	 -1.1117255223996133e+003	 -5.0234313240416313e+003	
  8.0100000000000000e+003	 -1.0983950362757605e+003	 -5.0205609334021628e+003	
  8.0400000000000000e+003	 -1.0864205562545380e+003	 -5.0195852720557432e+003	
  8.0700000000000000e+003	 -1.0852537552013164e+003	 -5.0179479107833022e+003	
  8.1000000000000000e+003	 -1.0964171457141970e+003	 -5.0165312544167255e+003	
  8.1300000000000000e+003	 -1.0897860091198161e+003	 -5.0068518046677036e+003	
  8.1600000000000000e+003	 -1.1325675207873678e+003	 -4.9308300749017180e+003	
  8.1900000000000000e+003	 -1.1633014447960613e+003	 -4.8407576247344223e+003	
  8.2200000000000000e+003	 -1.1531787168405276e+003	 -4.7564889428010238e+003	
  8.2500000000000000e+003	 -1.0944294599646148e+003	 -4.6848285609541635e+003	
  8.2800000000000000e+003	 -1.0346325086089732e+003	 -4.6065058498022599e+003	
  8.3100000000000000e+003	 -1.0033191542708706e+003	 -4.5038826151779722e+003	
  8.3400000000000000e+003	 -9.3477136329321547e+002	 -4.5050912009608919e+003	
  8.3700000000000000e+003	 -9.3800203237509709e+002	 -4.5657706408885851e+003	
  8.4000000000000000e+003	 -9.6380651486664601e+002	 -4.5849771228038653e+003	
  8.4300000000000000e+003	 -9.4363970081865534e+002	 -4.5933537336219160e+003	
  8.4600000000000000e+003	 -9.2013020585840752e+002	 -4.5780309352007271e+003	
  8.4900000000000000e+003	 -8.9120599182576143e+002	 -4.5533408030346245e+003	
  8.5200000000000000e+003	 -8.8772622807206244e+002	 -4.5273833672209576e+003	
  8.5500000000000000e+003	 -8.7196561218497573e+002	 -4.5003204676092191e+003	
  8.5800000000000000e+003	 -8.6662921611267677e+002	 -4.4660904608614555e+003	
  8.6100000000000000e+003	 -8.5696356824353438e+002	 -4.4384997213691986e+003	
  8.6400000000000000e+003	 -8.5610331140110236e+002	 -4.4283261338680459e+003	
  8.6700000000000000e+003	 -8.3220583104933689e+002	 -4.4105432276244392e+003	
  8.7000000000000000e+003	 -8.2501516225274645e+002	 -4.4177708871312589e+003	
  8.7300000000000000e+003	 -8.4391284048632929e+002	 -4.4096526904603834e+003	
  8.7600000000000000e+003	 -8.5305458258928479e+002	 -4.4043904273340140e+003	
  8.7900000000000000e+003	 -8.3940872970890769e+002	 -4.4147732772718691e+003	
  8.8200000000000000e+003	 -8.3137966538311287e+002	 -4.4104875677909104e+003	
  8.8500000000000000e+003	 -8.3519836892427850e+002	 -4.4100979595432545e+003	
  8.8800000000000000e+003	 -8.5420902286207161e+002	 -4.3979301432899147e+003	
  8.9100000000000000e+003	 -8.5921644498677688e+002	 -4.3939700748228734e+003	
  8.9400000000000000e+003	 -8.6676744922887167e+002	 -4.3830086155819326e+003	
  8.9700000000000000e+003	 -8.6506257098075503e+002	 -4.3752557085159578e+003	
  9.0000000000000000e+003	 -8.6809095932339426e+002	 -4.3864271724851715e+003	
  9.0300000000000000e+003	 -8.6518959768194259e+002	 -4.3937614219352999e+003	
  9.0600000000000000e+003	 -8.6196488484340739e+002	 -4.3989662488019512e+003	
  9.0900000000000000e+003	 -8.6209840737268973e+002	 -4.3981313717913772e+003	
  9.1200000000000000e+003	 -8.5750909462361494e+002	 -4.3994910288375204e+003	
  9.1500000000000000e+003	 -8.5880629035792640e+002	 -4.3992064592898569e+003	
  9.1800000000000000e+003	 -8.5696229593250598e+002	 -4.3994621160302431e+003	
  9.2100000000000000e+003	 -8.5282314042043959e+002	 -4.4052000073139261e+003	
  9.2400000000000000e+003	 -8.6281051683767271e+002	 -4.4004875827941933e+003	
  9.2700000000000000e+003	 -8.7345882073650296e+002	 -4.4090334890204322e+003	
  9.3000000000000000e+003	 -8.7115291355862530e+002	 -4.4039680979045479e+003	
  9.3300000000000000e+003	 -8.6729896109218578e+002	 -4.4024705110844852e+003	
  9.3600000000000000e+003	 -8.6405730580118484e+002	 -4.4022909195028778e+003	
  9.3900000000000000e+003	 -8.5596296493944305e+002	 -4.4077083516272287e+003	
  9.4200000000000000e+003	 -8.5400703217052035e+002	 -4.4108771782404083e+003	
  9.4500000000000000e+003	 -8.5704409231680268e+002	 -4.4135247201759939e+003	
  9.4800000000000000e+003	 -8.6356120256996928e+002	 -4.4367676796118267e+003	
  9.5100000000000000e+003	 -8.6204677884566138e+002	 -4.4718566852024842e+003	
  9.5400000000000000e+003	 -8.7595916252920063e+002	 -4.4995332972789483e+003	
  9.5700000000000000e+003	 -8.8937572901663520e+002	 -4.5279913305559012e+003	
  9.6000000000000000e+003	 -8.9283791599828237e+002	 -4.5587062860303495e+003	
  9.6300000000000000e+003	 -9.1618332645987346e+002	 -4.5689575787241356e+003	
  9.6600000000000000e+003	 -9.3940708520969270e+002	 -4.5863635251520591e+003	
  9.6900000000000000e+003	 -9.4869322762564059e+002	 -4.6039133986652196e+003	
  9.7200000000000000e+003	 -9.6192456748239010e+002	 -4.6146143405438015e+003	
  9.7500000000000000e+003	 -9.6491267684943000e+002	 -4.6163416757966888e+003	
  9.7800000000000000e+003	 -9.6578491230661996e+002	 -4.6174022036018741e+003	
  9.8100000000000000e+003	 -9.6900858381837031e+002	 -4.6205186738757939e+003	
  9.8400000000000000e+003	 -9.6840603004917477e+002	 -4.6159803613455033e+003	
  9.8700000000000000e+003	 -9.7276954149327992e+002	 -4.6164149259523538e+003	
  9.9000000000000000e+003	 -9.7748906311532210e+002	 -4.6176598222290595e+003	
  9.9300000000000000e+003	 -9.7751844027702009e+002	 -4.6163446913283306e+003	
  9.9600000000000000e+003	 -9.7972153825739838e+002	 -4.6169410328350477e+003	
  9.9900000000000000e+003	 -9.7404244252892875e+002	 -4.6118503796601190e+003	
  1.0020000000000000e+004	 -9.7530555407972315e+002	 -4.6053815463431183e+003	
  1.0050000000000000e+004	 -9.7915554175263378e+002	 -4.6080170471848460e+003	
  1.0080000000000000e+004	 -9.8187567910349253e+002	 -4.6170488155920530e+003	
  1.0110000000000000e+004	 -1.0071052193607692e+003	 -4.6821569505105808e+003	
  1.0140000000000000e+004	 -1.0533259658079719e+003	 -4.7530341370832602e+003	
  1.0170000000000000e+004	 -1.1012765456605262e+003	 -4.8317353272550272e+003	
  1.0200000000000000e+004	 -1.0771473887259963e+003	 -4.9188727628770303e+003	
  1.0230000000000000e+004	 -1.0195731186794003e+003	 -4.9961347814007459e+003	
  1.0260000000000000e+004	 -9.9088389864936357e+002	 -5.0771100206714709e+003	
  1.0290000000000000e+004	 -1.0553514152834846e+003	 -5.0909356037995349e+003	
  1.0320000000000000e+004	 -1.0966185702237403e+003	 -5.0185731287528406e+003	
  1.0350000000000000e+004	 -1.0956599330676686e+003	 -5.0023123502019944e+003	
  1.0380000000000000e+004	 -1.0937930115313623e+003	 -5.0042641100926267e+003	
  1.0410000000000000e+004	 -1.1123549799563480e+003	 -5.0134207373622285e+003	
  1.0440000000000000e+004	 -1.1176843768269764e+003	 -5.0355887412692982e+003	
  1.0470000000000000e+004	 -1.1272047665050818e+003	 -5.0551034854042764e+003	
  1.0500000000000000e+004	 -1.1454923545308270e+003	 -5.0618818406977598e+003	
  1.0530000000000000e+004	 -1.1429605421399876e+003	 -5.0336486441791649e+003	
  1.0560000000000000e+004	 -1.1679149886947750e+003	 -5.0088398977319794e+003	
  1.0590000000000000e+004	 -1.1892115964105635e+003	 -5.0051156853419607e+003	
  1.0620000000000000e+004	 -1.2070633576683888e+003	 -5.0074153960532230e+003	
  1.0650000000000000e+004	 -1.2276434007226112e+003	 -5.0053847021542661e+003	
  1.0680000000000000e+004	 -1.2312118725166865e+003	 -5.0053352281315229e+003	
  1.0710000000000000e+004	 -1.2502405770108201e+003	 -4.9972037017306930e+003	
  1.0740000000000000e+004	 -1.2546068595416973e+003	 -4.9872214621549892e+003	
  1.0770000000000000e+004	 -1.2739122059705010e+003	 -4.9735936804080320e+003	
  1.0800000000000000e+004	 -1.2841406025914041e+003	 -4.9687984823609268e+003	
  1.0830000000000000e+004	 -1.2841406025914041e+003	 -4.9687984823609268e+003	
  1.0860000000000000e+004	 -1.2841406025914041e+003	 -4.9687984823609268e+003	
  1.0890000000000000e+004	 -1.2841406025914041e+003	 -4.9687984823609268e+003	
  1.0920000000000000e+004	 -1.2826392315367000e+003	 -4.9404868333757004e+003	
  1.0950000000000000e+004	 -1.2921892518984773e+003	 -4.9261417698006371e+003	
  1.0980000000000000e+004	 -1.2970654360045337e+003	 -4.9242159838094740e+003	
  1.1010000000000000e+004	 -1.2953291861591206e+003	 -4.9037634542460564e+003	
  1.1040000000000000e+004	 -1.2967454640148740e+003	 -4.8769877158613372e+003	
  1.1070000000000000e+004	 -1.2946828266922817e+003	 -4.9011115015643927e+003	
  1.1100000000000000e+004	 -1.2916800859139541e+003	 -4.9110249073990635e+003	
  1.1130000000000000e+004	 -1.2901232330112073e+003	 -4.9082308473314051e+003	
  1.1160000000000000e+004	 -1.2907988502281353e+003	 -4.9119154440338762e+003	
  1.1190000000000000e+004	 -1.2859030786921026e+003	 -4.9105796397499544e+003	
  1.1220000000000000e+004	 -1.2865970010449680e+003	 -4.8900730943032486e+003	
  1.1250000000000000e+004	 -1.2790400984901949e+003	 -4.9013403195398105e+003	
  1.1280000000000000e+004	 -1.2671745280670427e+003	 -4.8978085316564575e+003	
  1.1310000000000000e+004	 -1.2938869514576415e+003	 -4.9429729143675850e+003	
  1.1340000000000000e+004	 -1.2586825892788181e+003	 -4.8944943177533787e+003	
  1.1370000000000000e+004	 -1.2378444065840924e+003	 -4.9146477731939731e+003	
  1.1400000000000000e+004	 -1.2284389612785023e+003	 -4.9299348993427893e+003	
  1.1430000000000000e+004	 -1.2350849709415595e+003	 -4.9493179897959308e+003	
  1.1460000000000000e+004	 -1.2304339884206952e+003	 -4.9659042368003466e+003	
  1.1490000000000000e+004	 -1.2236288662459535e+003	 -4.9834923390266122e+003	
  1.1520000000000000e+004	 -1.1876761042321773e+003	 -4.9882081362283025e+003	
  1.1550000000000000e+004	 -1.1646310543568020e+003	 -4.9998902042060736e+003	
  1.1580000000000000e+004	 -1.1460798490636337e+003	 -5.0234551786716620e+003	
  1.1610000000000000e+004	 -1.1444805641110011e+003	 -5.0526202581092102e+003	
  1.1640000000000000e+004	 -1.1471263186594144e+003	 -5.0813678994134189e+003	
  1.1670000000000000e+004	 -1.1618197542068538e+003	 -5.1065533931851314e+003	
  1.1700000000000000e+004	 -1.1572841697502149e+003	 -5.1320370578519442e+003	
  1.1730000000000000e+004	 -1.1406410940510855e+003	 -5.1516418780265822e+003	
  1.1760000000000000e+004	 -1.1408828003191263e+003	 -5.1530882223023355e+003	
  1.1790000000000000e+004	 -1.1487913543887787e+003	 -5.1555072289061845e+003	
  1.1820000000000000e+004	 -1.1495324313372639e+003	 -5.1595185525496163e+003	
  1.1850000000000000e+004	 -1.1408477606547542e+003	 -5.1569050209442157e+003	
  1.1880000000000000e+004	 -1.1391838066340197e+003	 -5.1569243804299858e+003	
  1.1910000000000000e+004	 -1.1410302109441727e+003	 -5.1582601854613404e+003	
  1.1940000000000000e+004	 -1.1428766152543260e+003	 -5.1595959904926949e+003	
  1.1970000000000000e+004	 -1.1437125056048162e+003	 -5.1597934884970055e+003	
  1.2000000000000000e+004	 -1.1394958261569909e+003	 -5.1542994513660997e+003	
  1.2030000000000000e+004	 -1.1358770618815111e+003	 -5.1496553743432360e+003	
  1.2060000000000000e+004	 -1.1427108339923248e+003	 -5.1552876073605366e+003	
  1.2090000000000000e+004	 -1.1391558291464623e+003	 -5.1533622324751295e+003	
  1.2120000000000000e+004	 -1.1348195764418019e+003	 -5.1572583329279250e+003	
  1.2150000000000000e+004	 -1.1372819667387730e+003	 -5.1610224994180835e+003	
  1.2180000000000000e+004	 -1.1398459010742586e+003	 -5.1713510769834229e+003	
  1.2210000000000000e+004	 -1.1314773965199608e+003	 -5.1947721942094913e+003	
  1.2240000000000000e+004	 -1.1194142143575077e+003	 -5.2220448838249667e+003	
  1.2270000000000000e+004	 -1.1121559212356383e+003	 -5.2497970936187276e+003	
  1.2300000000000000e+004	 -1.0949985939852679e+003	 -5.2747604879711316e+003	
  1.2330000000000000e+004	 -1.0897840759029220e+003	 -5.2803464197263384e+003	
  1.2360000000000000e+004	 -1.0912947676667500e+003	 -5.2792968589674128e+003	
  1.2390000000000000e+004	 -1.0925969685185239e+003	 -5.2782552316450447e+003	
  1.2420000000000000e+004	 -1.0938919800285028e+003	 -5.2772138778894541e+003	
  1.2450000000000000e+004	 -1.0951869915384814e+003	 -5.2761725241338636e+003	
  1.2480000000000000e+004	 -1.0980033764801528e+003	 -5.2652530443558126e+003	
  1.2510000000000000e+004	 -1.0902435787917166e+003	 -5.2761449951202212e+003	
  1.2540000000000000e+004	 -1.0925201127223222e+003	 -5.2796753366724633e+003	
  1.2570000000000000e+004	 -1.0983950370462205e+003	 -5.2811661897316908e+003	
  1.2600000000000000e+004	 -1.0987610752125024e+003	 -5.2804208186981732e+003	
  1.2630000000000000e+004	 -1.0987336215103833e+003	 -5.2795157173723164e+003	
  1.2660000000000000e+004	 -1.0987061678082641e+003	 -5.2786106160464597e+003	
  1.2690000000000000e+004	 -1.0959807213194331e+003	 -5.2759382627931900e+003	
  1.2720000000000000e+004	 -1.0882526278986065e+003	 -5.2755234747392869e+003	
  1.2750000000000000e+004	 -1.0841972983360706e+003	 -5.2901709496107087e+003	
  1.2780000000000000e+004	 -1.0696645895580266e+003	 -5.2853725961348100e+003	
  1.2810000000000000e+004	 -1.0603430797134713e+003	 -5.2903743902276246e+003	
  1.2840000000000000e+004	 -1.0657621901744237e+003	 -5.2944048369391276e+003	
  1.2870000000000000e+004	 -1.0744617084150918e+003	 -5.2949575845925256e+003	
  1.2900000000000000e+004	 -1.0922263612217384e+003	 -5.2703565047944048e+003	
  1.2930000000000000e+004	 -1.0715270407186019e+003	 -5.2569836110622864e+003	
  1.2960000000000000e+004	 -1.0534669191439179e+003	 -5.2466117119307146e+003	
  1.2990000000000000e+004	 -1.0368062288506776e+003	 -5.2450875241200547e+003	
  1.3020000000000000e+004	 -1.0209928895102223e+003	 -5.2411993760656596e+003	
  1.3050000000000000e+004	 -1.0005775246537431e+003	 -5.2358482046064901e+003	
  1.3080000000000000e+004	 -9.8305066040702150e+002	 -5.2364465332750488e+003	
  1.3110000000000000e+004	 -9.8291210205975483e+002	 -5.2453374612186963e+003	
  1.3140000000000000e+004	 -9.8343862910566145e+002	 -5.2485509553713100e+003	
  1.3170000000000000e+004	 -9.8396515615156807e+002	 -5.2517644495239247e+003	
  1.3200000000000000e+004	 -9.8329871489612810e+002	 -5.2574288799156684e+003	
  1.3230000000000000e+004	 -9.7791386916183467e+002	 -5.2798698354467724e+003	
  1.3260000000000000e+004	 -9.7585229627374338e+002	 -5.2863071681106785e+003	
  1.3290000000000000e+004	 -9.7500760978728010e+002	 -5.2900437295477104e+003	
  1.3320000000000000e+004	 -9.5899610592294164e+002	 -5.2782229129313155e+003	
  1.3350000000000000e+004	 -9.5170069614644217e+002	 -5.2462684527072870e+003	
  1.3380000000000000e+004	 -9.5878162393002731e+002	 -5.2397284011701604e+003	
  1.3410000000000000e+004	 -9.5293187917601449e+002	 -5.2028538163001704e+003	
  1.3440000000000000e+004	 -9.4419129532999978e+002	 -5.1703343805339573e+003	
  1.3470000000000000e+004	 -9.1124368411707201e+002	 -5.1622357965858082e+003	
  1.3500000000000000e+004	 -8.8449878439398447e+002	 -5.1418965718879244e+003	
  1.3530000000000000e+004	 -8.7298066742618789e+002	 -5.1254847202255287e+003	
  1.3560000000000000e+004	 -8.8117945196682581e+002	 -5.1347203301442896e+003	
  1.3590000000000000e+004	 -8.9230917527726422e+002	 -5.1600115753172104e+003	
  1.3620000000000000e+004	 -9.3076382467085637e+002	 -5.1661414357275553e+003	
  1.3650000000000000e+004	 -9.4640016617310550e+002	 -5.1858839522219887e+003	
  1.3680000000000000e+004	 -9.5158309324127367e+002	 -5.2209038837365015e+003	
  1.3710000000000000e+004	 -9.5315381941415103e+002	 -5.2515958630205869e+003	
  1.3740000000000000e+004	 -9.6291365344230974e+002	 -5.2655476065273524e+003	
  1.3770000000000000e+004	 -9.6316543561526714e+002	 -5.2595364831544157e+003	
  1.3800000000000000e+004	 -9.7157394336631535e+002	 -5.2840426494492995e+003	
  1.3830000000000000e+004	 -9.9628148333293984e+002	 -5.3104306609786090e+003	
  1.3860000000000000e+004	 -1.0192304119521563e+003	 -5.3074251002360033e+003	
  1.3890000000000000e+004	 -1.0543890461040266e+003	 -5.3042764153630069e+003	
  1.3920000000000000e+004	 -1.0775782145136734e+003	 -5.3278963148181019e+003	
  1.3950000000000000e+004	 -1.0974811577209869e+003	 -5.3646791942874306e+003	
  1.3980000000000000e+004	 -1.1128563909006643e+003	 -5.4206260262647547e+003	
  1.4010000000000000e+004	 -1.1139527054962630e+003	 -5.4339555354228351e+003	
  1.4040000000000000e+004	 -1.1119465281059597e+003	 -5.4330952538174379e+003	
  1.4070000000000000e+004	 -1.1095965590676669e+003	 -5.4322218424915909e+003	
  1.4100000000000000e+004	 -1.1089699006574556e+003	 -5.4359798575903533e+003	
  1.4130000000000000e+004	 -1.1089699006574556e+003	 -5.4414220277526101e+003	
  1.4160000000000000e+004	 -1.1255176097156532e+003	 -5.4781255898327518e+003	
  1.4190000000000000e+004	 -1.1163625146395618e+003	 -5.4932133385860725e+003	
  1.4220000000000000e+004	 -1.1098850354673220e+003	 -5.4927851959279342e+003	
  1.4250000000000000e+004	 -1.1012330777713019e+003	 -5.4820328205915494e+003	
  1.4280000000000000e+004	 -1.1011878857227025e+003	 -5.4839080854062868e+003	
  1.4310000000000000e+004	 -1.1011426936741027e+003	 -5.4857833502210260e+003	
  1.4340000000000000e+004	 -1.1010975016255034e+003	 -5.4876586150357634e+003	
  1.4370000000000000e+004	 -1.1010523095769038e+003	 -5.4895338798505018e+003	
  1.4400000000000000e+004	 -1.1003172199445919e+003	 -5.4916246385955328e+003	
  1.4430000000000000e+004	 -1.0996042431538795e+003	 -5.4912031466890003e+003	
  1.4460000000000000e+004	 -1.0988912663631672e+003	 -5.4907816547824677e+003	
  1.4490000000000000e+004	 -1.0987269919491691e+003	 -5.4904439869058560e+003	
  1.4520000000000000e+004	 -1.1013062294187416e+003	 -5.4905254391788476e+003	
  1.4550000000000000e+004	 -1.1017045788310504e+003	 -5.4926523013391370e+003	
  1.4580000000000000e+004	 -1.1015577062290427e+003	 -5.4952905159712509e+003	
  1.4610000000000000e+004	 -1.1014108336270351e+003	 -5.4979287306033657e+003	
  1.4640000000000000e+004	 -1.1011248010789418e+003	 -5.4986273971737282e+003	
  1.4670000000000000e+004	 -1.1007939639282627e+003	 -5.4995027553411701e+003	
  1.4700000000000000e+004	 -1.1228179423360675e+003	 -5.4893808506836340e+003	
  1.4730000000000000e+004	 -1.1403719554418974e+003	 -5.4866783704501395e+003	
  1.4760000000000000e+004	 -1.1376648816609463e+003	 -5.4719452243534424e+003	
  1.4790000000000000e+004	 -1.1357448757234065e+003	 -5.4709109574209106e+003	
  1.4820000000000000e+004	 -1.1334798063130304e+003	 -5.4773492943916244e+003	
  1.4850000000000000e+004	 -1.1288228546394346e+003	 -5.4792226802952910e+003	
  1.4880000000000000e+004	 -1.1304806990665204e+003	 -5.4711864677866433e+003	
  1.4910000000000000e+004	 -1.1339320879427094e+003	 -5.4722928293793339e+003	
  1.4940000000000000e+004	 -1.1323696053324973e+003	 -5.4774086787439037e+003	
  1.4970000000000000e+004	 -1.1374088964006253e+003	 -5.4903933061324797e+003	
  1.5000000000000000e+004	 -1.1297635767724876e+003	 -5.4747954184722576e+003	
  1.5030000000000000e+004	 -1.1393787616633831e+003	 -5.4799387749574553e+003	
  1.5060000000000000e+004	 -1.1374567610543943e+003	 -5.4795807055882215e+003	
  1.5090000000000000e+004	 -1.1552304916256510e+003	 -5.4885683799906483e+003	
  1.5120000000000000e+004	 -1.1580472915950959e+003	 -5.5181607373022052e+003	
  1.5150000000000000e+004	 -1.1907782425925375e+003	 -5.5133478195938051e+003	
  1.5180000000000000e+004	 -1.2079624019349890e+003	 -5.5022300247281464e+003	
  1.5210000000000000e+004	 -1.2011083181070624e+003	 -5.5029721382249345e+003	
  1.5240000000000000e+004	 -1.1993458419747512e+003	 -5.5061483857731300e+003	
  1.5270000000000000e+004	 -1.2030308034477821e+003	 -5.5044292158644694e+003	
  1.5300000000000000e+004	 -1.2073749075578166e+003	 -5.4940433351189977e+003	
  1.5330000000000000e+004	 -1.2014999826486821e+003	 -5.4956837978065050e+003	
  1.5360000000000000e+004	 -1.1976755216978167e+003	 -5.4967754866165687e+003	
  1.5390000000000000e+004	 -1.1994898366321920e+003	 -5.4963580472636559e+003	
  1.5420000000000000e+004	 -1.2013041515665670e+003	 -5.4959406079107448e+003	
  1.5450000000000000e+004	 -1.2031184665009423e+003	 -5.4955231685578319e+003	
  1.5480000000000000e+004	 -1.2049327814353176e+003	 -5.4951057292049200e+003	
  1.5510000000000000e+004	 -1.2009986532161220e+003	 -5.4982893983871145e+003	
  1.5540000000000000e+004	 -1.2057444026519449e+003	 -5.4985323600886140e+003	
  1.5570000000000000e+004	 -1.2156786131202425e+003	 -5.4856573508883093e+003	
  1.5600000000000000e+004	 -1.2107849156053144e+003	 -5.4824010603809738e+003	
  1.5630000000000000e+004	 -1.2075707348095591e+003	 -5.4888719719434812e+003	
  1.5660000000000000e+004	 -1.2073036946220861e+003	 -5.4924543586031959e+003	
  1.5690000000000000e+004	 -1.2072002477274530e+003	 -5.4953945522958902e+003	
  1.5720000000000000e+004	 -1.2079147672970180e+003	 -5.4951237811534756e+003	
  1.5750000000000000e+004	 -1.2101112487258422e+003	 -5.4954005697187276e+003	
  1.5780000000000000e+004	 -1.2124135845731848e+003	 -5.4957164696916680e+003	
  1.5810000000000000e+004	 -1.2129858875152370e+003	 -5.5055066185512269e+003	
  1.5840000000000000e+004	 -1.2119979133754020e+003	 -5.5131947579137841e+003	
  1.5870000000000000e+004	 -1.2135190984774813e+003	 -5.5136121970734794e+003	
  1.5900000000000000e+004	 -1.2261746664098760e+003	 -5.4686790502071208e+003	
  1.5930000000000000e+004	 -1.2114329588955804e+003	 -5.4969486462120030e+003	
  1.5960000000000000e+004	 -1.2144560674391228e+003	 -5.4988644576841107e+003	
  1.5990000000000000e+004	 -1.2170965099085820e+003	 -5.5036771463629775e+003	
  1.6020000000000000e+004	 -1.2143093642898866e+003	 -5.5084272301016899e+003	
  1.6050000000000000e+004	 -1.2128187110051247e+003	 -5.5064334906948125e+003	
  1.6080000000000000e+004	 -1.2237267835266512e+003	 -5.4907467864419605e+003	
  1.6110000000000000e+004	 -1.2402341709416064e+003	 -5.4953021708186634e+003	
  1.6140000000000000e+004	 -1.2259135604660687e+003	 -5.5111353918595369e+003	
  1.6170000000000000e+004	 -1.2022266155829923e+003	 -5.4952287647431522e+003	
  1.6200000000000000e+004	 -1.2455945615212329e+003	 -5.4971960171865712e+003	
  1.6230000000000000e+004	 -1.2475528705313320e+003	 -5.4979381311618799e+003	
  1.6260000000000000e+004	 -1.2127602568037141e+003	 -5.5055059272854978e+003	
  1.6290000000000000e+004	 -1.2185769631912590e+003	 -5.5079944446440768e+003	
  1.6320000000000000e+004	 -1.2277466108790188e+003	 -5.5117852429292461e+003	
  1.6350000000000000e+004	 -1.2246490831618930e+003	 -5.5021995015360490e+003	
  1.6380000000000000e+004	 -1.2129939900105521e+003	 -5.5129182608072997e+003	
  1.6410000000000000e+004	 -1.2011502838027766e+003	 -5.5121849532099450e+003	
  1.6440000000000000e+004	 -1.2075707383197237e+003	 -5.5067383660345522e+003	
  1.6470000000000000e+004	 -1.2075462593620798e+003	 -5.5037606331045927e+003	
  1.6500000000000000e+004	 -1.2076686541502986e+003	 -5.4977773388224869e+003	
  1.6530000000000000e+004	 -1.2028867353799171e+003	 -5.4970007088853154e+003	
  1.6560000000000000e+004	 -1.1973498726627172e+003	 -5.4980256628010875e+003	
  1.6590000000000000e+004	 -1.2007819342258258e+003	 -5.5057073584512809e+003	
  1.6620000000000000e+004	 -1.1921980156514503e+003	 -5.5028979274599842e+003	
  1.6650000000000000e+004	 -1.2189804615480286e+003	 -5.4901198949536110e+003	
  1.6680000000000000e+004	 -1.2053135283237418e+003	 -5.4983104901645229e+003	
  1.6710000000000000e+004	 -1.1967021242244098e+003	 -5.4898367204390470e+003	
  1.6740000000000000e+004	 -1.1990520946123386e+003	 -5.4879423763287850e+003	
  1.6770000000000000e+004	 -1.2049270198750048e+003	 -5.4894070743473221e+003	
  1.6800000000000000e+004	 -1.2082281704303634e+003	 -5.4878263868735312e+003	
  1.6830000000000000e+004	 -1.2063398012457280e+003	 -5.4888401667680946e+003	
  1.6860000000000000e+004	 -1.2045773235190929e+003	 -5.4900964592155733e+003	
  1.6890000000000000e+004	 -1.2033184116244574e+003	 -5.4923228018747122e+003	
  1.6920000000000000e+004	 -1.2020490088642921e+003	 -5.4945292664248946e+003	
  1.6950000000000000e+004	 -1.2011409601041448e+003	 -5.4965899580708947e+003	
  1.6980000000000000e+004	 -1.2005120571001476e+003	 -5.4945408364014102e+003	
  1.7010000000000000e+004	 -1.1998982589635125e+003	 -5.4961856712652161e+003	
  1.7040000000000000e+004	 -1.1995501864360372e+003	 -5.4983920037190246e+003	
  1.7070000000000000e+004	 -1.2021796313430948e+003	 -5.5033628391651773e+003	
  1.7100000000000000e+004	 -1.2026912869262721e+003	 -5.5070511147991301e+003	
  1.7130000000000000e+004	 -1.2022017102226450e+003	 -5.5117423354662205e+003	
  1.7160000000000000e+004	 -1.2017121335190182e+003	 -5.5164335561333110e+003	
  1.7190000000000000e+004	 -1.2040054631286207e+003	 -5.5071672647900987e+003	
  1.7220000000000000e+004	 -1.2045049726657239e+003	 -5.4947756168938595e+003	
  1.7250000000000000e+004	 -1.2033665601627044e+003	 -5.4910291793069682e+003	
  1.7280000000000000e+004	 -1.2024080176018965e+003	 -5.4911697905252513e+003	
  1.7310000000000000e+004	 -1.2014494750410886e+003	 -5.4913104017435344e+003	
  1.7340000000000000e+004	 -1.1992780507969410e+003	 -5.4916206475740910e+003	
  1.7370000000000000e+004	 -1.1924185733614511e+003	 -5.4926297669040468e+003	
  1.7400000000000000e+004	 -1.1943472097394640e+003	 -5.4925285696629526e+003	
  1.7430000000000000e+004	 -1.1962758461174774e+003	 -5.4924273724218601e+003	
  1.7460000000000000e+004	 -1.1982044824954905e+003	 -5.4923261751807659e+003	
  1.7490000000000000e+004	 -1.2005035998108060e+003	 -5.4941461346562555e+003	
  1.7520000000000000e+004	 -1.2028154923308564e+003	 -5.4960323409150778e+003	
  1.7550000000000000e+004	 -1.2051273848509065e+003	 -5.4979185471738983e+003	
  1.7580000000000000e+004	 -1.2069737698255499e+003	 -5.4990341456312926e+003	
  1.7610000000000000e+004	 -1.2071545983663996e+003	 -5.4993079503758981e+003	
  1.7640000000000000e+004	 -1.2056124310147029e+003	 -5.5005602673725807e+003	
  1.7670000000000000e+004	 -1.2056124310147029e+003	 -5.5005602673725807e+003	
  1.7700000000000000e+004	 -1.2056124310147029e+003	 -5.5005602673725807e+003	
  1.7730000000000000e+004	 -1.2056124310147029e+003	 -5.5005602673725807e+003	
  1.7760000000000000e+004	 -1.2056124310147029e+003	 -5.5005602673725807e+003	
  1.7790000000000000e+004	 -1.2056124310147029e+003	 -5.5005602673725807e+003	
  1.7820000000000000e+004	 -1.2056124310147029e+003	 -5.5005602673725807e+003	
  1.7850000000000000e+004	 -1.2056124310147029e+003	 -5.5005602673725807e+003	
  1.7880000000000000e+004	 -1.2056124310147029e+003	 -5.5005602673725807e+003	
  1.7910000000000000e+004	 -1.2056124310147029e+003	 -5.5005602673725807e+003	
  1.7940000000000000e+004	 -1.2056124310147029e+003	 -5.5005602673725807e+003	
  1.7970000000000000e+004	 -1.2056124310147029e+003	 -5.5005602673725807e+003	
  1.8000000000000000e+004	 -1.2056124310147029e+003	 -5.5005602673725807e+003	
  1.8030000000000000e+004	 -1.2138985225902807e+003	 -5.4913116709454443e+003	
  1.8060000000000000e+004	 -1.2129805648752824e+003	 -5.4920074030967889e+003	
  1.8090000000000000e+004	 -1.2120626071602842e+003	 -5.4927031352481345e+003	
  1.8120000000000000e+004	 -1.2111446494452857e+003	 -5.4933988673994791e+003	
  1.8150000000000000e+004	 -1.2102266917302877e+003	 -5.4940945995508237e+003	
  1.8180000000000000e+004	 -1.2083927406442651e+003	 -5.4970249186354495e+003	
  1.8210000000000000e+004	 -1.2074498514572999e+003	 -5.4958499047801806e+003	
  1.8240000000000000e+004	 -1.2065069622703347e+003	 -5.4946748909249118e+003	
  1.8270000000000000e+004	 -1.2055640730833697e+003	 -5.4934998770696429e+003	
  1.8300000000000000e+004	 -1.2046211838964043e+003	 -5.4923248632143750e+003	
  1.8330000000000000e+004	 -1.2036782947094391e+003	 -5.4911498493591052e+003	
  1.8360000000000000e+004	 -1.2060067616362703e+003	 -5.4861468323537993e+003	
  1.8390000000000000e+004	 -1.2045781599615646e+003	 -5.4886834024745458e+003	
  1.8420000000000000e+004	 -1.2031495582868586e+003	 -5.4912199725952923e+003	
  1.8450000000000000e+004	 -1.2017209566121526e+003	 -5.4937565427160389e+003	
  1.8480000000000000e+004	 -1.2002923549374468e+003	 -5.4962931128367854e+003	
  1.8510000000000000e+004	 -1.1988637532627408e+003	 -5.4988296829575320e+003	
  1.8540000000000000e+004	 -1.1974351515880348e+003	 -5.5013662530782785e+003	
  1.8570000000000000e+004	 -1.2040612453593440e+003	 -5.4970449904741745e+003	
  1.8600000000000000e+004	 -1.2060154787021659e+003	 -5.4981087025052911e+003	
  1.8630000000000000e+004	 -1.2077233049443116e+003	 -5.4993901437116010e+003	
  1.8660000000000000e+004	 -1.2094311311864574e+003	 -5.5006715849179109e+003	
  1.8690000000000000e+004	 -1.2042416135607373e+003	 -5.4937328185861861e+003	
  1.8720000000000000e+004	 -1.1999088529900644e+003	 -5.4890806909140765e+003	
  1.8750000000000000e+004	 -1.1953802650432947e+003	 -5.4828886773276981e+003	
  1.8780000000000000e+004	 -1.1841689482257063e+003	 -5.4713850674938240e+003	
  1.8810000000000000e+004	 -1.1722624323943471e+003	 -5.4654063275819899e+003	
  1.8840000000000000e+004	 -1.1623011715979144e+003	 -5.4700964876868957e+003	
  1.8870000000000000e+004	 -1.1349290114836278e+003	 -5.4754091513764988e+003	
  1.8900000000000000e+004	 -1.1144286866811369e+003	 -5.4575640383036434e+003	
  1.8930000000000000e+004	 -1.1145510807521475e+003	 -5.4342414688201134e+003	
  1.8960000000000000e+004	 -1.1157521768132151e+003	 -5.4045010315997324e+003	
  1.8990000000000000e+004	 -1.1031853598686273e+003	 -5.3733761990336307e+003	
  1.9020000000000000e+004	 -1.0848827043450769e+003	 -5.3387760420086206e+003	
  1.9050000000000000e+004	 -1.0675140200201181e+003	 -5.3054128286085233e+003	
  1.9080000000000000e+004	 -1.0297638536056540e+003	 -5.3019191840942722e+003	
  1.9110000000000000e+004	 -9.8833809513566109e+002	 -5.3021931957343040e+003	
  1.9140000000000000e+004	 -9.5913259221005330e+002	 -5.2645275370454119e+003	
  1.9170000000000000e+004	 -9.5622183751848513e+002	 -5.2174331755209050e+003	
  1.9200000000000000e+004	 -9.4119881110481845e+002	 -5.1701234089572627e+003	
  1.9230000000000000e+004	 -8.9482886146607279e+002	 -5.1588167712444365e+003	
  1.9260000000000000e+004	 -8.7935822491194244e+002	 -5.1296516911110302e+003	
  1.9290000000000000e+004	 -8.5030998346769456e+002	 -5.1315069763872907e+003	
  1.9320000000000000e+004	 -8.2889261222037169e+002	 -5.1399151279393864e+003	
  1.9350000000000000e+004	 -8.0203767840085209e+002	 -5.1201897379319953e+003	
  1.9380000000000000e+004	 -7.9267636544028142e+002	 -5.0926438153088411e+003	
  1.9410000000000000e+004	 -8.0494249882126326e+002	 -5.0634180164231439e+003	
  1.9440000000000000e+004	 -8.1228615869493763e+002	 -5.0530655268954579e+003	
  1.9470000000000000e+004	 -8.1650503511391719e+002	 -5.0486322030304682e+003	
  1.9500000000000000e+004	 -8.2915092356536479e+002	 -5.0444145986684507e+003	
  1.9530000000000000e+004	 -8.2401425045487576e+002	 -5.0449373172668966e+003	
  1.9560000000000000e+004	 -8.1880520372398246e+002	 -5.0455737516060208e+003	
  1.9590000000000000e+004	 -8.1855746736149365e+002	 -5.0453725763258954e+003	
  1.9620000000000000e+004	 -8.1830973099900496e+002	 -5.0451714010457708e+003	
  1.9650000000000000e+004	 -8.1642415279587294e+002	 -5.0473738360025636e+003	
  1.9680000000000000e+004	 -8.1862164837946909e+002	 -5.0476233575788638e+003	
  1.9710000000000000e+004	 -8.1758446900165859e+002	 -5.0469224720466691e+003	
  1.9740000000000000e+004	 -8.1399423648908532e+002	 -5.0470461584002751e+003	
  1.9770000000000000e+004	 -8.0109116181974912e+002	 -5.0664050248047070e+003	
  1.9800000000000000e+004	 -8.0841404741759106e+002	 -5.0705929095921538e+003	
  1.9830000000000000e+004	 -8.0734588024829463e+002	 -5.0693785418617363e+003	
  1.9860000000000000e+004	 -8.0627771307899820e+002	 -5.0681641741313188e+003	
  1.9890000000000000e+004	 -8.0464875635030273e+002	 -5.0678414080240409e+003	
  1.9920000000000000e+004	 -8.0182648530848780e+002	 -5.0695535538911272e+003	
  1.9950000000000000e+004	 -8.0234485937222405e+002	 -5.0699464371822578e+003	
  1.9980000000000000e+004	 -8.0713430037414105e+002	 -5.0732053589840198e+003	
  2.0010000000000000e+004	 -8.3215545750499700e+002	 -5.0763650518481318e+003	
  2.0040000000000000e+004	 -8.5458106620465549e+002	 -5.0790205315053518e+003	
  2.0070000000000000e+004	 -8.6031936968523576e+002	 -5.0762246608652831e+003	
  2.0100000000000000e+004	 -8.6152073487129405e+002	 -5.0768336467201680e+003	
  2.0130000000000000e+004	 -8.6304481632943646e+002	 -5.0801553373968172e+003	
  2.0160000000000000e+004	 -8.6035509733023639e+002	 -5.0808348615747327e+003	
  2.0190000000000000e+004	 -8.6203472220805611e+002	 -5.0919751342679856e+003	
  2.0220000000000000e+004	 -8.7278740134385430e+002	 -5.0950638771656986e+003	
  2.0250000000000000e+004	 -8.7420367636764536e+002	 -5.0941097307548171e+003	
  2.0280000000000000e+004	 -8.7565066792988250e+002	 -5.0942257758767892e+003	
  2.0310000000000000e+004	 -8.7722856436316874e+002	 -5.1000135136427243e+003	
  2.0340000000000000e+004	 -8.7867893451502596e+002	 -5.1324763627328111e+003	
  2.0370000000000000e+004	 -8.8531148514684116e+002	 -5.1617926489855208e+003	
  2.0400000000000000e+004	 -8.6309338156692854e+002	 -5.1771346182806883e+003	
  2.0430000000000000e+004	 -8.3417025704563525e+002	 -5.1730097012957785e+003	
  2.0460000000000000e+004	 -8.0817370708812450e+002	 -5.1574253079749615e+003	
  2.0490000000000000e+004	 -7.7106376241056716e+002	 -5.1566255818217369e+003	
  2.0520000000000000e+004	 -7.3826209371691095e+002	 -5.1671655536994185e+003	
  2.0550000000000000e+004	 -7.2707446494188923e+002	 -5.1629857769962227e+003	
  2.0580000000000000e+004	 -7.2923988725424431e+002	 -5.1606720550780001e+003	
  2.0610000000000000e+004	 -7.1676520112680282e+002	 -5.1700496787100537e+003	
  2.0640000000000000e+004	 -6.9460071323160946e+002	 -5.1927077680448383e+003	
  2.0670000000000000e+004	 -6.9012686670247058e+002	 -5.2283380107493958e+003	
  2.0700000000000000e+004	 -6.9230144293733952e+002	 -5.2593651505073012e+003	
  2.0730000000000000e+004	 -7.2077439662225663e+002	 -5.2775698538440556e+003	
  2.0760000000000000e+004	 -7.2128505947835833e+002	 -5.3094373700732622e+003	
  2.0790000000000000e+004	 -7.5079526399890824e+002	 -5.3197534689911308e+003	
  2.0820000000000000e+004	 -7.7611504646626463e+002	 -5.3333357915974411e+003	
  2.0850000000000000e+004	 -7.5842513727814173e+002	 -5.3519262502139945e+003	
  2.0880000000000000e+004	 -7.5052599894902164e+002	 -5.3629445032456533e+003	
  2.0910000000000000e+004	 -7.5485331879072919e+002	 -5.3653594655932620e+003	
  2.0940000000000000e+004	 -7.5843267096436171e+002	 -5.3655326255082682e+003	
  2.0970000000000000e+004	 -7.5315503165998609e+002	 -5.3963006717197404e+003	
  2.1000000000000000e+004	 -7.5868072421523107e+002	 -5.3777181383648922e+003	
  2.1030000000000000e+004	 -7.5903648820363480e+002	 -5.3623879173199812e+003	
  2.1060000000000000e+004	 -7.6178474663925442e+002	 -5.3612956180784176e+003	
  2.1090000000000000e+004	 -7.6146346211696527e+002	 -5.3598345812563721e+003	
  2.1120000000000000e+004	 -7.6141696612560463e+002	 -5.3585849864318316e+003	
  2.1150000000000000e+004	 -7.6384356691260109e+002	 -5.3592383695848348e+003	
  2.1180000000000000e+004	 -7.6455238432505530e+002	 -5.3611356001114809e+003	
  2.1210000000000000e+004	 -7.6592932022598461e+002	 -5.3622835573573311e+003	
  2.1240000000000000e+004	 -7.5882433761273421e+002	 -5.3727682371200644e+003	
  2.1270000000000000e+004	 -7.6187602807625808e+002	 -5.3930557786652416e+003	
  2.1300000000000000e+004	 -7.6882677055787542e+002	 -5.3972323101048933e+003	
  2.1330000000000000e+004	 -7.6866106859110471e+002	 -5.3762533196140857e+003	
  2.1360000000000000e+004	 -7.6183745771104725e+002	 -5.3569004900610962e+003	
  2.1390000000000000e+004	 -7.5777312754617867e+002	 -5.3535712883225387e+003	
  2.1420000000000000e+004	 -7.5645404070981238e+002	 -5.3548062780153959e+003	
  2.1450000000000000e+004	 -7.5513495387344608e+002	 -5.3560412677082550e+003	
  2.1480000000000000e+004	 -7.5381586703707978e+002	 -5.3572762574011122e+003	
  2.1510000000000000e+004	 -7.5249678020071360e+002	 -5.3585112470939712e+003	
  2.1540000000000000e+004	 -7.5117769336434731e+002	 -5.3597462367868293e+003	
  2.1570000000000000e+004	 -7.4985860652798101e+002	 -5.3609812264796874e+003	
  2.1600000000000000e+004	 -7.4853951969161471e+002	 -5.3622162161725455e+003	
  2.1630000000000000e+004	 -7.4722043285524842e+002	 -5.3634512058654036e+003	
  2.1660000000000000e+004	 -7.5387960190151296e+002	 -5.3544936787850656e+003	
  2.1690000000000000e+004	 -7.5985244136276015e+002	 -5.3531207685528452e+003	
  2.1720000000000000e+004	 -7.6506086299879462e+002	 -5.3532337397199190e+003	
  2.1750000000000000e+004	 -7.6997602629727817e+002	 -5.3503240647476887e+003	
  2.1780000000000000e+004	 -7.7489118959576160e+002	 -5.3474143897754593e+003	
  2.1810000000000000e+004	 -7.7980635289424504e+002	 -5.3445047148032309e+003	
  2.1840000000000000e+004	 -7.8095322433055787e+002	 -5.3438257906430435e+003	
  2.1870000000000000e+004	 -7.8095322433055787e+002	 -5.3438257906430435e+003	
  2.1900000000000000e+004	 -7.8095322433055787e+002	 -5.3438257906430435e+003	
  2.1930000000000000e+004	 -7.8095322433055787e+002	 -5.3438257906430435e+003	
  2.1960000000000000e+004	 -7.8095322433055787e+002	 -5.3438257906430435e+003	
  2.1990000000000000e+004	 -7.8095322433055787e+002	 -5.3438257906430435e+003	
  2.2020000000000000e+004	 -7.8095322433055787e+002	 -5.3438257906430435e+003	
  2.2050000000000000e+004	 -7.8095322433055787e+002	 -5.3438257906430435e+003	
  2.2080000000000000e+004	 -7.8095322433055787e+002	 -5.3438257906430435e+003	
  2.2110000000000000e+004	 -7.8095322433055787e+002	 -5.3438257906430435e+003	
  2.2140000000000000e+004	 -7.6326604503985675e+002	 -5.3565107567717487e+003	
  2.2170000000000000e+004	 -7.6127662236234278e+002	 -5.3563208231521803e+003	
  2.2200000000000000e+004	 -7.6269584619138175e+002	 -5.3535066268661667e+003	
  2.2230000000000000e+004	 -7.6411507002042094e+002	 -5.3506924305801531e+003	
  2.2260000000000000e+004	 -7.6251248410232972e+002	 -5.3529983200889174e+003	
  2.2290000000000000e+004	 -7.6069405463087230e+002	 -5.3556699300115943e+003	
  2.2320000000000000e+004	 -7.5887562515941477e+002	 -5.3583415399342712e+003	
  2.2350000000000000e+004	 -7.5456124603664148e+002	 -5.3693174066529109e+003	
  2.2380000000000000e+004	 -7.5108262834128948e+002	 -5.3774241958593548e+003	
  2.2410000000000000e+004	 -7.4769257232602308e+002	 -5.3796525039548342e+003	
  2.2440000000000000e+004	 -7.4283399100186966e+002	 -5.3815109103652449e+003	
  2.2470000000000000e+004	 -7.4910739572137493e+002	 -5.4036348786360313e+003	
  2.2500000000000000e+004	 -7.5424534727164644e+002	 -5.4197440518948724e+003	
  2.2530000000000000e+004	 -7.5059535873058439e+002	 -5.4247394075541260e+003	
  2.2560000000000000e+004	 -7.3847424359668139e+002	 -5.4292709422702619e+003	
  2.2590000000000000e+004	 -7.3884958550028637e+002	 -5.4420074739106758e+003	
  2.2620000000000000e+004	 -7.3881286789984301e+002	 -5.4439972661481597e+003	
  2.2650000000000000e+004	 -7.3534911210146106e+002	 -5.4410334479839385e+003	
  2.2680000000000000e+004	 -7.4192057004043386e+002	 -5.4281434347753348e+003	
  2.2710000000000000e+004	 -7.7193347944727384e+002	 -5.4218328852520708e+003	
  2.2740000000000000e+004	 -8.0067338491624537e+002	 -5.4142227247111159e+003	
  2.2770000000000000e+004	 -8.1763886626967530e+002	 -5.4329536824480992e+003	
  2.2800000000000000e+004	 -8.2154895453397842e+002	 -5.4601744239945310e+003	
  2.2830000000000000e+004	 -8.1540546180130127e+002	 -5.4887924597761858e+003	
  2.2860000000000000e+004	 -8.0940309289921186e+002	 -5.5087606277740424e+003	
  2.2890000000000000e+004	 -7.9780619396181908e+002	 -5.5082476945208427e+003	
  2.2920000000000000e+004	 -7.9148611989872063e+002	 -5.5084319767781653e+003	
  2.2950000000000000e+004	 -7.7850830247665181e+002	 -5.5082209081685724e+003	
  2.2980000000000000e+004	 -7.7790152310381654e+002	 -5.5052541386940866e+003	
  2.3010000000000000e+004	 -7.8873749479015760e+002	 -5.5029535853785501e+003	
  2.3040000000000000e+004	 -7.9221349581248899e+002	 -5.5113580266611480e+003	
  2.3070000000000000e+004	 -7.7811367388349208e+002	 -5.4899851436768622e+003	
  2.3100000000000000e+004	 -7.7811367388349186e+002	 -5.4899851436768622e+003	
  2.3130000000000000e+004	 -7.7811367388349186e+002	 -5.4899851436768622e+003	
  2.3160000000000000e+004	 -7.7811367388349186e+002	 -5.4899851436768622e+003	
  2.3190000000000000e+004	 -8.0830722898334398e+002	 -5.4850973098325321e+003	
  2.3220000000000000e+004	 -7.8915975616937476e+002	 -5.4590807330689813e+003	
  2.3250000000000000e+004	 -7.8558720156874688e+002	 -5.4563774280267307e+003	
  2.3280000000000000e+004	 -7.8511802398688701e+002	 -5.4555193585868856e+003	
  2.3310000000000000e+004	 -7.8464884640502726e+002	 -5.4546612891470395e+003	
  2.3340000000000000e+004	 -7.8417966882316750e+002	 -5.4538032197071952e+003	
  2.3370000000000000e+004	 -7.8371049124130764e+002	 -5.4529451502673501e+003	
  2.3400000000000000e+004	 -7.8281361325780495e+002	 -5.4525697076987399e+003	
  2.3430000000000000e+004	 -7.8868853931292108e+002	 -5.4628343161313842e+003	
  2.3460000000000000e+004	 -7.9456346536803710e+002	 -5.4730989245640285e+003	
  2.3490000000000000e+004	 -7.9190342884896211e+002	 -5.4931576806139055e+003	
  2.3520000000000000e+004	 -7.7287151178273007e+002	 -5.5105390898735104e+003	
  2.3550000000000000e+004	 -7.7139539874933280e+002	 -5.5135765364325262e+003	
  2.3580000000000000e+004	 -7.6991928571593542e+002	 -5.5166139829915428e+003	
  2.3610000000000000e+004	 -7.6844317268253792e+002	 -5.5196514295505585e+003	
  2.3640000000000000e+004	 -7.6696705964914065e+002	 -5.5226888761095743e+003	
  2.3670000000000000e+004	 -7.6549094661574327e+002	 -5.5257263226685891e+003	
  2.3700000000000000e+004	 -7.6401483358234577e+002	 -5.5287637692276057e+003	
  2.3730000000000000e+004	 -7.6714714379845520e+002	 -5.5224897361039129e+003	
  2.3760000000000000e+004	 -7.8976561040978379e+002	 -5.4966270632895130e+003	
  2.3790000000000000e+004	 -7.9615187353484578e+002	 -5.5141347701618142e+003	
  2.3820000000000000e+004	 -7.8309583761313877e+002	 -5.5028979265307698e+003	
  2.3850000000000000e+004	 -7.8531045580743466e+002	 -5.4873135329687984e+003	
  2.3880000000000000e+004	 -7.7122946672556259e+002	 -5.4646733476248291e+003	
  2.3910000000000000e+004	 -7.6185971310332695e+002	 -5.4486030112702319e+003	
  2.3940000000000000e+004	 -7.5856322473407454e+002	 -5.4235164653847705e+003	
  2.3970000000000000e+004	 -7.5674362828659446e+002	 -5.4319889336389651e+003	
  2.4000000000000000e+004	 -7.5647436425434012e+002	 -5.4141439463145207e+003	
  2.4030000000000000e+004	 -7.6061944758750144e+002	 -5.4111973738001589e+003	
  2.4060000000000000e+004	 -7.6768568194932641e+002	 -5.4016735767438149e+003	
  2.4090000000000000e+004	 -7.7090057110927580e+002	 -5.3898368590992759e+003	
  2.4120000000000000e+004	 -7.6065208598542677e+002	 -5.3770663135305040e+003	
  2.4150000000000000e+004	 -7.5669573916181184e+002	 -5.3767466134003744e+003	
  2.4180000000000000e+004	 -7.5435428519476250e+002	 -5.3794085442156702e+003	
  2.4210000000000000e+004	 -7.5485876206198623e+002	 -5.3817570932446997e+003	
  2.4240000000000000e+004	 -7.5273725837686629e+002	 -5.3796439235949765e+003	
  2.4270000000000000e+004	 -7.4955500441424590e+002	 -5.3769166545607359e+003	
  2.4300000000000000e+004	 -7.5492403996218320e+002	 -5.3744565463514136e+003	
  2.4330000000000000e+004	 -7.6574913170878358e+002	 -5.3741473328913844e+003	
  2.4360000000000000e+004	 -7.6850666299553268e+002	 -5.3718091980363788e+003	
  2.4390000000000000e+004	 -7.7132690738009705e+002	 -5.3777427199601025e+003	
  2.4420000000000000e+004	 -7.7363753463396654e+002	 -5.3789202104220722e+003	
  2.4450000000000000e+004	 -7.7195898371437488e+002	 -5.3719004177574407e+003	
  2.4480000000000000e+004	 -7.6492842397010691e+002	 -5.3741845690750661e+003	
  2.4510000000000000e+004	 -7.6354059137433853e+002	 -5.3791875232657749e+003	
  2.4540000000000000e+004	 -7.6309065114695500e+002	 -5.3781750675139501e+003	
  2.4570000000000000e+004	 -7.6985613945442435e+002	 -5.3787793600104205e+003	
  2.4600000000000000e+004	 -7.7155333614616507e+002	 -5.3796142378807845e+003	
  2.4630000000000000e+004	 -7.6976415446998294e+002	 -5.3833332408242277e+003	
  2.4660000000000000e+004	 -7.6577632888757114e+002	 -5.3866705056338433e+003	
  2.4690000000000000e+004	 -7.6567841321786045e+002	 -5.3836105221356884e+003	
  2.4720000000000000e+004	 -7.6332844243107763e+002	 -5.3829723042309470e+003	
  2.4750000000000000e+004	 -7.6445936644121707e+002	 -5.3798591353540032e+003	
  2.4780000000000000e+004	 -7.6018999390135161e+002	 -5.3774728491605820e+003	
  2.4810000000000000e+004	 -7.6185970837464185e+002	 -5.3682598946248481e+003	
  2.4840000000000000e+004	 -7.6452237608933945e+002	 -5.3594784117061017e+003	
  2.4870000000000000e+004	 -7.6392445140048221e+002	 -5.3626867795234175e+003	
  2.4900000000000000e+004	 -7.5592453123789062e+002	 -5.3677161529272598e+003	
  2.4930000000000000e+004	 -7.5637644939749816e+002	 -5.3672023814523891e+003	
  2.4960000000000000e+004	 -7.6021351083632533e+002	 -5.3679502935596320e+003	
  2.4990000000000000e+004	 -7.6663920843985136e+002	 -5.3703505692569479e+003	
  2.5020000000000000e+004	 -7.6652404520450898e+002	 -5.3673895966072923e+003	
  2.5050000000000000e+004	 -7.7327298028263624e+002	 -5.3687932889520043e+003	
  2.5080000000000000e+004	 -7.6684728427254015e+002	 -5.3714370696179230e+003	
  2.5110000000000000e+004	 -7.7330829009320166e+002	 -5.3804405544111787e+003	
  2.5140000000000000e+004	 -7.7164037670913831e+002	 -5.4113829021736756e+003	
  2.5170000000000000e+004	 -7.9475929235974081e+002	 -5.3971745112877343e+003	
  2.5200000000000000e+004	 -8.1845482971126842e+002	 -5.3759222216001181e+003	
  2.5230000000000000e+004	 -8.4145842432794552e+002	 -5.3561745681127031e+003	
  2.5260000000000000e+004	 -8.6812242879445284e+002	 -5.3394473183196878e+003	
  2.5290000000000000e+004	 -8.9047162385368119e+002	 -5.3209849139371536e+003	
  2.5320000000000000e+004	 -9.1320604349869393e+002	 -5.3115086795264688e+003	
  2.5350000000000000e+004	 -9.2351155248179271e+002	 -5.3071505174388321e+003	
  2.5380000000000000e+004	 -9.2023503474886286e+002	 -5.3106467474477759e+003	
  2.5410000000000000e+004	 -9.1932888963601113e+002	 -5.3113392499519123e+003	
  2.5440000000000000e+004	 -9.2231046289011056e+002	 -5.3053471793861772e+003	
  2.5470000000000000e+004	 -9.3602677997075034e+002	 -5.2891621378086347e+003	
  2.5500000000000000e+004	 -9.5153079693436950e+002	 -5.2748091893817154e+003	
  2.5530000000000000e+004	 -9.7335703421731898e+002	 -5.2872767041779680e+003	
  2.5560000000000000e+004	 -9.9367160503040361e+002	 -5.3105878139767256e+003	
  2.5590000000000000e+004	 -1.0033191559648972e+003	 -5.3264881529547083e+003	
  2.5620000000000000e+004	 -1.0059541873347509e+003	 -5.3278993655725571e+003	
  2.5650000000000000e+004	 -1.0074939857018310e+003	 -5.3269028982209393e+003	
  2.5680000000000000e+004	 -1.0090337840689111e+003	 -5.3259064308693223e+003	
  2.5710000000000000e+004	 -1.0105735824359913e+003	 -5.3249099635177054e+003	
  2.5740000000000000e+004	 -1.0112522495664936e+003	 -5.3243836330597815e+003	
  2.5770000000000000e+004	 -1.0108048220030093e+003	 -5.3244720970013059e+003	
  2.5800000000000000e+004	 -1.0103573944395253e+003	 -5.3245605609428303e+003	
  2.5830000000000000e+004	 -1.0099099668760409e+003	 -5.3246490248843547e+003	
  2.5860000000000000e+004	 -1.0094625393125566e+003	 -5.3247374888258782e+003	
  2.5890000000000000e+004	 -1.0092220585812569e+003	 -5.3245997378403072e+003	
  2.5920000000000000e+004	 -1.0092919980982336e+003	 -5.3241226644640947e+003	
  2.5950000000000000e+004	 -1.0091095467429967e+003	 -5.3242263759663720e+003	
  2.5980000000000000e+004	 -1.0089270953877600e+003	 -5.3243300874686483e+003	
  2.6010000000000000e+004	 -1.0087446440325232e+003	 -5.3244337989709256e+003	
  2.6040000000000000e+004	 -1.0085621926772865e+003	 -5.3245375104732020e+003	
  2.6070000000000000e+004	 -1.0083797413220497e+003	 -5.3246412219754793e+003	
  2.6100000000000000e+004	 -1.0085489937920656e+003	 -5.3261984010858368e+003	
  2.6130000000000000e+004	 -9.9920670527043694e+002	 -5.3254028109770652e+003	
  2.6160000000000000e+004	 -9.8685537552092364e+002	 -5.3326039672286743e+003	
  2.6190000000000000e+004	 -1.0207089366435114e+003	 -5.3442487952151296e+003	
  2.6220000000000000e+004	 -1.0346520895954345e+003	 -5.3556254037115468e+003	
  2.6250000000000000e+004	 -1.0174011766491359e+003	 -5.3536216952973200e+003	
  2.6280000000000000e+004	 -1.0140115190640197e+003	 -5.3500372854422731e+003	
  2.6310000000000000e+004	 -1.0283855041467948e+003	 -5.3373693992518138e+003	
  2.6340000000000000e+004	 -1.0283855041467948e+003	 -5.3373693992518138e+003	
  2.6370000000000000e+004	 -1.0283855041467948e+003	 -5.3373693992518138e+003	
  2.6400000000000000e+004	 -1.0283855041467948e+003	 -5.3373693992518129e+003	
  2.6430000000000000e+004	 -1.0283855041467948e+003	 -5.3373693992518138e+003	
  2.6460000000000000e+004	 -1.0367083172923026e+003	 -5.3417107662619555e+003	
  2.6490000000000000e+004	 -1.0257173090692809e+003	 -5.3441597422734230e+003	
  2.6520000000000000e+004	 -1.0153277842465137e+003	 -5.3338390575827634e+003	
  2.6550000000000000e+004	 -1.0134928866673559e+003	 -5.3298931992301004e+003	
  2.6580000000000000e+004	 -1.0131279758748734e+003	 -5.3203051434452782e+003	
  2.6610000000000000e+004	 -1.0102653897819218e+003	 -5.3194997314218581e+003	
  2.6640000000000000e+004	 -1.0071378592647784e+003	 -5.3216736877359099e+003	
  2.6670000000000000e+004	 -1.0027542632154730e+003	 -5.3268884655981974e+003	
  2.6700000000000000e+004	 -1.0009202295277075e+003	 -5.3269055914857190e+003	
  2.6730000000000000e+004	 -1.0057670446285605e+003	 -5.3226900613333346e+003	
  2.6760000000000000e+004	 -1.0059406219891406e+003	 -5.3219165618087272e+003	
  2.6790000000000000e+004	 -1.0068085087920408e+003	 -5.3197914177968569e+003	
  2.6820000000000000e+004	 -1.0082838837153854e+003	 -5.3191902198800881e+003	
  2.6850000000000000e+004	 -1.0099801634098003e+003	 -5.3191431841797184e+003	
  2.6880000000000000e+004	 -1.0107082732823645e+003	 -5.3196819071447508e+003	
  2.6910000000000000e+004	 -1.0097640898262772e+003	 -5.3212323950772943e+003	
  2.6940000000000000e+004	 -1.0088789169876031e+003	 -5.3207814117775924e+003	
  2.6970000000000000e+004	 -1.0080527547663424e+003	 -5.3183289572456415e+003	
  2.7000000000000000e+004	 -1.0068627626320016e+003	 -5.3173588256405201e+003	
  2.7030000000000000e+004	 -1.0050443370114322e+003	 -5.3189490699999224e+003	
  2.7060000000000000e+004	 -1.0062599218094214e+003	 -5.3193285248097300e+003	
  2.7090000000000000e+004	 -1.0075801276563263e+003	 -5.3196662282557563e+003	
  2.7120000000000000e+004	 -1.0089003335032314e+003	 -5.3200039317017845e+003	
  2.7150000000000000e+004	 -1.0127853693181088e+003	 -5.3127360030118880e+003	
  2.7180000000000000e+004	 -1.0100690056227102e+003	 -5.3148546185900432e+003	
  2.7210000000000000e+004	 -1.0073526419273115e+003	 -5.3169732341682011e+003	
  2.7240000000000000e+004	 -1.0053578967045396e+003	 -5.3187516144718265e+003	
  2.7270000000000000e+004	 -1.0062496253722745e+003	 -5.3191690536773322e+003	
  2.7300000000000000e+004	 -1.0059560410587850e+003	 -5.3195767849044414e+003	
  2.7330000000000000e+004	 -1.0032918307828469e+003	 -5.3199651001747525e+003	
  2.7360000000000000e+004	 -1.0035230515675287e+003	 -5.3197210553068189e+003	
  2.7390000000000000e+004	 -1.0040759869145018e+003	 -5.3194067482013006e+003	
  2.7420000000000000e+004	 -1.0047014946016927e+003	 -5.3192181639579649e+003	
  2.7450000000000000e+004	 -1.0063430150519358e+003	 -5.3207896997851794e+003	
  2.7480000000000000e+004	 -1.0005579393550667e+003	 -5.3213620003999113e+003	
  2.7510000000000000e+004	 -9.9909585891908478e+002	 -5.3220538463831608e+003	
  2.7540000000000000e+004	 -1.0008694227592708e+003	 -5.3228729719079229e+003	
  2.7570000000000000e+004	 -1.0024268135798544e+003	 -5.3221774839344998e+003	
  2.7600000000000000e+004	 -1.0039409697965176e+003	 -5.3211790732614418e+003	
  2.7630000000000000e+004	 -1.0054551260131805e+003	 -5.3201806625883810e+003	
  2.7660000000000000e+004	 -1.0063125708489109e+003	 -5.3198486497261983e+003	
  2.7690000000000000e+004	 -1.0067322080973529e+003	 -5.3199609020712660e+003	
  2.7720000000000000e+004	 -1.0071518453457948e+003	 -5.3200731544163336e+003	
  2.7750000000000000e+004	 -1.0075714825942367e+003	 -5.3201854067614004e+003	
  2.7780000000000000e+004	 -1.0074471600965827e+003	 -5.3199696001493376e+003	
  2.7810000000000000e+004	 -1.0070079135353993e+003	 -5.3195638646673578e+003	
  2.7840000000000000e+004	 -1.0065686669742162e+003	 -5.3191581291853772e+003	
  2.7870000000000000e+004	 -1.0062134209511867e+003	 -5.3188187311218526e+003	
  2.7900000000000000e+004	 -1.0070341824623063e+003	 -5.3194080569167008e+003	
  2.7930000000000000e+004	 -1.0078549439734260e+003	 -5.3199973827115500e+003	
  2.7960000000000000e+004	 -1.0077505281422614e+003	 -5.3221762051885134e+003	
  2.7990000000000000e+004	 -1.0070550058756048e+003	 -5.3241783224571373e+003	
  2.8020000000000000e+004	 -1.0070156962466210e+003	 -5.3234218961820725e+003	
  2.8050000000000000e+004	 -1.0072395028933907e+003	 -5.3219270667510882e+003	
  2.8080000000000000e+004	 -1.0074633095401604e+003	 -5.3204322373201030e+003	
  2.8110000000000000e+004	 -1.0074728311621060e+003	 -5.3195469456620267e+003	
  2.8140000000000000e+004	 -1.0068930689657850e+003	 -5.3203378828794448e+003	
  2.8170000000000000e+004	 -1.0063133067694641e+003	 -5.3211288200968647e+003	
  2.8200000000000000e+004	 -1.0039118037334413e+003	 -5.3265482052215257e+003	
  2.8230000000000000e+004	 -9.9916387080631876e+002	 -5.3379120696490754e+003	
  2.8260000000000000e+004	 -9.9516769959281692e+002	 -5.3377242224729889e+003	
  2.8290000000000000e+004	 -9.9758852324777570e+002	 -5.3408553815556834e+003	
  2.8320000000000000e+004	 -9.9849826058744168e+002	 -5.3389605788403933e+003	
  2.8350000000000000e+004	 -9.9440885534612585e+002	 -5.3625270643986460e+003	
  2.8380000000000000e+004	 -9.8932268931501005e+002	 -5.3877342025548860e+003	
  2.8410000000000000e+004	 -9.7383770901266791e+002	 -5.4142793950763526e+003	
  2.8440000000000000e+004	 -9.5568775163102043e+002	 -5.4467839884960231e+003	
  2.8470000000000000e+004	 -9.6219467590834222e+002	 -5.4807680873016943e+003	
  2.8500000000000000e+004	 -9.7670396145057634e+002	 -5.5079476750803096e+003	
  2.8530000000000000e+004	 -9.6307591364103314e+002	 -5.5261632004765570e+003	
  2.8560000000000000e+004	 -9.5848540776687844e+002	 -5.5503124630067541e+003	
  2.8590000000000000e+004	 -9.5607783957066670e+002	 -5.5779256522782680e+003	
  2.8620000000000000e+004	 -9.4831026696821277e+002	 -5.6056102137201869e+003	
  2.8650000000000000e+004	 -9.6798637782174660e+002	 -5.6345192649686114e+003	
  2.8680000000000000e+004	 -9.8766667751366276e+002	 -5.6575703860971244e+003	
  2.8710000000000000e+004	 -9.8549854944684171e+002	 -5.6888716939224814e+003	
  2.8740000000000000e+004	 -9.9853019920154827e+002	 -5.7170619060761619e+003	
  2.8770000000000000e+004	 -1.0259828098506910e+003	 -5.7382308390723592e+003	
  2.8800000000000000e+004	 -1.0663032565011620e+003	 -5.7613205732822362e+003	
  2.8830000000000000e+004	 -1.0998637655832881e+003	 -5.7777398465333599e+003	
  2.8860000000000000e+004	 -1.1024887340837656e+003	 -5.7825714819081213e+003	
  2.8890000000000000e+004	 -1.1090678180600173e+003	 -5.7875226545766054e+003	
  2.8920000000000000e+004	 -1.1116001126883521e+003	 -5.7827145683014742e+003	
  2.8950000000000000e+004	 -1.1084296791234021e+003	 -5.7855013351154539e+003	
  2.8980000000000000e+004	 -1.1062369735582968e+003	 -5.7888715560061755e+003	
  2.9010000000000000e+004	 -1.1110261257282366e+003	 -5.7931016054960783e+003	
  2.9040000000000000e+004	 -1.1364971926771693e+003	 -5.8009531713358901e+003	
  2.9070000000000000e+004	 -1.1861806681619664e+003	 -5.8744339256964868e+003	
  2.9100000000000000e+004	 -1.1991856186529640e+003	 -6.0050999616141517e+003	
  2.9130000000000000e+004	 -1.2032624571944700e+003	 -6.2549562517443810e+003	
  2.9160000000000000e+004	 -6.7045565792758737e+002	 -6.3481286645898226e+003	
  2.9190000000000000e+004	 -7.1817027392288182e+001	 -6.2135091849637711e+003	
  2.9220000000000000e+004	  5.4508741852374419e+002	 -6.1458018844992766e+003	
  2.9250000000000000e+004	  1.1770615558047405e+003	 -6.2978133351720335e+003	
  2.9280000000000000e+004	  1.8374630352225779e+003	 -6.3016970655391851e+003	
  2.9310000000000000e+004	  2.4906949255314962e+003	 -6.3137316813499938e+003	
  2.9340000000000000e+004	  2.7676207338665731e+003	 -6.2493665435044695e+003	
  2.9370000000000000e+004	  2.9707742612001643e+003	 -5.7961962206608523e+003	
  2.9400000000000000e+004	  3.2070441849851950e+003	 -5.4480185968335245e+003	
  2.9430000000000000e+004	  3.3295853401887184e+003	 -4.9816834365078976e+003	
  2.9460000000000000e+004	  3.2590372760773230e+003	 -4.5184094972528928e+003	
  2.9490000000000000e+004	  3.4164051677615439e+003	 -4.2952187119266800e+003	
  2.9520000000000000e+004	  3.5174360834927202e+003	 -4.1916938104490082e+003	
  2.9550000000000000e+004	  3.8320138679649626e+003	 -3.9305438946569052e+003	
  2.9580000000000000e+004	  4.2939677192811132e+003	 -3.9252512706967714e+003	
  2.9610000000000000e+004	  4.3777888012646981e+003	 -3.9256245327667489e+003	
  2.9640000000000000e+004	  4.3791277321173502e+003	 -3.9270336945707081e+003	
  2.9670000000000000e+004	  4.3859459095179718e+003	 -3.7760357575677067e+003	
  2.9700000000000000e+004	  4.2358089239567207e+003	 -3.4216763248222774e+003	
  2.9730000000000000e+004	  4.1953168157889822e+003	 -3.2703778326301917e+003	
  2.9760000000000000e+004	  4.1864813091450778e+003	 -3.2375331040736596e+003	
  2.9790000000000000e+004	  4.1157972507507629e+003	 -2.9691352078408745e+003	
  2.9820000000000000e+004	  4.1977198232038845e+003	 -2.8860926523781586e+003	
  2.9850000000000000e+004	  4.1745791444173365e+003	 -2.7220669056314559e+003	
  2.9880000000000000e+004	  4.1850112175849390e+003	 -2.7245622648975373e+003	
  2.9910000000000000e+004	  4.1987316161454783e+003	 -2.7550353186062184e+003	
  2.9940000000000000e+004	  4.1941855419060357e+003	 -2.7565142467078590e+003	
  2.9970000000000000e+004	  4.1941295905681518e+003	 -2.7548126844437843e+003	
  3.0000000000000000e+004	  4.2130925448984481e+003	 -2.7430872868881634e+003	
  3.0030000000000000e+004	  4.2254557745674556e+003	 -2.7393895094002978e+003	
  3.0060000000000000e+004	  4.2492140119013502e+003	 -2.7285577525358581e+003	
  3.0090000000000000e+004	  4.2581728068976799e+003	 -2.7214175552961406e+003	
  3.0120000000000000e+004	  4.2555769605322766e+003	 -2.7315845168334431e+003	
  3.0150000000000000e+004	  4.2584244202252876e+003	 -2.7157302640700941e+003	
  3.0180000000000000e+004	  4.2656756390116770e+003	 -2.7091298615235892e+003	
  3.0210000000000000e+004	  4.2747979133513336e+003	 -2.6959259387543088e+003	
  3.0240000000000000e+004	  4.3028940457528188e+003	 -2.6921708422867368e+003	
  3.0270000000000000e+004	  4.3215909964376233e+003	 -2.6862227989221333e+003	
  3.0300000000000000e+004	  4.3321903405031053e+003	 -2.6792283748139180e+003	
  3.0330000000000000e+004	  4.3308110104144280e+003	 -2.6743497821475949e+003	
  3.0360000000000000e+004	  4.3257514221864330e+003	 -2.6706525058316975e+003	
  3.0390000000000000e+004	  4.3068955223519706e+003	 -2.6575957511937886e+003	
  3.0420000000000000e+004	  4.2938451541615641e+003	 -2.6316189063118882e+003	
  3.0450000000000000e+004	  4.3015428129505590e+003	 -2.6188499807593521e+003	
  3.0480000000000000e+004	  4.3147124369279081e+003	 -2.6136069450073628e+003	
  3.0510000000000000e+004	  4.3177967725517101e+003	 -2.6121041640983385e+003	
  3.0540000000000000e+004	  4.3172223354918415e+003	 -2.6054102948887821e+003	
  3.0570000000000000e+004	  4.3176063819161836e+003	 -2.6037430127304306e+003	
  3.0600000000000000e+004	  4.3174023919495494e+003	 -2.6033719564869225e+003	
  3.0630000000000000e+004	  4.3181427418711364e+003	 -2.6065828360725932e+003	
  3.0660000000000000e+004	  4.3187269703550664e+003	 -2.6010837705139579e+003	
  3.0690000000000000e+004	  4.3181517177464548e+003	 -2.5918444528100208e+003	
  3.0720000000000000e+004	  4.3146115725643403e+003	 -2.5833709416723250e+003	
  3.0750000000000000e+004	  4.3160626083820935e+003	 -2.5866299841515806e+003	
  3.0780000000000000e+004	  4.3175136441998466e+003	 -2.5898890266308358e+003	
  3.0810000000000000e+004	  4.3186229345478587e+003	 -2.5905295185101504e+003	
  3.0840000000000000e+004	  4.3192196066912620e+003	 -2.5872421844895534e+003	
  3.0870000000000000e+004	  4.3188738428338029e+003	 -2.5877085922003298e+003	
