  0.0000000000000000e+000	  3.0097446014315747e+003	 -3.1881701551577044e+003	
  3.0000000000000000e+001	  3.0375525827008760e+003	 -3.1863890812079753e+003	
  6.0000000000000000e+001	  3.0397067209928414e+003	 -3.2201181629661532e+003	
  9.0000000000000000e+001	  3.0165007645004057e+003	 -3.1907304470890676e+003	
  1.2000000000000000e+002	  3.0172840879680789e+003	 -3.1898399110341352e+003	
  1.5000000000000000e+002	  3.0053384063270701e+003	 -3.1990792301484835e+003	
  1.8000000000000000e+002	  3.0105279246334576e+003	 -3.2391533863074847e+003	
  2.1000000000000000e+002	  3.0041634206335439e+003	 -3.2607489018946712e+003	
  2.4000000000000000e+002	  3.0215923684437589e+003	 -3.2485040241251072e+003	
  2.7000000000000000e+002	  2.9680326290898211e+003	 -3.3200809166001732e+003	
  3.0000000000000000e+002	  2.9689138675320178e+003	 -3.3036059865451052e+003	
  3.3000000000000000e+002	  2.9903573461575529e+003	 -3.2805633485724084e+003	
  3.6000000000000000e+002	  2.9845567863491419e+003	 -3.2898209847103171e+003	
  3.9000000000000000e+002	  2.9787562265407309e+003	 -3.2990786208482255e+003	
  4.2000000000000000e+002	  2.9731731892172656e+003	 -3.3085818618488820e+003	
  4.5000000000000000e+002	  2.9816918302228596e+003	 -3.3401736547714672e+003	
  4.8000000000000000e+002	  2.9838655531096474e+003	 -3.3750826968090851e+003	
  5.1000000000000000e+002	  2.9928443982383892e+003	 -3.4079435050743205e+003	
  5.4000000000000000e+002	  2.9976912097815011e+003	 -3.4171939562250277e+003	
  5.7000000000000000e+002	  3.0012847071744986e+003	 -3.4161364444356004e+003	
  6.0000000000000000e+002	  3.0150907833494721e+003	 -3.4045260701612033e+003	
  6.3000000000000000e+002	  3.0335870066131324e+003	 -3.4012199521125608e+003	
  6.6000000000000000e+002	  3.0159132712850010e+003	 -3.4083553802765950e+003	
  6.9000000000000000e+002	  3.0159132712850010e+003	 -3.4083553802765950e+003	
  7.2000000000000000e+002	  3.0159132712850010e+003	 -3.4083553802765950e+003	
  7.5000000000000000e+002	  3.0159132712850010e+003	 -3.4083553802765950e+003	
  7.8000000000000000e+002	  3.0159132712850010e+003	 -3.4083553802765950e+003	
  8.1000000000000000e+002	  3.0159132712850010e+003	 -3.4083553802765950e+003	
  8.4000000000000000e+002	  3.0159132712850010e+003	 -3.4083553802765950e+003	
  8.7000000000000000e+002	  3.0159132712850010e+003	 -3.4083553802765950e+003	
  9.0000000000000000e+002	  3.0159132712850010e+003	 -3.4083553802765950e+003	
  9.3000000000000000e+002	  3.0159132712850010e+003	 -3.4083553802765950e+003	
  9.6000000000000000e+002	  3.0159132712850010e+003	 -3.4083553802765950e+003	
  9.9000000000000000e+002	  3.0159132712850010e+003	 -3.4083553802765950e+003	
  1.0200000000000000e+003	  3.0159132712850010e+003	 -3.4083553802765950e+003	
  1.0500000000000000e+003	  3.0159132712850010e+003	 -3.4083553802765950e+003	
  1.0800000000000000e+003	  3.0395897882878285e+003	 -3.4129125106864963e+003	
  1.1100000000000000e+003	  3.0790652243623581e+003	 -3.4205105332401449e+003	
  1.1400000000000000e+003	  3.1185406604368868e+003	 -3.4281085557937940e+003	
  1.1700000000000000e+003	  3.1344692698828608e+003	 -3.4434870537859533e+003	
  1.2000000000000000e+003	  3.1374263175019350e+003	 -3.4456466071193054e+003	
  1.2300000000000000e+003	  3.1373871502515940e+003	 -3.4470714656216260e+003	
  1.2600000000000000e+003	  3.1673688538975898e+003	 -3.4453349182538068e+003	
  1.2900000000000000e+003	  3.2015413363947682e+003	 -3.4344258417123156e+003	
  1.3200000000000000e+003	  3.1985451247518254e+003	 -3.3967338735345015e+003	
  1.3500000000000000e+003	  3.1776695555096912e+003	 -3.3742923461782289e+003	
  1.3800000000000000e+003	  3.1632564055658631e+003	 -3.3852459491943023e+003	
  1.4100000000000000e+003	  3.1519177988653009e+003	 -3.3712199943269925e+003	
  1.4400000000000000e+003	  3.1499399083254257e+003	 -3.3603777072011944e+003	
  1.4700000000000000e+003	  3.1513890556481410e+003	 -3.3599769654346173e+003	
  1.5000000000000000e+003	  3.1515653042705017e+003	 -3.3601550727221897e+003	
  1.5300000000000000e+003	  3.1518394667220869e+003	 -3.3603331800366532e+003	
  1.5600000000000000e+003	  3.1520548809748529e+003	 -3.3608897668347536e+003	
  1.5900000000000000e+003	  3.1521527964884467e+003	 -3.3613572987038860e+003	
  1.6200000000000000e+003	  3.1518003011610135e+003	 -3.3611124010919789e+003	
  1.6500000000000000e+003	  3.1517023858684684e+003	 -3.3614240889694511e+003	
  1.6800000000000000e+003	  3.1506448991447178e+003	 -3.3607561867017002e+003	
  1.7100000000000000e+003	  3.1510757266036262e+003	 -3.3605780792025303e+003	
  1.7400000000000000e+003	  3.1514282217070800e+003	 -3.3599992298864149e+003	
  1.7700000000000000e+003	  3.1508603127763217e+003	 -3.3601550727221897e+003	
  1.8000000000000000e+003	  3.1508603127763217e+003	 -3.3596207510510503e+003	
  1.8300000000000000e+003	  3.1513890556481410e+003	 -3.3603109186039001e+003	
  1.8600000000000000e+003	  3.1514478047918083e+003	 -3.3598211220746730e+003	
  1.8900000000000000e+003	  3.1526227903682652e+003	 -3.3579064689763118e+003	
  1.9200000000000000e+003	  3.1568527358403671e+003	 -3.3601773375537318e+003	
  1.9500000000000000e+003	  3.1726562858994102e+003	 -3.3572385659662191e+003	
  1.9800000000000000e+003	  3.1729108669976449e+003	 -3.3575947798380671e+003	
  2.0100000000000000e+003	  3.1677800987847581e+003	 -3.3649417100009277e+003	
  2.0400000000000000e+003	  3.1677800987847581e+003	 -3.3649417100009277e+003	
  2.0700000000000000e+003	  3.1677800987847581e+003	 -3.3649417100009277e+003	
  2.1000000000000000e+003	  3.1677800987847581e+003	 -3.3649417100009277e+003	
  2.1300000000000000e+003	  3.1677800987847581e+003	 -3.3649417100009277e+003	
  2.1600000000000000e+003	  3.1677800987847581e+003	 -3.3649417100009277e+003	
  2.1900000000000000e+003	  3.1677800987847581e+003	 -3.3649417100009277e+003	
  2.2200000000000000e+003	  3.1677800987847581e+003	 -3.3649417100009277e+003	
  2.2500000000000000e+003	  3.1677800987847581e+003	 -3.3649417100009277e+003	
  2.2800000000000000e+003	  3.1677800987847581e+003	 -3.3649417100009277e+003	
  2.3100000000000000e+003	  3.1677800987847581e+003	 -3.3649417100009277e+003	
  2.3400000000000000e+003	  3.1677800987847581e+003	 -3.3649417100009277e+003	
  2.3700000000000000e+003	  3.1677800987847581e+003	 -3.3649417100009277e+003	
  2.4000000000000000e+003	  3.1677800987847581e+003	 -3.3649417100009277e+003	
  2.4300000000000000e+003	  3.1677800987847581e+003	 -3.3649417100009277e+003	
  2.4600000000000000e+003	  3.1677800987847581e+003	 -3.3649417100009277e+003	
  2.4900000000000000e+003	  3.1677800987847581e+003	 -3.3649417100009277e+003	
  2.5200000000000000e+003	  3.1677800987847581e+003	 -3.3649417100009277e+003	
  2.5500000000000000e+003	  3.1677800987847581e+003	 -3.3649417100009277e+003	
  2.5800000000000000e+003	  3.1677800987847581e+003	 -3.3649417100009277e+003	
  2.6100000000000000e+003	  3.1677800987847581e+003	 -3.3649417100009277e+003	
  2.6400000000000000e+003	  3.1677800987847581e+003	 -3.3649417100009277e+003	
  2.6700000000000000e+003	  3.1677800987847581e+003	 -3.3649417100009277e+003	
  2.7000000000000000e+003	  3.1677800987847581e+003	 -3.3649417100009277e+003	
  2.7300000000000000e+003	  3.1677800987847581e+003	 -3.3649417100009277e+003	
  2.7600000000000000e+003	  3.1677800987847581e+003	 -3.3649417100009277e+003	
  2.7900000000000000e+003	  3.1677800987847581e+003	 -3.3649417100009277e+003	
  2.8200000000000000e+003	  3.1677800987847581e+003	 -3.3649417100009277e+003	
  2.8500000000000000e+003	  3.1677800987847581e+003	 -3.3649417100009277e+003	
  2.8800000000000000e+003	  3.1677800987847581e+003	 -3.3649417100009277e+003	
  2.9100000000000000e+003	  3.1677800987847581e+003	 -3.3649417100009277e+003	
  2.9400000000000000e+003	  3.1677800987847581e+003	 -3.3649417100009277e+003	
  2.9700000000000000e+003	  3.1677800987847581e+003	 -3.3649417100009277e+003	
  3.0000000000000000e+003	  3.1677800987847581e+003	 -3.3649417100009277e+003	
  3.0300000000000000e+003	  3.1677800987847581e+003	 -3.3649417100009277e+003	
  3.0600000000000000e+003	  3.1677800987847581e+003	 -3.3649417100009277e+003	
  3.0900000000000000e+003	  3.1677800987847581e+003	 -3.3649417100009277e+003	
  3.1200000000000000e+003	  3.1677800987847581e+003	 -3.3649417100009277e+003	
  3.1500000000000000e+003	  3.1677800987847581e+003	 -3.3649417100009277e+003	
  3.1800000000000000e+003	  3.1677800987847581e+003	 -3.3649417100009277e+003	
  3.2100000000000000e+003	  3.1677800987847581e+003	 -3.3649417100009277e+003	
  3.2400000000000000e+003	  3.1677800987847581e+003	 -3.3649417100009277e+003	
  3.2700000000000000e+003	  3.1677800987847581e+003	 -3.3649417100009277e+003	
  3.3000000000000000e+003	  3.1677800987847581e+003	 -3.3649417100009277e+003	
  3.3300000000000000e+003	  3.1677800987847581e+003	 -3.3649417100009277e+003	
  3.3600000000000000e+003	  3.1677800987847581e+003	 -3.3649417100009277e+003	
  3.3900000000000000e+003	  3.1677800987847581e+003	 -3.3649417100009277e+003	
  3.4200000000000000e+003	  3.1677800987847581e+003	 -3.3649417100009277e+003	
  3.4500000000000000e+003	  3.1677800987847581e+003	 -3.3649417100009277e+003	
  3.4800000000000000e+003	  3.1677800987847581e+003	 -3.3649417100009277e+003	
  3.5100000000000000e+003	  3.1677800987847581e+003	 -3.3649417100009277e+003	
  3.5400000000000000e+003	  3.1677800987847581e+003	 -3.3649417100009277e+003	
  3.5700000000000000e+003	  3.1677800987847581e+003	 -3.3649417100009277e+003	
  3.6000000000000000e+003	  3.1677800987847581e+003	 -3.3649417100009277e+003	
  3.6300000000000000e+003	  3.1677800987847581e+003	 -3.3649417100009277e+003	
  3.6600000000000000e+003	  3.1677800987847581e+003	 -3.3649417100009277e+003	
  3.6900000000000000e+003	  3.1677800987847581e+003	 -3.3649417100009277e+003	
  3.7200000000000000e+003	  3.1677800987847581e+003	 -3.3649417100009277e+003	
  3.7500000000000000e+003	  3.1677800987847581e+003	 -3.3649417100009277e+003	
  3.7800000000000000e+003	  3.1677800987847581e+003	 -3.3649417100009277e+003	
  3.8100000000000000e+003	  3.1677800987847581e+003	 -3.3649417100009277e+003	
  3.8400000000000000e+003	  3.1677800987847581e+003	 -3.3649417100009277e+003	
  3.8700000000000000e+003	  3.1677800987847581e+003	 -3.3649417100009277e+003	
  3.9000000000000000e+003	  3.1677800987847581e+003	 -3.3649417100009277e+003	
  3.9300000000000000e+003	  3.1677800987847581e+003	 -3.3649417100009277e+003	
  3.9600000000000000e+003	  3.1677800987847581e+003	 -3.3649417100009277e+003	
  3.9900000000000000e+003	  3.1677800987847581e+003	 -3.3649417100009277e+003	
  4.0200000000000000e+003	  3.1677800987847581e+003	 -3.3649417100009277e+003	
  4.0500000000000000e+003	  3.1677800987847581e+003	 -3.3649417100009277e+003	
  4.0800000000000000e+003	  3.1677800987847581e+003	 -3.3649417100009277e+003	
  4.1100000000000000e+003	  3.1677800987847581e+003	 -3.3649417100009277e+003	
  4.1400000000000000e+003	  3.1677800987847581e+003	 -3.3649417100009277e+003	
  4.1700000000000000e+003	  3.1677800987847581e+003	 -3.3649417100009277e+003	
  4.2000000000000000e+003	  3.1677800987847581e+003	 -3.3649417100009277e+003	
  4.2300000000000000e+003	  3.1677800987847581e+003	 -3.3649417100009277e+003	
  4.2600000000000000e+003	  3.1677800987847581e+003	 -3.3649417100009277e+003	
  4.2900000000000000e+003	  3.1677800987847581e+003	 -3.3649417100009277e+003	
  4.3200000000000000e+003	  3.1677800987847581e+003	 -3.3649417100009277e+003	
  4.3500000000000000e+003	  3.1677800987847581e+003	 -3.3649417100009277e+003	
  4.3800000000000000e+003	  3.1677800987847581e+003	 -3.3649417100009277e+003	
  4.4100000000000000e+003	  3.1677800987847581e+003	 -3.3649417100009277e+003	
  4.4400000000000000e+003	  3.1677800987847581e+003	 -3.3649417100009277e+003	
  4.4700000000000000e+003	  3.1677800987847581e+003	 -3.3649417100009277e+003	
  4.5000000000000000e+003	  3.1677800987847581e+003	 -3.3649417100009277e+003	
  4.5300000000000000e+003	  3.1677800987847581e+003	 -3.3649417100009277e+003	
  4.5600000000000000e+003	  3.1677800987847581e+003	 -3.3649417100009277e+003	
  4.5900000000000000e+003	  3.1677800987847581e+003	 -3.3649417100009277e+003	
  4.6200000000000000e+003	  3.1677800987847581e+003	 -3.3649417100009277e+003	
  4.6500000000000000e+003	  3.1677800987847581e+003	 -3.3649417100009277e+003	
  4.6800000000000000e+003	  3.1352507370443732e+003	 -3.3637089890685975e+003	
  4.7100000000000000e+003	  3.1375633979137128e+003	 -3.3536318917354401e+003	
  4.7400000000000000e+003	  3.1505176087749819e+003	 -3.3747598779237378e+003	
  4.7700000000000000e+003	  3.1582627192216974e+003	 -3.3992607703118424e+003	
  4.8000000000000000e+003	  3.1458372517015941e+003	 -3.4083219826101858e+003	
  4.8300000000000000e+003	  3.1416366792404865e+003	 -3.4093349683788319e+003	
  4.8600000000000000e+003	  3.1283201819790056e+003	 -3.4372310338134034e+003	
  4.8900000000000000e+003	  3.1155030522064908e+003	 -3.4451902069590215e+003	
  4.9200000000000000e+003	  3.1125068398746689e+003	 -3.4359731508104546e+003	
  4.9500000000000000e+003	  3.1073271142216995e+003	 -3.4905185301141455e+003	
  4.9800000000000000e+003	  3.1072585728978620e+003	 -3.5050342795966126e+003	
  5.0100000000000000e+003	  3.0425560600643371e+003	 -3.4398024592121683e+003	
  5.0400000000000000e+003	  3.0151397408568782e+003	 -3.4397468005423630e+003	
  5.0700000000000000e+003	  2.9837480535681539e+003	 -3.4395464290770565e+003	
  5.1000000000000000e+003	  2.9674157610062289e+003	 -3.4435538457057824e+003	
  5.1300000000000000e+003	  2.9696971920797696e+003	 -3.4453126547335623e+003	
  5.1600000000000000e+003	  2.8910906871931206e+003	 -3.4444555152475959e+003	
  5.1900000000000000e+003	  2.8847066021620112e+003	 -3.4643367477597749e+003	
  5.2200000000000000e+003	  2.8850003474406235e+003	 -3.4897281777919698e+003	
  5.2500000000000000e+003	  2.8966876994471904e+003	 -3.4707237440502695e+003	
  5.2800000000000000e+003	  2.9173124382823084e+003	 -3.4371865080355033e+003	
  5.3100000000000000e+003	  2.8863711639019070e+003	 -3.4804888575856694e+003	
  5.3400000000000000e+003	  2.8837274463413278e+003	 -3.4713608562948734e+003	
  5.3700000000000000e+003	  2.8766775371796675e+003	 -3.4489861202366969e+003	
  5.4000000000000000e+003	  2.8456383464543683e+003	 -3.4416391906147569e+003	
  5.4300000000000000e+003	  2.8121512710806346e+003	 -3.4345148958603831e+003	
  5.4600000000000000e+003	  2.8114658621594467e+003	 -3.4427523613423259e+003	
  5.4900000000000000e+003	  2.8459320923735127e+003	 -3.4483182180945037e+003	
  5.5200000000000000e+003	  2.8459320923735127e+003	 -3.4483182180945037e+003	
  5.5500000000000000e+003	  2.8459320923735127e+003	 -3.4483182180945037e+003	
  5.5800000000000000e+003	  2.8459320923735127e+003	 -3.4483182180945037e+003	
  5.6100000000000000e+003	  2.8459320923735127e+003	 -3.4483182180945037e+003	
  5.6400000000000000e+003	  2.8459320923735127e+003	 -3.4483182180945037e+003	
  5.6700000000000000e+003	  2.8459320923735127e+003	 -3.4483182180945037e+003	
  5.7000000000000000e+003	  2.8459320923735127e+003	 -3.4483182180945037e+003	
  5.7300000000000000e+003	  2.8459320923735127e+003	 -3.4483182180945037e+003	
  5.7600000000000000e+003	  2.8459320923735127e+003	 -3.4483182180945037e+003	
  5.7900000000000000e+003	  2.8459320923735127e+003	 -3.4483182180945037e+003	
  5.8200000000000000e+003	  2.8459320923735127e+003	 -3.4483182180945037e+003	
  5.8500000000000000e+003	  2.8459320923735127e+003	 -3.4483182180945037e+003	
  5.8800000000000000e+003	  2.8459320923735127e+003	 -3.4483182180945037e+003	
  5.9100000000000000e+003	  2.8459320923735127e+003	 -3.4483182180945037e+003	
  5.9400000000000000e+003	  2.8459320923735127e+003	 -3.4483182180945037e+003	
  5.9700000000000000e+003	  2.8459320923735127e+003	 -3.4483182180945037e+003	
  6.0000000000000000e+003	  2.8459320923735127e+003	 -3.4483182180945037e+003	
  6.0300000000000000e+003	  2.8459320923735127e+003	 -3.4483182180945037e+003	
  6.0600000000000000e+003	  2.8459320923735127e+003	 -3.4483182180945037e+003	
  6.0900000000000000e+003	  2.8459320923735127e+003	 -3.4483182180945037e+003	
  6.1200000000000000e+003	  2.8459320923735127e+003	 -3.4483182180945037e+003	
  6.1500000000000000e+003	  2.8459320923735127e+003	 -3.4483182180945037e+003	
  6.1800000000000000e+003	  2.8459320923735127e+003	 -3.4483182180945037e+003	
  6.2100000000000000e+003	  2.8459320923735127e+003	 -3.4483182180945037e+003	
  6.2400000000000000e+003	  2.8459320923735127e+003	 -3.4483182180945037e+003	
  6.2700000000000000e+003	  2.8459320923735127e+003	 -3.4483182180945037e+003	
  6.3000000000000000e+003	  2.8459320923735127e+003	 -3.4483182180945037e+003	
  6.3300000000000000e+003	  2.8459320923735127e+003	 -3.4483182180945037e+003	
  6.3600000000000000e+003	  2.8459320923735127e+003	 -3.4483182180945037e+003	
  6.3900000000000000e+003	  2.8459320923735127e+003	 -3.4483182180945037e+003	
  6.4200000000000000e+003	  2.8459320923735127e+003	 -3.4483182180945037e+003	
  6.4500000000000000e+003	  2.8459320923735127e+003	 -3.4483182180945037e+003	
  6.4800000000000000e+003	  2.8459320923735127e+003	 -3.4483182180945037e+003	
  6.5100000000000000e+003	  2.8459320923735127e+003	 -3.4483182180945037e+003	
  6.5400000000000000e+003	  2.8459320923735127e+003	 -3.4483182180945037e+003	
  6.5700000000000000e+003	  2.8459320923735127e+003	 -3.4483182180945037e+003	
  6.6000000000000000e+003	  2.8459320923735127e+003	 -3.4483182180945037e+003	
  6.6300000000000000e+003	  2.8459320923735127e+003	 -3.4483182180945037e+003	
  6.6600000000000000e+003	  2.8459320923735127e+003	 -3.4483182180945037e+003	
  6.6900000000000000e+003	  2.8459320923735127e+003	 -3.4483182180945037e+003	
  6.7200000000000000e+003	  2.8459320923735127e+003	 -3.4483182180945037e+003	
  6.7500000000000000e+003	  2.8459320923735127e+003	 -3.4483182180945037e+003	
  6.7800000000000000e+003	  2.8459320923735127e+003	 -3.4483182180945037e+003	
  6.8100000000000000e+003	  2.8459320923735127e+003	 -3.4483182180945037e+003	
  6.8400000000000000e+003	  2.8459320923735127e+003	 -3.4483182180945037e+003	
  6.8700000000000000e+003	  2.8459320923735127e+003	 -3.4483182180945037e+003	
  6.9000000000000000e+003	  2.8459320923735127e+003	 -3.4483182180945037e+003	
  6.9300000000000000e+003	  2.8459320923735127e+003	 -3.4483182180945037e+003	
  6.9600000000000000e+003	  2.8459320923735127e+003	 -3.4483182180945037e+003	
  6.9900000000000000e+003	  2.8459320923735127e+003	 -3.4483182180945037e+003	
  7.0200000000000000e+003	  2.8459320923735127e+003	 -3.4483182180945037e+003	
  7.0500000000000000e+003	  2.8459320923735127e+003	 -3.4483182180945037e+003	
  7.0800000000000000e+003	  2.8459320923735127e+003	 -3.4483182180945037e+003	
  7.1100000000000000e+003	  2.8459320923735127e+003	 -3.4483182180945037e+003	
  7.1400000000000000e+003	  2.8459320923735127e+003	 -3.4483182180945037e+003	
  7.1700000000000000e+003	  2.8459320923735127e+003	 -3.4483182180945037e+003	
  7.2000000000000000e+003	  2.8459320923735127e+003	 -3.4483182180945037e+003	
  7.2300000000000000e+003	  2.8459320923735127e+003	 -3.4483182180945037e+003	
  7.2600000000000000e+003	  2.8459320923735127e+003	 -3.4483182180945037e+003	
  7.2900000000000000e+003	  2.8459320923735127e+003	 -3.4483182180945037e+003	
  7.3200000000000000e+003	  2.8459320923735127e+003	 -3.4483182180945037e+003	
  7.3500000000000000e+003	  2.8459320923735127e+003	 -3.4483182180945037e+003	
  7.3800000000000000e+003	  2.8459320923735127e+003	 -3.4483182180945037e+003	
  7.4100000000000000e+003	  2.8459320923735127e+003	 -3.4483182180945037e+003	
  7.4400000000000000e+003	  2.8459320923735127e+003	 -3.4483182180945037e+003	
  7.4700000000000000e+003	  2.8459320923735127e+003	 -3.4483182180945037e+003	
  7.5000000000000000e+003	  2.8459320923735127e+003	 -3.4483182180945037e+003	
  7.5300000000000000e+003	  2.8459320923735127e+003	 -3.4483182180945037e+003	
  7.5600000000000000e+003	  2.8459320923735127e+003	 -3.4483182180945037e+003	
  7.5900000000000000e+003	  2.8459320923735127e+003	 -3.4483182180945037e+003	
  7.6200000000000000e+003	  2.8459320923735127e+003	 -3.4483182180945037e+003	
  7.6500000000000000e+003	  2.8459320923735127e+003	 -3.4483182180945037e+003	
  7.6800000000000000e+003	  2.8459320923735127e+003	 -3.4483182180945037e+003	
  7.7100000000000000e+003	  2.8459320923735127e+003	 -3.4483182180945037e+003	
  7.7400000000000000e+003	  2.8459320923735127e+003	 -3.4483182180945037e+003	
  7.7700000000000000e+003	  2.8459320923735127e+003	 -3.4483182180945037e+003	
  7.8000000000000000e+003	  2.8459320923735127e+003	 -3.4483182180945037e+003	
  7.8300000000000000e+003	  2.8459320923735127e+003	 -3.4483182180945037e+003	
  7.8600000000000000e+003	  2.8459320923735127e+003	 -3.4483182180945037e+003	
  7.8900000000000000e+003	  2.8459320923735127e+003	 -3.4483182180945037e+003	
  7.9200000000000000e+003	  2.8459320923735127e+003	 -3.4483182180945037e+003	
  7.9500000000000000e+003	  2.8459320923735127e+003	 -3.4483182180945037e+003	
  7.9800000000000000e+003	  2.8459320923735127e+003	 -3.4483182180945037e+003	
  8.0100000000000000e+003	  2.8459320923735127e+003	 -3.4483182180945037e+003	
  8.0400000000000000e+003	  2.8459320923735127e+003	 -3.4483182180945037e+003	
  8.0700000000000000e+003	  2.8459320923735127e+003	 -3.4483182180945037e+003	
  8.1000000000000000e+003	  2.8459320923735127e+003	 -3.4483182180945037e+003	
  8.1300000000000000e+003	  2.8459320923735127e+003	 -3.4483182180945037e+003	
  8.1600000000000000e+003	  2.8459320923735127e+003	 -3.4483182180945037e+003	
  8.1900000000000000e+003	  2.8459320923735127e+003	 -3.4483182180945037e+003	
  8.2200000000000000e+003	  2.8459320923735127e+003	 -3.4483182180945037e+003	
  8.2500000000000000e+003	  2.8459320923735127e+003	 -3.4483182180945037e+003	
  8.2800000000000000e+003	  2.8459320923735127e+003	 -3.4483182180945037e+003	
  8.3100000000000000e+003	  2.8459320923735127e+003	 -3.4483182180945037e+003	
  8.3400000000000000e+003	  2.8459320923735127e+003	 -3.4483182180945037e+003	
  8.3700000000000000e+003	  2.8459320923735127e+003	 -3.4483182180945037e+003	
  8.4000000000000000e+003	  2.8459320923735127e+003	 -3.4483182180945037e+003	
  8.4300000000000000e+003	  2.8459320923735127e+003	 -3.4483182180945037e+003	
  8.4600000000000000e+003	  2.8459320923735127e+003	 -3.4483182180945037e+003	
  8.4900000000000000e+003	  2.8459320923735127e+003	 -3.4483182180945037e+003	
  8.5200000000000000e+003	  2.8459320923735127e+003	 -3.4483182180945037e+003	
  8.5500000000000000e+003	  2.8459320923735127e+003	 -3.4483182180945037e+003	
  8.5800000000000000e+003	  2.8459320923735127e+003	 -3.4483182180945037e+003	
  8.6100000000000000e+003	  2.8459320923735127e+003	 -3.4483182180945037e+003	
  8.6400000000000000e+003	  2.8459320923735127e+003	 -3.4483182180945037e+003	
  8.6700000000000000e+003	  2.8459320923735127e+003	 -3.4483182180945037e+003	
  8.7000000000000000e+003	  2.8459320923735127e+003	 -3.4483182180945037e+003	
  8.7300000000000000e+003	  2.8459320923735127e+003	 -3.4483182180945037e+003	
  8.7600000000000000e+003	  2.8459320923735127e+003	 -3.4483182180945037e+003	
  8.7900000000000000e+003	  2.8459320923735127e+003	 -3.4483182180945037e+003	
  8.8200000000000000e+003	  2.8459320923735127e+003	 -3.4483182180945037e+003	
  8.8500000000000000e+003	  2.8459320923735127e+003	 -3.4483182180945037e+003	
  8.8800000000000000e+003	  2.8459320923735127e+003	 -3.4483182180945037e+003	
  8.9100000000000000e+003	  2.8459320923735127e+003	 -3.4483182180945037e+003	
  8.9400000000000000e+003	  2.8459320923735127e+003	 -3.4483182180945037e+003	
  8.9700000000000000e+003	  2.8459320923735127e+003	 -3.4483182180945037e+003	
  9.0000000000000000e+003	  2.8315025674667377e+003	 -3.4469932069179599e+003	
  9.0300000000000000e+003	  2.7914709880348073e+003	 -3.4433172515067677e+003	
  9.0600000000000000e+003	  2.7514394086028778e+003	 -3.4396412960955759e+003	
  9.0900000000000000e+003	  2.7114078291709479e+003	 -3.4359653406843827e+003	
  9.1200000000000000e+003	  2.6713762497390180e+003	 -3.4322893852731909e+003	
  9.1500000000000000e+003	  2.6470658606375528e+003	 -3.4348488476166053e+003	
  9.1800000000000000e+003	  2.6324764644786487e+003	 -3.4296169441724428e+003	
  9.2100000000000000e+003	  2.6299306612495734e+003	 -3.4453126547335628e+003	
  9.2400000000000000e+003	  2.6360014192878643e+003	 -3.4448673876878261e+003	
  9.2700000000000000e+003	  2.6391347109086637e+003	 -3.4590046589224071e+003	
  9.3000000000000000e+003	  2.6377638954709910e+003	 -3.4734758816812887e+003	
  9.3300000000000000e+003	  2.6344347705971190e+003	 -3.4858320799594826e+003	
  9.3600000000000000e+003	  2.6408971891952324e+003	 -3.5069823275669428e+003	
  9.3900000000000000e+003	  2.6542136868553080e+003	 -3.5103218416292593e+003	
  9.4200000000000000e+003	  2.6701739027078888e+003	 -3.5109897455670953e+003	
  9.4500000000000000e+003	  2.6826091607381850e+003	 -3.5114350111610120e+003	
  9.4800000000000000e+003	  2.6947506732959146e+003	 -3.5117689657462224e+003	
  9.5100000000000000e+003	  2.7120817047922251e+003	 -3.5059804742134720e+003	
  9.5400000000000000e+003	  2.7195232772742452e+003	 -3.4896168602129719e+003	
  9.5700000000000000e+003	  2.7089484100630348e+003	 -3.4918432036228469e+003	
  9.6000000000000000e+003	  2.7098093906299646e+003	 -3.4912530310259403e+003	
  9.6300000000000000e+003	  2.7123923323307527e+003	 -3.4894825132352207e+003	
  9.6600000000000000e+003	  2.7149752740315412e+003	 -3.4877119954445016e+003	
  9.6900000000000000e+003	  2.7175582157323292e+003	 -3.4859414776537824e+003	
  9.7200000000000000e+003	  2.7201411574331178e+003	 -3.4841709598630619e+003	
  9.7500000000000000e+003	  2.7227240991339063e+003	 -3.4824004420723427e+003	
  9.7800000000000000e+003	  2.7253070408346944e+003	 -3.4806299242816235e+003	
  9.8100000000000000e+003	  2.7278899825354829e+003	 -3.4788594064909039e+003	
  9.8400000000000000e+003	  2.7231069817947277e+003	 -3.4471382567228065e+003	
  9.8700000000000000e+003	  2.7017026700071483e+003	 -3.4491642273174875e+003	
  9.9000000000000000e+003	  2.7092300556740061e+003	 -3.4472550763842987e+003	
  9.9300000000000000e+003	  2.7185540242841143e+003	 -3.4446847767885511e+003	
  9.9600000000000000e+003	  2.7278779928942226e+003	 -3.4421144771928039e+003	
  9.9900000000000000e+003	  2.7372019615043309e+003	 -3.4395441775970562e+003	
  1.0020000000000000e+004	  2.7465259301144388e+003	 -3.4369738780013090e+003	
  1.0050000000000000e+004	  2.7558498987245471e+003	 -3.4344035784055613e+003	
  1.0080000000000000e+004	  2.7173691372755052e+003	 -3.4672421240881195e+003	
  1.0110000000000000e+004	  2.7979241595339263e+003	 -3.4472273093631711e+003	
  1.0140000000000000e+004	  2.8135416686903959e+003	 -3.4589044729548214e+003	
  1.0170000000000000e+004	  2.8263098408759533e+003	 -3.4898840231319241e+003	
  1.0200000000000000e+004	  2.8333891262107559e+003	 -3.5300360994556768e+003	
  1.0230000000000000e+004	  2.8486933081872367e+003	 -3.5558839293301426e+003	
  1.0260000000000000e+004	  2.8476554041949953e+003	 -3.5884330502862967e+003	
  1.0290000000000000e+004	  2.8603256604755561e+003	 -3.5885777611740159e+003	
  1.0320000000000000e+004	  2.8603256604755557e+003	 -3.5885777611740159e+003	
  1.0350000000000000e+004	  2.8603256604755557e+003	 -3.5885777611740159e+003	
  1.0380000000000000e+004	  2.8603256604755557e+003	 -3.5885777611740159e+003	
  1.0410000000000000e+004	  2.8603256604755557e+003	 -3.5885777611740159e+003	
  1.0440000000000000e+004	  2.8603256604755557e+003	 -3.5885777611740159e+003	
  1.0470000000000000e+004	  2.8603256604755557e+003	 -3.5885777611740159e+003	
  1.0500000000000000e+004	  2.8603256604755557e+003	 -3.5885777611740159e+003	
  1.0530000000000000e+004	  2.8603256604755557e+003	 -3.5885777611740159e+003	
  1.0560000000000000e+004	  2.8603256604755557e+003	 -3.5885777611740159e+003	
  1.0590000000000000e+004	  2.8603256604755557e+003	 -3.5885777611740159e+003	
  1.0620000000000000e+004	  2.8603256604755557e+003	 -3.5885777611740159e+003	
  1.0650000000000000e+004	  2.8603256604755557e+003	 -3.5885777611740159e+003	
  1.0680000000000000e+004	  2.8603256604755557e+003	 -3.5885777611740159e+003	
  1.0710000000000000e+004	  2.8634895768793331e+003	 -3.6125448813310218e+003	
  1.0740000000000000e+004	  2.8687507622995504e+003	 -3.6523991148322962e+003	
  1.0770000000000000e+004	  2.8150397760539404e+003	 -3.6711750502426235e+003	
  1.0800000000000000e+004	  2.8055909373267682e+003	 -3.6782993451996122e+003	
  1.0830000000000000e+004	  2.8055909373267682e+003	 -3.6782993451996122e+003	
  1.0860000000000000e+004	  2.8055909373267682e+003	 -3.6782993451996122e+003	
  1.0890000000000000e+004	  2.8055909373267682e+003	 -3.6782993451996122e+003	
  1.0920000000000000e+004	  2.8055909373267682e+003	 -3.6782993451996122e+003	
  1.0950000000000000e+004	  2.8055909373267682e+003	 -3.6782993451996122e+003	
  1.0980000000000000e+004	  2.8055909373267682e+003	 -3.6782993451996122e+003	
  1.1010000000000000e+004	  2.8055909373267682e+003	 -3.6782993451996122e+003	
  1.1040000000000000e+004	  2.8055909373267682e+003	 -3.6782993451996122e+003	
  1.1070000000000000e+004	  2.8055909373267682e+003	 -3.6782993451996122e+003	
  1.1100000000000000e+004	  2.8055909373267682e+003	 -3.6782993451996122e+003	
  1.1130000000000000e+004	  2.8055909373267682e+003	 -3.6782993451996122e+003	
  1.1160000000000000e+004	  2.8055909373267682e+003	 -3.6782993451996122e+003	
  1.1190000000000000e+004	  2.8055909373267682e+003	 -3.6782993451996122e+003	
  1.1220000000000000e+004	  2.8055909373267682e+003	 -3.6782993451996122e+003	
  1.1250000000000000e+004	  2.8055909373267682e+003	 -3.6782993451996122e+003	
  1.1280000000000000e+004	  2.8055909373267682e+003	 -3.6782993451996122e+003	
  1.1310000000000000e+004	  2.8055909373267682e+003	 -3.6782993451996122e+003	
  1.1340000000000000e+004	  2.8055909373267682e+003	 -3.6782993451996122e+003	
  1.1370000000000000e+004	  2.8055909373267682e+003	 -3.6782993451996122e+003	
  1.1400000000000000e+004	  2.8055909373267682e+003	 -3.6782993451996122e+003	
  1.1430000000000000e+004	  2.8055909373267682e+003	 -3.6782993451996122e+003	
  1.1460000000000000e+004	  2.8347036935790670e+003	 -3.6620198896296056e+003	
  1.1490000000000000e+004	  2.8697905993368072e+003	 -3.6423997712724849e+003	
  1.1520000000000000e+004	  2.8693926269984986e+003	 -3.6192790185250024e+003	
  1.1550000000000000e+004	  2.8822587160337048e+003	 -3.5834794398673885e+003	
  1.1580000000000000e+004	  2.8893086260379487e+003	 -3.5712122941337366e+003	
  1.1610000000000000e+004	  2.8893086260379487e+003	 -3.5712122941337366e+003	
  1.1640000000000000e+004	  2.8893086260379487e+003	 -3.5712122941337366e+003	
  1.1670000000000000e+004	  2.8893086260379487e+003	 -3.5712122941337366e+003	
  1.1700000000000000e+004	  2.8893086260379487e+003	 -3.5712122941337366e+003	
  1.1730000000000000e+004	  2.8893086260379487e+003	 -3.5712122941337366e+003	
  1.1760000000000000e+004	  2.8893086260379487e+003	 -3.5712122941337366e+003	
  1.1790000000000000e+004	  2.8893086260379487e+003	 -3.5712122941337366e+003	
  1.1820000000000000e+004	  2.8893086260379487e+003	 -3.5712122941337366e+003	
  1.1850000000000000e+004	  2.8893086260379487e+003	 -3.5712122941337366e+003	
  1.1880000000000000e+004	  2.8893086260379487e+003	 -3.5712122941337366e+003	
  1.1910000000000000e+004	  2.8893086260379487e+003	 -3.5712122941337366e+003	
  1.1940000000000000e+004	  2.8893086260379487e+003	 -3.5712122941337366e+003	
  1.1970000000000000e+004	  2.8893086260379487e+003	 -3.5712122941337366e+003	
  1.2000000000000000e+004	  2.8893086260379487e+003	 -3.5712122941337366e+003	
  1.2030000000000000e+004	  2.8893086260379487e+003	 -3.5712122941337366e+003	
  1.2060000000000000e+004	  2.8893086260379487e+003	 -3.5712122941337366e+003	
  1.2090000000000000e+004	  2.8893086260379487e+003	 -3.5712122941337366e+003	
  1.2120000000000000e+004	  2.8893086260379487e+003	 -3.5712122941337366e+003	
  1.2150000000000000e+004	  2.8893086260379487e+003	 -3.5712122941337366e+003	
  1.2180000000000000e+004	  2.8893086260379487e+003	 -3.5712122941337366e+003	
  1.2210000000000000e+004	  2.8893086260379487e+003	 -3.5712122941337366e+003	
  1.2240000000000000e+004	  2.8893086260379487e+003	 -3.5712122941337366e+003	
  1.2270000000000000e+004	  2.8893086260379487e+003	 -3.5712122941337366e+003	
  1.2300000000000000e+004	  2.8893086260379487e+003	 -3.5712122941337366e+003	
  1.2330000000000000e+004	  2.8893086260379487e+003	 -3.5712122941337366e+003	
  1.2360000000000000e+004	  2.8893086260379487e+003	 -3.5712122941337366e+003	
  1.2390000000000000e+004	  2.8893086260379487e+003	 -3.5712122941337366e+003	
  1.2420000000000000e+004	  2.8893086260379487e+003	 -3.5712122941337366e+003	
  1.2450000000000000e+004	  2.8893086260379487e+003	 -3.5712122941337366e+003	
  1.2480000000000000e+004	  2.8893086260379487e+003	 -3.5712122941337366e+003	
  1.2510000000000000e+004	  2.8893086260379487e+003	 -3.5712122941337366e+003	
  1.2540000000000000e+004	  2.8898014294653112e+003	 -3.5921284402617694e+003	
  1.2570000000000000e+004	  2.8829245401217381e+003	 -3.5885332357480220e+003	
  1.2600000000000000e+004	  2.8784987629544908e+003	 -3.5847039265937392e+003	
  1.2630000000000000e+004	  2.8706655286148421e+003	 -3.5838245241324198e+003	
  1.2660000000000000e+004	  2.8611383581094001e+003	 -3.5709006069324328e+003	
  1.2690000000000000e+004	  2.8471462444458652e+003	 -3.5492939588879440e+003	
  1.2720000000000000e+004	  2.8454816818266718e+003	 -3.5606594343966558e+003	
  1.2750000000000000e+004	  2.8360426346766899e+003	 -3.5794497596198321e+003	
  1.2780000000000000e+004	  2.8360426346766903e+003	 -3.5794497596198321e+003	
  1.2810000000000000e+004	  2.8360426346766903e+003	 -3.5794497596198321e+003	
  1.2840000000000000e+004	  2.8360426346766903e+003	 -3.5794497596198321e+003	
  1.2870000000000000e+004	  2.8360426346766903e+003	 -3.5794497596198321e+003	
  1.2900000000000000e+004	  2.8360426346766903e+003	 -3.5794497596198321e+003	
  1.2930000000000000e+004	  2.8360426346766903e+003	 -3.5794497596198321e+003	
  1.2960000000000000e+004	  2.8360426346766903e+003	 -3.5794497596198321e+003	
  1.2990000000000000e+004	  2.8360426346766903e+003	 -3.5794497596198321e+003	
  1.3020000000000000e+004	  2.8360426346766903e+003	 -3.5794497596198321e+003	
  1.3050000000000000e+004	  2.8360426346766903e+003	 -3.5794497596198321e+003	
  1.3080000000000000e+004	  2.8360426346766903e+003	 -3.5794497596198321e+003	
  1.3110000000000000e+004	  2.8360426346766903e+003	 -3.5794497596198321e+003	
  1.3140000000000000e+004	  2.8360426346766903e+003	 -3.5794497596198321e+003	
  1.3170000000000000e+004	  2.8360426346766903e+003	 -3.5794497596198321e+003	
  1.3200000000000000e+004	  2.8360426346766903e+003	 -3.5794497596198321e+003	
  1.3230000000000000e+004	  2.8360426346766903e+003	 -3.5794497596198321e+003	
  1.3260000000000000e+004	  2.8360426346766903e+003	 -3.5794497596198321e+003	
  1.3290000000000000e+004	  2.8360426346766903e+003	 -3.5794497596198321e+003	
  1.3320000000000000e+004	  2.8255666613689541e+003	 -3.5673888821249539e+003	
  1.3350000000000000e+004	  2.7992051123192168e+003	 -3.5370391089512013e+003	
  1.3380000000000000e+004	  2.7728435632694795e+003	 -3.5066893357774475e+003	
  1.3410000000000000e+004	  2.7464820142197423e+003	 -3.4763395626036940e+003	
  1.3440000000000000e+004	  2.7201204651700050e+003	 -3.4459897894299411e+003	
  1.3470000000000000e+004	  2.6937589161202673e+003	 -3.4156400162561872e+003	
  1.3500000000000000e+004	  2.6774196436809871e+003	 -3.4896168605730286e+003	
  1.3530000000000000e+004	  2.6822753580800768e+003	 -3.5034421066673235e+003	
  1.3560000000000000e+004	  2.7096471709854304e+003	 -3.5817182674098531e+003	
  1.3590000000000000e+004	  2.7370189838907836e+003	 -3.6599944281523831e+003	
  1.3620000000000000e+004	  2.7516101622789347e+003	 -3.6622919463461658e+003	
  1.3650000000000000e+004	  2.7519332831489141e+003	 -3.6627149513300537e+003	
  1.3680000000000000e+004	  2.7519332831489141e+003	 -3.6627149513300537e+003	
  1.3710000000000000e+004	  2.7519332831489141e+003	 -3.6627149513300537e+003	
  1.3740000000000000e+004	  2.7519332831489141e+003	 -3.6627149513300537e+003	
  1.3770000000000000e+004	  2.7519332831489141e+003	 -3.6627149513300537e+003	
  1.3800000000000000e+004	  2.7519332831489141e+003	 -3.6627149513300537e+003	
  1.3830000000000000e+004	  2.7519332831489141e+003	 -3.6627149513300537e+003	
  1.3860000000000000e+004	  2.7519332831489141e+003	 -3.6627149513300537e+003	
  1.3890000000000000e+004	  2.7519332831489141e+003	 -3.6627149513300537e+003	
  1.3920000000000000e+004	  2.7519332831489141e+003	 -3.6627149513300537e+003	
  1.3950000000000000e+004	  2.7519332831489141e+003	 -3.6627149513300537e+003	
  1.3980000000000000e+004	  2.7519332831489141e+003	 -3.6627149513300537e+003	
  1.4010000000000000e+004	  2.7519332831489141e+003	 -3.6627149513300537e+003	
  1.4040000000000000e+004	  2.7519332831489141e+003	 -3.6627149513300537e+003	
  1.4070000000000000e+004	  2.7519332831489141e+003	 -3.6627149513300537e+003	
  1.4100000000000000e+004	  2.7519332831489141e+003	 -3.6627149513300537e+003	
  1.4130000000000000e+004	  2.7519332831489141e+003	 -3.6627149513300537e+003	
  1.4160000000000000e+004	  2.7519332831489141e+003	 -3.6627149513300537e+003	
  1.4190000000000000e+004	  2.7519332831489141e+003	 -3.6627149513300537e+003	
  1.4220000000000000e+004	  2.7519332831489141e+003	 -3.6627149513300537e+003	
  1.4250000000000000e+004	  2.7519332831489141e+003	 -3.6627149513300537e+003	
  1.4280000000000000e+004	  2.7519332831489141e+003	 -3.6627149513300537e+003	
  1.4310000000000000e+004	  2.7519332831489141e+003	 -3.6627149513300537e+003	
  1.4340000000000000e+004	  2.7519332831489141e+003	 -3.6627149513300537e+003	
  1.4370000000000000e+004	  2.7631497170698149e+003	 -3.6430970647733589e+003	
  1.4400000000000000e+004	  2.7831028336881768e+003	 -3.6081984525199455e+003	
  1.4430000000000000e+004	  2.8030559503065388e+003	 -3.5732998402665335e+003	
  1.4460000000000000e+004	  2.8312447791172294e+003	 -3.5734942952016995e+003	
  1.4490000000000000e+004	  2.8465195835918248e+003	 -3.5412679962262018e+003	
  1.4520000000000000e+004	  2.8536184534813456e+003	 -3.5199507710368707e+003	
  1.4550000000000000e+004	  2.8401061242672417e+003	 -3.4976873504367309e+003	
  1.4580000000000000e+004	  2.8379519844308147e+003	 -3.4639026115549837e+003	
  1.4610000000000000e+004	  2.8380009419605140e+003	 -3.4315649941669849e+003	
  1.4640000000000000e+004	  2.8411342362498144e+003	 -3.4039583533342638e+003	
  1.4670000000000000e+004	  2.8508278633105137e+003	 -3.3697283431670467e+003	
  1.4700000000000000e+004	  2.8730546653492975e+003	 -3.3516949743210839e+003	
  1.4730000000000000e+004	  2.8779504374374164e+003	 -3.3541996097417127e+003	
  1.4760000000000000e+004	  2.8703619909336826e+003	 -3.3546448782714424e+003	
  1.4790000000000000e+004	  2.8630183340347526e+003	 -3.3464630701551387e+003	
  1.4820000000000000e+004	  2.8634099958431771e+003	 -3.3436244839539258e+003	
  1.4850000000000000e+004	  2.8697255409641875e+003	 -3.3419547276409126e+003	
  1.4880000000000000e+004	  2.8781952254201856e+003	 -3.3400066792850803e+003	
  1.4910000000000000e+004	  2.8745723535592879e+003	 -3.3387821902350270e+003	
  1.4940000000000000e+004	  2.8725650887573761e+003	 -3.3431235575620203e+003	
  1.4970000000000000e+004	  2.8587590124037383e+003	 -3.3421773616730716e+003	
  1.5000000000000000e+004	  2.8595912939874652e+003	 -3.3467970219682829e+003	
  1.5030000000000000e+004	  2.8660047541960294e+003	 -3.3428452655274837e+003	
  1.5060000000000000e+004	  2.8670818239501887e+003	 -3.3381699477278539e+003	
  1.5090000000000000e+004	  2.8674734863143030e+003	 -3.3392274587556631e+003	
  1.5120000000000000e+004	  2.8674734863143030e+003	 -3.3392274587556631e+003	
  1.5150000000000000e+004	  2.8674734863143030e+003	 -3.3392274587556631e+003	
  1.5180000000000000e+004	  2.8674734863143030e+003	 -3.3392274587556631e+003	
  1.5210000000000000e+004	  2.8674734863143030e+003	 -3.3392274587556631e+003	
  1.5240000000000000e+004	  2.8674734863143030e+003	 -3.3392274587556631e+003	
  1.5270000000000000e+004	  2.8674734863143030e+003	 -3.3392274587556631e+003	
  1.5300000000000000e+004	  2.8674734863143030e+003	 -3.3392274587556631e+003	
  1.5330000000000000e+004	  2.8674734863143030e+003	 -3.3392274587556631e+003	
  1.5360000000000000e+004	  2.8674734863143030e+003	 -3.3392274587556631e+003	
  1.5390000000000000e+004	  2.8674734863143030e+003	 -3.3392274587556631e+003	
  1.5420000000000000e+004	  2.8674734863143030e+003	 -3.3392274587556631e+003	
  1.5450000000000000e+004	  2.8674734863143030e+003	 -3.3392274587556631e+003	
  1.5480000000000000e+004	  2.8674734863143030e+003	 -3.3392274587556631e+003	
  1.5510000000000000e+004	  2.8674734863143030e+003	 -3.3392274587556631e+003	
  1.5540000000000000e+004	  2.8674734863143030e+003	 -3.3392274587556631e+003	
  1.5570000000000000e+004	  2.8674734863143030e+003	 -3.3392274587556631e+003	
  1.5600000000000000e+004	  2.8674734863143030e+003	 -3.3392274587556631e+003	
  1.5630000000000000e+004	  2.8674734863143030e+003	 -3.3392274587556631e+003	
  1.5660000000000000e+004	  2.8674734863143030e+003	 -3.3392274587556631e+003	
  1.5690000000000000e+004	  2.8674734863143030e+003	 -3.3392274587556631e+003	
  1.5720000000000000e+004	  2.8674734863143030e+003	 -3.3392274587556631e+003	
  1.5750000000000000e+004	  2.8674734863143030e+003	 -3.3392274587556631e+003	
  1.5780000000000000e+004	  2.8674734863143030e+003	 -3.3392274587556631e+003	
  1.5810000000000000e+004	  2.8674734863143030e+003	 -3.3392274587556631e+003	
  1.5840000000000000e+004	  2.8674734863143030e+003	 -3.3392274587556631e+003	
  1.5870000000000000e+004	  2.8674734863143030e+003	 -3.3392274587556631e+003	
  1.5900000000000000e+004	  2.8674734863143030e+003	 -3.3392274587556631e+003	
  1.5930000000000000e+004	  2.8674734863143030e+003	 -3.3392274587556631e+003	
  1.5960000000000000e+004	  2.8674734863143030e+003	 -3.3392274587556631e+003	
  1.5990000000000000e+004	  2.8674734863143030e+003	 -3.3392274587556631e+003	
  1.6020000000000000e+004	  2.8674734863143030e+003	 -3.3392274587556631e+003	
  1.6050000000000000e+004	  2.8674734863143030e+003	 -3.3392274587556631e+003	
  1.6080000000000000e+004	  2.8674734863143030e+003	 -3.3392274587556631e+003	
  1.6110000000000000e+004	  2.8674734863143030e+003	 -3.3392274587556631e+003	
  1.6140000000000000e+004	  2.8674734863143030e+003	 -3.3392274587556631e+003	
  1.6170000000000000e+004	  2.8674734863143030e+003	 -3.3392274587556631e+003	
  1.6200000000000000e+004	  2.8674734863143030e+003	 -3.3392274587556631e+003	
  1.6230000000000000e+004	  2.8674734863143030e+003	 -3.3392274587556631e+003	
  1.6260000000000000e+004	  2.8674734863143030e+003	 -3.3392274587556631e+003	
  1.6290000000000000e+004	  2.8674734863143030e+003	 -3.3392274587556631e+003	
  1.6320000000000000e+004	  2.8674734863143030e+003	 -3.3392274587556631e+003	
  1.6350000000000000e+004	  2.8674734863143030e+003	 -3.3392274587556631e+003	
  1.6380000000000000e+004	  2.8674734863143030e+003	 -3.3392274587556631e+003	
  1.6410000000000000e+004	  2.8674734863143030e+003	 -3.3392274587556631e+003	
  1.6440000000000000e+004	  2.8674734863143030e+003	 -3.3392274587556631e+003	
  1.6470000000000000e+004	  2.8674734863143030e+003	 -3.3392274587556631e+003	
  1.6500000000000000e+004	  2.8674734863143030e+003	 -3.3392274587556631e+003	
  1.6530000000000000e+004	  2.8674734863143030e+003	 -3.3392274587556631e+003	
  1.6560000000000000e+004	  2.8674734863143030e+003	 -3.3392274587556631e+003	
  1.6590000000000000e+004	  2.8674734863143030e+003	 -3.3392274587556631e+003	
  1.6620000000000000e+004	  2.8674734863143030e+003	 -3.3392274587556631e+003	
  1.6650000000000000e+004	  2.8674734863143030e+003	 -3.3392274587556631e+003	
  1.6680000000000000e+004	  2.8674734863143030e+003	 -3.3392274587556631e+003	
  1.6710000000000000e+004	  2.8674734863143030e+003	 -3.3392274587556631e+003	
  1.6740000000000000e+004	  2.8674734863143030e+003	 -3.3392274587556631e+003	
  1.6770000000000000e+004	  2.8674734863143030e+003	 -3.3392274587556631e+003	
  1.6800000000000000e+004	  2.8674734863143030e+003	 -3.3392274587556631e+003	
  1.6830000000000000e+004	  2.8674734863143030e+003	 -3.3392274587556631e+003	
  1.6860000000000000e+004	  2.8674734863143030e+003	 -3.3392274587556631e+003	
  1.6890000000000000e+004	  2.8674734863143030e+003	 -3.3392274587556631e+003	
  1.6920000000000000e+004	  2.8674734863143030e+003	 -3.3392274587556631e+003	
  1.6950000000000000e+004	  2.8674734863143030e+003	 -3.3392274587556631e+003	
  1.6980000000000000e+004	  2.8674734863143030e+003	 -3.3392274587556631e+003	
  1.7010000000000000e+004	  2.8674734863143030e+003	 -3.3392274587556631e+003	
  1.7040000000000000e+004	  2.8674734863143030e+003	 -3.3392274587556631e+003	
  1.7070000000000000e+004	  2.8674734863143030e+003	 -3.3392274587556631e+003	
  1.7100000000000000e+004	  2.8674734863143030e+003	 -3.3392274587556631e+003	
  1.7130000000000000e+004	  2.8674734863143030e+003	 -3.3392274587556631e+003	
  1.7160000000000000e+004	  2.8674734863143030e+003	 -3.3392274587556631e+003	
  1.7190000000000000e+004	  2.8674734863143030e+003	 -3.3392274587556631e+003	
  1.7220000000000000e+004	  2.8674734863143030e+003	 -3.3392274587556631e+003	
  1.7250000000000000e+004	  2.8674734863143030e+003	 -3.3392274587556631e+003	
  1.7280000000000000e+004	  2.8674734863143030e+003	 -3.3392274587556631e+003	
  1.7310000000000000e+004	  2.8674734863143030e+003	 -3.3392274587556631e+003	
  1.7340000000000000e+004	  2.8674734863143030e+003	 -3.3392274587556631e+003	
  1.7370000000000000e+004	  2.8674734863143030e+003	 -3.3392274587556631e+003	
  1.7400000000000000e+004	  2.8674734863143030e+003	 -3.3392274587556631e+003	
  1.7430000000000000e+004	  2.8674734863143030e+003	 -3.3392274587556631e+003	
  1.7460000000000000e+004	  2.8674734863143030e+003	 -3.3392274587556631e+003	
  1.7490000000000000e+004	  2.8674734863143030e+003	 -3.3392274587556631e+003	
  1.7520000000000000e+004	  2.8674734863143030e+003	 -3.3392274587556631e+003	
  1.7550000000000000e+004	  2.8674734863143030e+003	 -3.3392274587556631e+003	
  1.7580000000000000e+004	  2.8674734863143030e+003	 -3.3392274587556631e+003	
  1.7610000000000000e+004	  2.8674734863143030e+003	 -3.3392274587556631e+003	
  1.7640000000000000e+004	  2.8674734863143030e+003	 -3.3392274587556631e+003	
  1.7670000000000000e+004	  2.8674734863143030e+003	 -3.3392274587556631e+003	
  1.7700000000000000e+004	  2.8674734863143030e+003	 -3.3392274587556631e+003	
  1.7730000000000000e+004	  2.8674734863143030e+003	 -3.3392274587556631e+003	
  1.7760000000000000e+004	  2.8674734863143030e+003	 -3.3392274587556631e+003	
  1.7790000000000000e+004	  2.8674734863143030e+003	 -3.3392274587556631e+003	
  1.7820000000000000e+004	  2.8674734863143030e+003	 -3.3392274587556631e+003	
  1.7850000000000000e+004	  2.8354376232272125e+003	 -3.3165269439162289e+003	
  1.7880000000000000e+004	  2.8255754751564637e+003	 -3.3131235989213883e+003	
  1.7910000000000000e+004	  2.8435135817617893e+003	 -3.3536986815224836e+003	
  1.7940000000000000e+004	  2.8469406211301057e+003	 -3.3844333332573033e+003	
  1.7970000000000000e+004	  2.8497214190886161e+003	 -3.3921698727566873e+003	
  1.8000000000000000e+004	  2.8501914128238523e+003	 -3.3914463112452445e+003	
  1.8030000000000000e+004	  2.8488205974738603e+003	 -3.3903665350757351e+003	
  1.8060000000000000e+004	  2.8489968449026587e+003	 -3.3927041935340494e+003	
  1.8090000000000000e+004	  2.8464118774898907e+003	 -3.3897876857412411e+003	
  1.8120000000000000e+004	  2.8502109962980458e+003	 -3.3938284958092781e+003	
  1.8150000000000000e+004	  2.8502697456718647e+003	 -3.3922143991404382e+003	
  1.8180000000000000e+004	  2.8503382868939284e+003	 -3.3913461257044401e+003	
  1.8210000000000000e+004	  2.8496822537571661e+003	 -3.3914685746179775e+003	
  1.8240000000000000e+004	  2.8493689236395203e+003	 -3.3913238611788606e+003	
  1.8270000000000000e+004	  2.8499270418077977e+003	 -3.3916244175982588e+003	
  1.8300000000000000e+004	  2.8510726528999971e+003	 -3.3927821150190211e+003	
  1.8330000000000000e+004	  2.8508572396094573e+003	 -3.3928823002203558e+003	
  1.8360000000000000e+004	  2.8512586910474283e+003	 -3.3918804480992230e+003	
  1.8390000000000000e+004	  2.8511216099563089e+003	 -3.3922143992859883e+003	
  1.8420000000000000e+004	  2.8492416342596712e+003	 -3.3907116187252118e+003	
  1.8450000000000000e+004	  2.8479491497723457e+003	 -3.3898322124110141e+003	
  1.8480000000000000e+004	  2.8500445398288916e+003	 -3.3919583694932990e+003	
  1.8510000000000000e+004	  2.8540982398274268e+003	 -3.3946411109398932e+003	
  1.8540000000000000e+004	  2.8552830146918686e+003	 -3.3941735791750630e+003	
  1.8570000000000000e+004	  2.8548130206707383e+003	 -3.3930158826375746e+003	
  1.8600000000000000e+004	  2.8567517463578401e+003	 -3.3935724677430057e+003	
  1.8630000000000000e+004	  2.8568300797388670e+003	 -3.3936837844133065e+003	
  1.8660000000000000e+004	  2.8517482696289344e+003	 -3.3893869433568152e+003	
  1.8690000000000000e+004	  2.8363265884601351e+003	 -3.4077542652435864e+003	
  1.8720000000000000e+004	  2.8350145221139455e+003	 -3.4322662900278092e+003	
  1.8750000000000000e+004	  2.8345836939707560e+003	 -3.4615315570971934e+003	
  1.8780000000000000e+004	  2.8358663863788329e+003	 -3.4872346749102189e+003	
  1.8810000000000000e+004	  2.8383926052555653e+003	 -3.4915203831991057e+003	
  1.8840000000000000e+004	  2.8422504720264369e+003	 -3.4990899460952614e+003	
  1.8870000000000000e+004	  2.8453935581346473e+003	 -3.4988450491061149e+003	
  1.8900000000000000e+004	  2.8466860414369721e+003	 -3.4987337310596422e+003	
  1.8930000000000000e+004	  2.8463727126868666e+003	 -3.4975760345209978e+003	
  1.8960000000000000e+004	  2.8459516751644005e+003	 -3.4978654590817227e+003	
  1.8990000000000000e+004	  2.8469504131790318e+003	 -3.4957504334125269e+003	
  1.9020000000000000e+004	  2.8465489601361028e+003	 -3.4951159252555472e+003	
  1.9050000000000000e+004	  2.8538632423281424e+003	 -3.5119693339525838e+003	
  1.9080000000000000e+004	  2.8778818960558610e+003	 -3.5249934350170429e+003	
  1.9110000000000000e+004	  2.9036532361641571e+003	 -3.5248709871834558e+003	
  1.9140000000000000e+004	  2.9268983587196612e+003	 -3.5496835682942401e+003	
  1.9170000000000000e+004	  2.9276033498283768e+003	 -3.5824664539463693e+003	
  1.9200000000000000e+004	  2.9360828254755352e+003	 -3.6178430277825719e+003	
  1.9230000000000000e+004	  2.9312849691930105e+003	 -3.6493235040710147e+003	
  1.9260000000000000e+004	  2.9224236222825639e+003	 -3.6798689166816534e+003	
  1.9290000000000000e+004	  2.9181153436355680e+003	 -3.6934162076945890e+003	
  1.9320000000000000e+004	  2.9139637303041618e+003	 -3.6897872688823795e+003	
  1.9350000000000000e+004	  2.9117900074513136e+003	 -3.6899987723834588e+003	
  1.9380000000000000e+004	  2.9130824922041375e+003	 -3.6867037867660592e+003	
  1.9410000000000000e+004	  2.9113200141997345e+003	 -3.6860136195567002e+003	
  1.9440000000000000e+004	  2.9131510329323237e+003	 -3.6910117576083112e+003	
  1.9470000000000000e+004	  2.9111143916344836e+003	 -3.6825850533311473e+003	
  1.9500000000000000e+004	  2.9101352380216981e+003	 -3.6793123300341590e+003	
  1.9530000000000000e+004	  2.9105171071172272e+003	 -3.6776648376974204e+003	
  1.9560000000000000e+004	  2.9087644217940879e+003	 -3.6807483210470309e+003	
  1.9590000000000000e+004	  2.9074621462267187e+003	 -3.6811490624659864e+003	
  1.9620000000000000e+004	  2.9114375125090287e+003	 -3.6856796684597916e+003	
  1.9650000000000000e+004	  2.9101841946676977e+003	 -3.6831861651865133e+003	
  1.9680000000000000e+004	  2.9111633507407578e+003	 -3.6793123302274462e+003	
  1.9710000000000000e+004	  2.9106835638797347e+003	 -3.6792344092619046e+003	
  1.9740000000000000e+004	  2.9082748442573138e+003	 -3.6795572289780257e+003	
  1.9770000000000000e+004	  2.9086077572095737e+003	 -3.6831861662088363e+003	
  1.9800000000000000e+004	  2.9105562735780513e+003	 -3.6867260491875882e+003	
  1.9830000000000000e+004	  2.9126418724200148e+003	 -3.6896091624631017e+003	
  1.9860000000000000e+004	  2.8978272681937647e+003	 -3.6987260335580527e+003	
  1.9890000000000000e+004	  2.8739750700630361e+003	 -3.7032566380784347e+003	
  1.9920000000000000e+004	  2.8526784658559313e+003	 -3.7001731550628856e+003	
  1.9950000000000000e+004	  2.8499955822066581e+003	 -3.6997390185392228e+003	
  1.9980000000000000e+004	  2.8489380956637447e+003	 -3.6893531330764658e+003	
  2.0010000000000000e+004	  2.8285325213615138e+003	 -3.6960098966691630e+003	
  2.0040000000000000e+004	  2.8115833609159681e+003	 -3.6853679798769977e+003	
  2.0070000000000000e+004	  2.7836089228169781e+003	 -3.6865368111229955e+003	
  2.0100000000000000e+004	  2.7627235630480836e+003	 -3.6913345774318609e+003	
  2.0130000000000000e+004	  2.7680501626890382e+003	 -3.6791676173408837e+003	
  2.0160000000000000e+004	  2.7672668387684707e+003	 -3.6611676428761830e+003	
  2.0190000000000000e+004	  2.7718199054233778e+003	 -3.6560581888680490e+003	
  2.0220000000000000e+004	  2.7574850881877060e+003	 -3.6665887865967934e+003	
  2.0250000000000000e+004	  2.7357184885844017e+003	 -3.6725108556794758e+003	
  2.0280000000000000e+004	  2.7492797746560736e+003	 -3.6713531580260110e+003	
  2.0310000000000000e+004	  2.7795748071954467e+003	 -3.6608559551765657e+003	
  2.0340000000000000e+004	  2.7684320327775968e+003	 -3.6446370539796212e+003	
  2.0370000000000000e+004	  2.7604617168832274e+003	 -3.6453049568324213e+003	
  2.0400000000000000e+004	  2.7593356892834713e+003	 -3.6518504024337535e+003	
  2.0430000000000000e+004	  2.7446287926570199e+003	 -3.6514496613948663e+003	
  2.0460000000000000e+004	  2.7447658732675163e+003	 -3.6602325788900189e+003	
  2.0490000000000000e+004	  2.7467829319649691e+003	 -3.6603216327971263e+003	
  2.0520000000000000e+004	  2.7509247545685439e+003	 -3.6623921322728411e+003	
  2.0550000000000000e+004	  2.7674332943720774e+003	 -3.6561917697387480e+003	
  2.0580000000000000e+004	  2.7531963920659555e+003	 -3.6570043838567799e+003	
  2.0610000000000000e+004	  2.7555071966695382e+003	 -3.6550674666513651e+003	
  2.0640000000000000e+004	  2.7723486481179689e+003	 -3.6505368604475307e+003	
  2.0670000000000000e+004	  2.7749042428535736e+003	 -3.6506927051253515e+003	
  2.0700000000000000e+004	  2.7527655642492268e+003	 -3.6409969851571395e+003	
  2.0730000000000000e+004	  2.7436790131102071e+003	 -3.6423884483964343e+003	
  2.0760000000000000e+004	  2.7434146422157696e+003	 -3.6421212871173743e+003	
  2.0790000000000000e+004	  2.7434146422157696e+003	 -3.6421212871173743e+003	
  2.0820000000000000e+004	  2.7434146422157696e+003	 -3.6421212871173743e+003	
  2.0850000000000000e+004	  2.7434146422157696e+003	 -3.6421212871173743e+003	
  2.0880000000000000e+004	  2.7434146422157696e+003	 -3.6421212871173743e+003	
  2.0910000000000000e+004	  2.7434146422157696e+003	 -3.6421212871173743e+003	
  2.0940000000000000e+004	  2.7434146422157696e+003	 -3.6421212871173743e+003	
  2.0970000000000000e+004	  2.7434146422157696e+003	 -3.6421212871173743e+003	
  2.1000000000000000e+004	  2.7434146422157696e+003	 -3.6421212871173743e+003	
  2.1030000000000000e+004	  2.7434146422157696e+003	 -3.6421212871173743e+003	
  2.1060000000000000e+004	  2.7434146422157696e+003	 -3.6421212871173743e+003	
  2.1090000000000000e+004	  2.7434146422157696e+003	 -3.6421212871173743e+003	
  2.1120000000000000e+004	  2.7434146422157696e+003	 -3.6421212871173743e+003	
  2.1150000000000000e+004	  2.7434146422157696e+003	 -3.6421212871173743e+003	
  2.1180000000000000e+004	  2.7434146422157696e+003	 -3.6421212871173743e+003	
  2.1210000000000000e+004	  2.7434146422157696e+003	 -3.6421212871173743e+003	
  2.1240000000000000e+004	  2.7434146422157696e+003	 -3.6421212871173743e+003	
  2.1270000000000000e+004	  2.7434146422157696e+003	 -3.6421212871173743e+003	
  2.1300000000000000e+004	  2.7434146422157696e+003	 -3.6421212871173743e+003	
  2.1330000000000000e+004	  2.7434146422157696e+003	 -3.6421212871173743e+003	
  2.1360000000000000e+004	  2.7434146422157696e+003	 -3.6421212871173743e+003	
  2.1390000000000000e+004	  2.7434146422157696e+003	 -3.6421212871173743e+003	
  2.1420000000000000e+004	  2.7434146422157696e+003	 -3.6421212871173743e+003	
  2.1450000000000000e+004	  2.7434146422157696e+003	 -3.6421212871173743e+003	
  2.1480000000000000e+004	  2.7434146422157696e+003	 -3.6421212871173743e+003	
  2.1510000000000000e+004	  2.7434146422157696e+003	 -3.6421212871173743e+003	
  2.1540000000000000e+004	  2.7434146422157696e+003	 -3.6421212871173743e+003	
  2.1570000000000000e+004	  2.7434146422157696e+003	 -3.6421212871173743e+003	
  2.1600000000000000e+004	  2.7434146422157696e+003	 -3.6421212871173743e+003	
  2.1630000000000000e+004	  2.7434146422157696e+003	 -3.6421212871173743e+003	
  2.1660000000000000e+004	  2.7620635804270296e+003	 -3.6541998911189153e+003	
  2.1690000000000000e+004	  2.7958046887800506e+003	 -3.6760534401924574e+003	
  2.1720000000000000e+004	  2.8106825389108394e+003	 -3.6833754040318518e+003	
  2.1750000000000000e+004	  2.8163616343901635e+003	 -3.6948855933953250e+003	
  2.1780000000000000e+004	  2.8388625985419958e+003	 -3.6925701970585892e+003	
  2.1810000000000000e+004	  2.8502207894713442e+003	 -3.6968447740229321e+003	
  2.1840000000000000e+004	  2.8442871126552045e+003	 -3.7167705344513925e+003	
  2.1870000000000000e+004	  2.8330464222223700e+003	 -3.7237612490960696e+003	
  2.1900000000000000e+004	  2.8211203237016093e+003	 -3.7159690524431426e+003	
  2.1930000000000000e+004	  2.8297564633605025e+003	 -3.7362732899221564e+003	
  2.1960000000000000e+004	  2.8163224674134581e+003	 -3.7624995997665515e+003	
  2.1990000000000000e+004	  2.8033192989026602e+003	 -3.7856980837179726e+003	
  2.2020000000000000e+004	  2.7878290780827228e+003	 -3.7991229252839635e+003	
  2.2050000000000000e+004	  2.7859099371627335e+003	 -3.8004364686276836e+003	
  2.2080000000000000e+004	  2.7876724139705557e+003	 -3.7995681937434820e+003	
  2.2110000000000000e+004	  2.7860666002035418e+003	 -3.8046442529578408e+003	
  2.2140000000000000e+004	  2.7815233251178661e+003	 -3.8172898757789853e+003	
  2.2170000000000000e+004	  2.7738467555188327e+003	 -3.8384178625680443e+003	
  2.2200000000000000e+004	  2.7566919728500097e+003	 -3.8548260023465082e+003	
  2.2230000000000000e+004	  2.7394980239899014e+003	 -3.8698315460719582e+003	
  2.2260000000000000e+004	  2.7172908046888224e+003	 -3.8853714142417639e+003	
  2.2290000000000000e+004	  2.6959452425939144e+003	 -3.9055643362735805e+003	
  2.2320000000000000e+004	  2.6970223116704706e+003	 -3.8990856801994087e+003	
  2.2350000000000000e+004	  2.7184853744884072e+003	 -3.8808519387753186e+003	
  2.2380000000000000e+004	  2.7411038362245695e+003	 -3.9019799256689671e+003	
  2.2410000000000000e+004	  2.7467633490392991e+003	 -3.9348852595140488e+003	
  2.2440000000000000e+004	  2.7248107106038879e+003	 -3.9524733611461015e+003	
  2.2470000000000000e+004	  2.7019180825689832e+003	 -3.9755827917211136e+003	
  2.2500000000000000e+004	  2.6864278627292251e+003	 -3.9951300735273239e+003	
  2.2530000000000000e+004	  2.6819041713461593e+003	 -3.9989593823634482e+003	
  2.2560000000000000e+004	  2.6783204658774735e+003	 -3.9976458404822515e+003	
  2.2590000000000000e+004	  2.6893065767602425e+003	 -3.9807701680325249e+003	
  2.2620000000000000e+004	  2.7164878990304105e+003	 -3.9963768257695638e+003	
  2.2650000000000000e+004	  2.7330943552929907e+003	 -4.0230929300732168e+003	
  2.2680000000000000e+004	  2.7598840161404091e+003	 -4.0412821436202307e+003	
  2.2710000000000000e+004	  2.7861840993433707e+003	 -4.0593823045827330e+003	
  2.2740000000000000e+004	  2.8025947246527817e+003	 -4.0689778374273897e+003	
  2.2770000000000000e+004	  2.8019680660400741e+003	 -4.0704249608471100e+003	
  2.2800000000000000e+004	  2.8158916387878135e+003	 -4.0783507391954349e+003	
  2.2830000000000000e+004	  2.8407621576525239e+003	 -4.0876123200649808e+003	
  2.2860000000000000e+004	  2.8697647066606960e+003	 -4.0900612973878183e+003	
  2.2890000000000000e+004	  2.9022726285974909e+003	 -4.0979202848195582e+003	
  2.2920000000000000e+004	  2.9292189541854323e+003	 -4.0993228797563643e+003	
  2.2950000000000000e+004	  2.9494286976772864e+003	 -4.0969184304973351e+003	
  2.2980000000000000e+004	  2.9659176559205216e+003	 -4.0993674068119717e+003	
  2.3010000000000000e+004	  2.9831703540351264e+003	 -4.1047774174596834e+003	
  2.3040000000000000e+004	  3.0026555241447904e+003	 -4.1121466091924576e+003	
  2.3070000000000000e+004	  3.0190661489481831e+003	 -4.1094749981628102e+003	
  2.3100000000000000e+004	  3.0334988828354790e+003	 -4.1098089502077946e+003	
  2.3130000000000000e+004	  3.0397458867033588e+003	 -4.1084508818717213e+003	
  2.3160000000000000e+004	  3.0587414796364801e+003	 -4.1052226866606316e+003	
  2.3190000000000000e+004	  3.0855115565969199e+003	 -4.1007477387025774e+003	
  2.3220000000000000e+004	  3.1100099969152761e+003	 -4.0966957954108557e+003	
  2.3250000000000000e+004	  3.1258135459223427e+003	 -4.1072263943927510e+003	
  2.3280000000000000e+004	  3.1275368579342025e+003	 -4.1078942968218444e+003	
  2.3310000000000000e+004	  3.1239727372992393e+003	 -4.1166660842273150e+003	
  2.3340000000000000e+004	  3.1199777870456855e+003	 -4.1399758841968915e+003	
  2.3370000000000000e+004	  3.1291818369796683e+003	 -4.1462319051785571e+003	
  2.3400000000000000e+004	  3.1296518313395136e+003	 -4.1283098527447482e+003	
  2.3430000000000000e+004	  3.1408141895132771e+003	 -4.1024620220302259e+003	
  2.3460000000000000e+004	  3.1699342370335271e+003	 -4.0900612964497036e+003	
  2.3490000000000000e+004	  3.2012280078497542e+003	 -4.0784175291505089e+003	
  2.3520000000000000e+004	  3.2225931532312111e+003	 -4.0725399859562203e+003	
  2.3550000000000000e+004	  3.2367125577388811e+003	 -4.0788182706390244e+003	
  2.3580000000000000e+004	  3.2497940585905581e+003	 -4.0908850429878644e+003	
  2.3610000000000000e+004	  3.2460145242082899e+003	 -4.0812672454792701e+003	
  2.3640000000000000e+004	  3.2448199558735346e+003	 -4.0698906400793107e+003	
  2.3670000000000000e+004	  3.2572943806141443e+003	 -4.0563099511951100e+003	
  2.3700000000000000e+004	  3.2799324267889583e+003	 -4.0363174015442469e+003	
  2.3730000000000000e+004	  3.2993196823415419e+003	 -4.0170595429644832e+003	
  2.3760000000000000e+004	  3.3059387648537863e+003	 -3.9992933340671343e+003	
  2.3790000000000000e+004	  3.3039412887984704e+003	 -3.9707961562164191e+003	
  2.3820000000000000e+004	  3.2890385616935018e+003	 -3.9400281092899263e+003	
  2.3850000000000000e+004	  3.2721187762265317e+003	 -3.9123324155171749e+003	
  2.3880000000000000e+004	  3.2621901524485138e+003	 -3.8892675127047978e+003	
  2.3910000000000000e+004	  3.2782286993381990e+003	 -3.8991079434637563e+003	
  2.3940000000000000e+004	  3.2673992535084449e+003	 -3.8896237275668259e+003	
  2.3970000000000000e+004	  3.2536715090761691e+003	 -3.8614827640745279e+003	
  2.4000000000000000e+004	  3.2458970255644163e+003	 -3.8342323387678198e+003	
  2.4030000000000000e+004	  3.2476986686425344e+003	 -3.8256609215236049e+003	
  2.4060000000000000e+004	  3.2501661370059360e+003	 -3.8267963564216507e+003	
  2.4090000000000000e+004	  3.2515369541099203e+003	 -3.8274865223035167e+003	
  2.4120000000000000e+004	  3.2525748576340056e+003	 -3.8243028535955295e+003	
  2.4150000000000000e+004	  3.2509298779037426e+003	 -3.8244586974022181e+003	
  2.4180000000000000e+004	  3.2514782043955615e+003	 -3.8249039665409973e+003	
  2.4210000000000000e+004	  3.2515957037218586e+003	 -3.8268186192773928e+003	
  2.4240000000000000e+004	  3.2521636116988752e+003	 -3.8297573912793732e+003	
  2.4270000000000000e+004	  3.2515173701796875e+003	 -3.8313380934315765e+003	
  2.4300000000000000e+004	  3.2521831954677691e+003	 -3.8289559089893819e+003	
  2.4330000000000000e+004	  3.2517327845702298e+003	 -3.8292008060104563e+003	
  2.4360000000000000e+004	  3.2509298781958196e+003	 -3.8321395767610984e+003	
  2.4390000000000000e+004	  3.2507144645107464e+003	 -3.8299354979028494e+003	
  2.4420000000000000e+004	  3.2508711286131988e+003	 -3.8296015479633556e+003	
  2.4450000000000000e+004	  3.2510277936269699e+003	 -3.8300245515874935e+003	
  2.4480000000000000e+004	  3.2514782043955615e+003	 -3.8308260341920272e+003	
  2.4510000000000000e+004	  3.2517132009718848e+003	 -3.8306034000665895e+003	
  2.4540000000000000e+004	  3.2517915324719020e+003	 -3.8303139767016946e+003	
  2.4570000000000000e+004	  3.2515369541099203e+003	 -3.8303807657893967e+003	
  2.4600000000000000e+004	  3.2515565373139002e+003	 -3.8302471846751259e+003	
  2.4630000000000000e+004	  3.2519481992431670e+003	 -3.8283325313153764e+003	
  2.4660000000000000e+004	  3.2513019565391105e+003	 -3.8291340138197033e+003	
  2.4690000000000000e+004	  3.2515761195138498e+003	 -3.8294011750726377e+003	
  2.4720000000000000e+004	  3.2503423858876690e+003	 -3.8312490407769546e+003	
  2.4750000000000000e+004	  3.2507536303535712e+003	 -3.8290226984776200e+003	
  2.4780000000000000e+004	  3.2514194551486644e+003	 -3.8263065600433679e+003	
  2.4810000000000000e+004	  3.2510865425514703e+003	 -3.8271970973170755e+003	
  2.4840000000000000e+004	  3.2509494612054350e+003	 -3.8289336440661123e+003	
  2.4870000000000000e+004	  3.2509102949434591e+003	 -3.8305811374608033e+003	
  2.4900000000000000e+004	  3.2475420036969199e+003	 -3.8271748340926688e+003	
  2.4930000000000000e+004	  3.2418237434449902e+003	 -3.8155755930559963e+003	
  2.4960000000000000e+004	  3.2421958225495582e+003	 -3.8152193776784538e+003	
  2.4990000000000000e+004	  3.2367713076502237e+003	 -3.8167332906294541e+003	
  2.5020000000000000e+004	  3.2316601223324769e+003	 -3.8127704015198165e+003	
  2.5050000000000000e+004	  3.2175015516900612e+003	 -3.7903511378523326e+003	
  2.5080000000000000e+004	  3.2030688179809181e+003	 -3.7682212983695890e+003	
  2.5110000000000000e+004	  3.1874610990669116e+003	 -3.7424847851299673e+003	
  2.5140000000000000e+004	  3.1939235173215993e+003	 -3.7313753387651536e+003	
  2.5170000000000000e+004	  3.1900068992872875e+003	 -3.7554420951442603e+003	
  2.5200000000000000e+004	  3.2171850464108475e+003	 -3.7063181595653018e+003	
  2.5230000000000000e+004	  3.2272833026682174e+003	 -3.6958985791372784e+003	
  2.5260000000000000e+004	  3.2109412178850462e+003	 -3.7278577178187566e+003	
  2.5290000000000000e+004	  3.2343430043327576e+003	 -3.7281471428468403e+003	
  2.5320000000000000e+004	  3.2439974654228185e+003	 -3.7038243549331396e+003	
  2.5350000000000000e+004	  3.2517425762852831e+003	 -3.7147779582463272e+003	
  2.5380000000000000e+004	  3.2777880790029330e+003	 -3.6904217778063089e+003	
  2.5410000000000000e+004	  3.2756045658930880e+003	 -3.7062622006731567e+003	
  2.5440000000000000e+004	  3.2802555473753664e+003	 -3.7207556891544928e+003	
  2.5470000000000000e+004	  3.2811269958832754e+003	 -3.7061731460286996e+003	
  2.5500000000000000e+004	  3.2749289482087820e+003	 -3.6957093400879248e+003	
  2.5530000000000000e+004	  3.2825565608963689e+003	 -3.7037798287201308e+003	
  2.5560000000000000e+004	  3.2801184658382895e+003	 -3.6958429201212275e+003	
  2.5590000000000000e+004	  3.3025802654539375e+003	 -3.6848002634087670e+003	
  2.5620000000000000e+004	  3.2886077340520105e+003	 -3.6947742751463061e+003	
  2.5650000000000000e+004	  3.2814891466809877e+003	 -3.6909176020695577e+003	
  2.5680000000000000e+004	  3.2702492718846365e+003	 -3.6850038809169282e+003	
  2.5710000000000000e+004	  3.2590093970882849e+003	 -3.6790901597642983e+003	
  2.5740000000000000e+004	  3.2477695222919338e+003	 -3.6731764386116683e+003	
  2.5770000000000000e+004	  3.2365296474955826e+003	 -3.6672627174590389e+003	
  2.5800000000000000e+004	  3.2554633613788551e+003	 -3.7022881798772082e+003	
  2.5830000000000000e+004	  3.2311680972988952e+003	 -3.6799830163358401e+003	
  2.5860000000000000e+004	  3.2210754645154366e+003	 -3.6407854819664244e+003	
  2.5890000000000000e+004	  3.2678300799045687e+003	 -3.6476982760367291e+003	
  2.5920000000000000e+004	  3.2502934277913705e+003	 -3.6355758416489562e+003	
  2.5950000000000000e+004	  3.2442716283206146e+003	 -3.6052975914482913e+003	
  2.5980000000000000e+004	  3.2181086269528068e+003	 -3.6237539654051520e+003	
  2.6010000000000000e+004	  3.2181086269528073e+003	 -3.6237539654051520e+003	
  2.6040000000000000e+004	  3.2181086269528073e+003	 -3.6237539654051520e+003	
  2.6070000000000000e+004	  3.2181086269528073e+003	 -3.6237539654051520e+003	
  2.6100000000000000e+004	  3.2181086269528073e+003	 -3.6237539654051520e+003	
  2.6130000000000000e+004	  3.2181086269528073e+003	 -3.6237539654051520e+003	
  2.6160000000000000e+004	  3.2181086269528073e+003	 -3.6237539654051520e+003	
  2.6190000000000000e+004	  3.2181086269528073e+003	 -3.6237539654051520e+003	
  2.6220000000000000e+004	  3.2181086269528073e+003	 -3.6237539654051520e+003	
  2.6250000000000000e+004	  3.2181086269528073e+003	 -3.6237539654051520e+003	
  2.6280000000000000e+004	  3.2160492140317533e+003	 -3.6357473109190259e+003	
  2.6310000000000000e+004	  3.2092459228823232e+003	 -3.6753674475863336e+003	
  2.6340000000000000e+004	  3.2024426317328935e+003	 -3.7149875842536417e+003	
  2.6370000000000000e+004	  3.2025400747453427e+003	 -3.7418614082927952e+003	
  2.6400000000000000e+004	  3.2125078643931161e+003	 -3.7157575488243297e+003	
  2.6430000000000000e+004	  3.1791284962415207e+003	 -3.7213679330054629e+003	
  2.6460000000000000e+004	  3.1471786921271755e+003	 -3.7157018904475831e+003	
  2.6490000000000000e+004	  3.1174907348809693e+003	 -3.6971119353498348e+003	
  2.6520000000000000e+004	  3.0953422655941113e+003	 -3.6882065676604652e+003	
  2.6550000000000000e+004	  3.0650961895206119e+003	 -3.6782993448965121e+003	
  2.6580000000000000e+004	  3.0601906276586392e+003	 -3.6795683605761587e+003	
  2.6610000000000000e+004	  3.0585750225959077e+003	 -3.6796462825643694e+003	
  2.6640000000000000e+004	  3.0576154533515760e+003	 -3.6793011986813558e+003	
  2.6670000000000000e+004	  3.0540807056374647e+003	 -3.6777427600454621e+003	
  2.6700000000000000e+004	  3.0436135461014924e+003	 -3.6729449925899949e+003	
  2.6730000000000000e+004	  3.0430945950016603e+003	 -3.6731453627230017e+003	
  2.6760000000000000e+004	  3.0285247796308208e+003	 -3.6659431480984922e+003	
  2.6790000000000000e+004	  3.0155411935776165e+003	 -3.6485554157119018e+003	
  2.6820000000000000e+004	  3.0123981082659461e+003	 -3.6309116554834936e+003	
  2.6850000000000000e+004	  3.0134653854656208e+003	 -3.6086148404573833e+003	
  2.6880000000000000e+004	  3.0132499715730937e+003	 -3.5706334462418649e+003	
  2.6910000000000000e+004	  3.0030178097718108e+003	 -3.5260064203242910e+003	
  2.6940000000000000e+004	  2.9914833726115294e+003	 -3.4840287433532421e+003	
  2.6970000000000000e+004	  2.9874296739992533e+003	 -3.4534944619392882e+003	
  2.7000000000000000e+004	  2.9677193003676830e+003	 -3.4424406748283814e+003	
  2.7030000000000000e+004	  2.9387069582289537e+003	 -3.4385445748246070e+003	
  2.7060000000000000e+004	  2.8907871488817827e+003	 -3.4352273254047541e+003	
  2.7090000000000000e+004	  2.9066494476983962e+003	 -3.4394907715786358e+003	
  2.7120000000000000e+004	  2.9163822416083140e+003	 -3.4387115518401574e+003	
  2.7150000000000000e+004	  2.9514261719681767e+003	 -3.4849972029836294e+003	
  2.7180000000000000e+004	  3.0055857713244450e+003	 -3.5401606832380853e+003	
  2.7210000000000000e+004	  3.0331855530258813e+003	 -3.4194759566881853e+003	
  2.7240000000000000e+004	  2.9859021943236999e+003	 -3.3758062582572929e+003	
  2.7270000000000000e+004	  2.9898383942829837e+003	 -3.3328601222904617e+003	
  2.7300000000000000e+004	  2.9844236704848427e+003	 -3.3052312169618281e+003	
  2.7330000000000000e+004	  2.9810749636183932e+003	 -3.3128675712351496e+003	
  2.7360000000000000e+004	  2.9778143794454359e+003	 -3.3256579051164872e+003	
  2.7390000000000000e+004	  2.9978674593605888e+003	 -3.3135799996570613e+003	
  2.7420000000000000e+004	  2.9900635998373300e+003	 -3.3140030040916572e+003	
  2.7450000000000000e+004	  3.0010203350724341e+003	 -3.3091384461248817e+003	
  2.7480000000000000e+004	  3.0036640520331284e+003	 -3.3094723979292658e+003	
  2.7510000000000000e+004	  2.9932262677977587e+003	 -3.3158508682692263e+003	
  2.7540000000000000e+004	  2.9906706752439945e+003	 -3.3220178357783602e+003	
  2.7570000000000000e+004	  2.9830332717813071e+003	 -3.3197580991066511e+003	
  2.7600000000000000e+004	  2.9812022534394573e+003	 -3.3133351023288842e+003	
  2.7630000000000000e+004	  2.9930402286479739e+003	 -3.2998657332640710e+003	
  2.7660000000000000e+004	  2.9966435158271825e+003	 -3.3034167483578276e+003	
  2.7690000000000000e+004	  3.0021365713667874e+003	 -3.3146152484559484e+003	
  2.7720000000000000e+004	  3.0010007531995539e+003	 -3.3148490149298245e+003	
  2.7750000000000000e+004	  3.0006678410006034e+003	 -3.3057210111264149e+003	
  2.7780000000000000e+004	  3.0228163097401707e+003	 -3.3114872374477745e+003	
  2.7810000000000000e+004	  3.0360153093535487e+003	 -3.3122998542702067e+003	
  2.7840000000000000e+004	  3.0341842904239829e+003	 -3.3151495710887466e+003	
  2.7870000000000000e+004	  3.0381792396485471e+003	 -3.3249009483939285e+003	
  2.7900000000000000e+004	  3.0386590258103947e+003	 -3.3244556793493439e+003	
  2.7930000000000000e+004	  3.0471580841250734e+003	 -3.3228415825117286e+003	
  2.7960000000000000e+004	  3.0539338322434255e+003	 -3.3250679248309848e+003	
  2.7990000000000000e+004	  3.0489793122744436e+003	 -3.3263925982038440e+003	
  2.8020000000000000e+004	  3.0525238506813789e+003	 -3.3282181986564001e+003	
  2.8050000000000000e+004	  3.0654682698090878e+003	 -3.3286634673727917e+003	
  2.8080000000000000e+004	  3.0628441355132554e+003	 -3.3250679242944270e+003	
  2.8110000000000000e+004	  3.0534834212073060e+003	 -3.3210159808264493e+003	
  2.8140000000000000e+004	  3.0426539756435586e+003	 -3.3160178443072568e+003	
  2.8170000000000000e+004	  3.0533952969825905e+003	 -3.3083369645345419e+003	
  2.8200000000000000e+004	  3.0442695794535698e+003	 -3.3043184154727796e+003	
  2.8230000000000000e+004	  3.0318734862700235e+003	 -3.3042627581916349e+003	
  2.8260000000000000e+004	  3.0287010269651173e+003	 -3.3074019006324511e+003	
  2.8290000000000000e+004	  3.0209265423110119e+003	 -3.3139250833838801e+003	
  2.8320000000000000e+004	  3.0300130939653336e+003	 -3.3188230358188130e+003	
  2.8350000000000000e+004	  3.0304243390566498e+003	 -3.3165299028941372e+003	
  2.8380000000000000e+004	  3.0266839687442275e+003	 -3.3028267678884572e+003	
  2.8410000000000000e+004	  3.0043494602338133e+003	 -3.2988082212981194e+003	
  2.8440000000000000e+004	  3.0007951295824564e+003	 -3.2825781875485627e+003	
  2.8470000000000000e+004	  3.0010497103133216e+003	 -3.2887117592904151e+003	
  2.8500000000000000e+004	  2.9922177380254457e+003	 -3.2975948618585653e+003	
  2.8530000000000000e+004	  2.9922177380254452e+003	 -3.2975948618585649e+003	
  2.8560000000000000e+004	  2.9922177380254452e+003	 -3.2975948618585649e+003	
  2.8590000000000000e+004	  2.9922177380254452e+003	 -3.2975948618585649e+003	
  2.8620000000000000e+004	  2.9922177380254452e+003	 -3.2975948618585649e+003	
  2.8650000000000000e+004	  2.9922177380254452e+003	 -3.2975948618585649e+003	
  2.8680000000000000e+004	  2.9922177380254452e+003	 -3.2975948618585649e+003	
  2.8710000000000000e+004	  2.9922177380254452e+003	 -3.2975948618585649e+003	
  2.8740000000000000e+004	  2.9922177380254452e+003	 -3.2975948618585649e+003	
  2.8770000000000000e+004	  2.9922177380254452e+003	 -3.2975948618585649e+003	
  2.8800000000000000e+004	  2.9922177380254452e+003	 -3.2975948618585649e+003	
  2.8830000000000000e+004	  2.9922177380254452e+003	 -3.2975948618585649e+003	
  2.8860000000000000e+004	  2.9922177380254452e+003	 -3.2975948618585649e+003	
  2.8890000000000000e+004	  2.9922177380254452e+003	 -3.2975948618585649e+003	
  2.8920000000000000e+004	  2.9922177380254452e+003	 -3.2975948618585649e+003	
  2.8950000000000000e+004	  2.9922177380254452e+003	 -3.2975948618585649e+003	
  2.8980000000000000e+004	  2.9922177380254452e+003	 -3.2975948618585649e+003	
  2.9010000000000000e+004	  2.9922177380254452e+003	 -3.2975948618585649e+003	
  2.9040000000000000e+004	  2.9922177380254452e+003	 -3.2975948618585649e+003	
  2.9070000000000000e+004	  2.9922177380254452e+003	 -3.2975948618585649e+003	
  2.9100000000000000e+004	  2.9922177380254452e+003	 -3.2975948618585649e+003	
  2.9130000000000000e+004	  2.9922177380254452e+003	 -3.2975948618585649e+003	
  2.9160000000000000e+004	  2.9922177380254452e+003	 -3.2975948618585649e+003	
  2.9190000000000000e+004	  2.9922177380254452e+003	 -3.2975948618585649e+003	
  2.9220000000000000e+004	  2.9922177380254452e+003	 -3.2975948618585649e+003	
  2.9250000000000000e+004	  2.9922177380254452e+003	 -3.2975948618585649e+003	
  2.9280000000000000e+004	  2.9922177380254452e+003	 -3.2975948618585649e+003	
  2.9310000000000000e+004	  2.9922177380254452e+003	 -3.2975948618585649e+003	
  2.9340000000000000e+004	  2.9922177380254452e+003	 -3.2975948618585649e+003	
  2.9370000000000000e+004	  2.9922177380254452e+003	 -3.2975948618585649e+003	
  2.9400000000000000e+004	  2.9922177380254452e+003	 -3.2975948618585649e+003	
  2.9430000000000000e+004	  2.9922177380254452e+003	 -3.2975948618585649e+003	
  2.9460000000000000e+004	  2.9922177380254452e+003	 -3.2975948618585649e+003	
  2.9490000000000000e+004	  2.9922177380254452e+003	 -3.2975948618585649e+003	
  2.9520000000000000e+004	  2.9922177380254452e+003	 -3.2975948618585649e+003	
  2.9550000000000000e+004	  2.9922177380254452e+003	 -3.2975948618585649e+003	
  2.9580000000000000e+004	  2.9922177380254452e+003	 -3.2975948618585649e+003	
  2.9610000000000000e+004	  2.9922177380254452e+003	 -3.2975948618585649e+003	
  2.9640000000000000e+004	  2.9922177380254452e+003	 -3.2975948618585649e+003	
  2.9670000000000000e+004	  2.9922177380254452e+003	 -3.2975948618585649e+003	
  2.9700000000000000e+004	  2.9922177380254452e+003	 -3.2975948618585649e+003	
  2.9730000000000000e+004	  2.9922177380254452e+003	 -3.2975948618585649e+003	
  2.9760000000000000e+004	  2.9922177380254452e+003	 -3.2975948618585649e+003	
  2.9790000000000000e+004	  2.9922177380254452e+003	 -3.2975948618585649e+003	
  2.9820000000000000e+004	  2.9922177380254452e+003	 -3.2975948618585649e+003	
  2.9850000000000000e+004	  2.9922177380254452e+003	 -3.2975948618585649e+003	
  2.9880000000000000e+004	  2.9922177380254452e+003	 -3.2975948618585649e+003	
  2.9910000000000000e+004	  2.9922177380254452e+003	 -3.2975948618585649e+003	
  2.9940000000000000e+004	  2.9922177380254452e+003	 -3.2975948618585649e+003	
  2.9970000000000000e+004	  2.9922177380254452e+003	 -3.2975948618585649e+003	
  3.0000000000000000e+004	  2.9922177380254452e+003	 -3.2975948618585649e+003	
  3.0030000000000000e+004	  2.9881944324597143e+003	 -3.3108749839684092e+003	
  3.0060000000000000e+004	  2.9765387192345897e+003	 -3.3493481479819629e+003	
  3.0090000000000000e+004	  2.9797628974322879e+003	 -3.3891643101056079e+003	
  3.0120000000000000e+004	  2.9903377628675885e+003	 -3.4157690971467614e+003	
  3.0150000000000000e+004	  2.9725367378163746e+003	 -3.4265000658700928e+003	
  3.0180000000000000e+004	  2.9544811346482747e+003	 -3.4382774156126034e+003	
  3.0210000000000000e+004	  2.8948702224213371e+003	 -3.4473386265714857e+003	
  3.0240000000000000e+004	  2.8741513179556750e+003	 -3.4829378344815982e+003	
  3.0270000000000000e+004	  2.8455271980864591e+003	 -3.5082519444543418e+003	
  3.0300000000000000e+004	  2.8772835531487631e+003	 -3.4934497782022277e+003	
  3.0330000000000000e+004	  2.8638701987437707e+003	 -3.4804554625159808e+003	
  3.0360000000000000e+004	  2.8809564395861926e+003	 -3.4603182005252283e+003	
  3.0390000000000000e+004	  2.8555865527714459e+003	 -3.4393794528711014e+003	
  3.0420000000000000e+004	  2.8168120431654320e+003	 -3.4277913449973084e+003	
  3.0450000000000000e+004	  2.8046803241105563e+003	 -3.4352718523619601e+003	
  3.0480000000000000e+004	  2.7657589418334369e+003	 -3.4433980001050941e+003	
  3.0510000000000000e+004	  2.7590419423301250e+003	 -3.4441438259886904e+003	
  3.0540000000000000e+004	  2.7577102922833174e+003	 -3.4409712877845877e+003	
  3.0570000000000000e+004	  2.7577102922833174e+003	 -3.4409712877845882e+003	
  3.0600000000000000e+004	  2.7577102922833174e+003	 -3.4409712877845882e+003	
  3.0630000000000000e+004	  2.7577102922833174e+003	 -3.4409712877845882e+003	
  3.0660000000000000e+004	  2.7577102922833174e+003	 -3.4409712877845882e+003	
  3.0690000000000000e+004	  2.7577102922833174e+003	 -3.4409712877845882e+003	
  3.0720000000000000e+004	  2.7577102922833174e+003	 -3.4409712877845882e+003	
  3.0750000000000000e+004	  2.7577102922833174e+003	 -3.4409712877845882e+003	
  3.0780000000000000e+004	  2.7577102922833174e+003	 -3.4409712877845882e+003	
  3.0810000000000000e+004	  2.7577102922833174e+003	 -3.4409712877845882e+003	
  3.0840000000000000e+004	  2.7577102922833174e+003	 -3.4409712877845882e+003	
  3.0870000000000000e+004	  2.7577102922833174e+003	 -3.4409712877845882e+003	
  3.0900000000000000e+004	  2.7577102922833174e+003	 -3.4409712877845882e+003	
  3.0930000000000000e+004	  2.7577102922833174e+003	 -3.4409712877845882e+003	
  3.0960000000000000e+004	  2.7577102922833174e+003	 -3.4409712877845882e+003	
  3.0990000000000000e+004	  2.7577102922833174e+003	 -3.4409712877845882e+003	
  3.1020000000000000e+004	  2.7577102922833174e+003	 -3.4409712877845882e+003	
  3.1050000000000000e+004	  2.7577102922833174e+003	 -3.4409712877845882e+003	
  3.1080000000000000e+004	  2.7577102922833174e+003	 -3.4409712877845882e+003	
  3.1110000000000000e+004	  2.7577102922833174e+003	 -3.4409712877845882e+003	
  3.1140000000000000e+004	  2.7577102922833174e+003	 -3.4409712877845882e+003	
  3.1170000000000000e+004	  2.7577102922833174e+003	 -3.4409712877845882e+003	
  3.1200000000000000e+004	  2.7577102922833174e+003	 -3.4409712877845882e+003	
  3.1230000000000000e+004	  2.7577102922833174e+003	 -3.4409712877845882e+003	
  3.1260000000000000e+004	  2.7577102922833174e+003	 -3.4409712877845882e+003	
  3.1290000000000000e+004	  2.7577102922833174e+003	 -3.4409712877845882e+003	
  3.1320000000000000e+004	  2.7577102922833174e+003	 -3.4409712877845882e+003	
  3.1350000000000000e+004	  2.7577102922833174e+003	 -3.4409712877845882e+003	
  3.1380000000000000e+004	  2.7577102922833174e+003	 -3.4409712877845882e+003	
  3.1410000000000000e+004	  2.7577102922833174e+003	 -3.4409712877845882e+003	
  3.1440000000000000e+004	  2.7577102922833174e+003	 -3.4409712877845882e+003	
  3.1470000000000000e+004	  2.7577102922833174e+003	 -3.4409712877845882e+003	
  3.1500000000000000e+004	  2.7577102922833174e+003	 -3.4409712877845882e+003	
  3.1530000000000000e+004	  2.7577102922833174e+003	 -3.4409712877845882e+003	
  3.1560000000000000e+004	  2.7577102922833174e+003	 -3.4409712877845882e+003	
  3.1590000000000000e+004	  2.7577102922833174e+003	 -3.4409712877845882e+003	
  3.1620000000000000e+004	  2.7577102922833174e+003	 -3.4409712877845882e+003	
  3.1650000000000000e+004	  2.7577102922833174e+003	 -3.4409712877845882e+003	
  3.1680000000000000e+004	  2.7577102922833174e+003	 -3.4409712877845882e+003	
  3.1710000000000000e+004	  2.7577102922833174e+003	 -3.4409712877845882e+003	
  3.1740000000000000e+004	  2.7577102922833174e+003	 -3.4409712877845882e+003	
  3.1770000000000000e+004	  2.7577102922833174e+003	 -3.4409712877845882e+003	
  3.1800000000000000e+004	  2.7577102922833174e+003	 -3.4409712877845882e+003	
  3.1830000000000000e+004	  2.7577102922833174e+003	 -3.4409712877845882e+003	
  3.1860000000000000e+004	  2.7577102922833174e+003	 -3.4409712877845882e+003	
  3.1890000000000000e+004	  2.7577102922833174e+003	 -3.4409712877845882e+003	
  3.1920000000000000e+004	  2.7577102922833174e+003	 -3.4409712877845882e+003	
  3.1950000000000000e+004	  2.7577102922833174e+003	 -3.4409712877845882e+003	
  3.1980000000000000e+004	  2.7577102922833174e+003	 -3.4409712877845882e+003	
  3.2010000000000000e+004	  2.7577102922833174e+003	 -3.4409712877845882e+003	
  3.2040000000000000e+004	  2.7577102922833174e+003	 -3.4409712877845882e+003	
  3.2070000000000000e+004	  2.7577102922833174e+003	 -3.4409712877845882e+003	
  3.2100000000000000e+004	  2.7577102922833174e+003	 -3.4409712877845882e+003	
  3.2130000000000000e+004	  2.7577102922833174e+003	 -3.4409712877845882e+003	
  3.2160000000000000e+004	  2.7577102922833174e+003	 -3.4409712877845882e+003	
  3.2190000000000000e+004	  2.7577102922833174e+003	 -3.4409712877845882e+003	
  3.2220000000000000e+004	  2.7577102922833174e+003	 -3.4409712877845882e+003	
  3.2250000000000000e+004	  2.7577102922833174e+003	 -3.4409712877845882e+003	
  3.2280000000000000e+004	  2.7577102922833174e+003	 -3.4409712877845882e+003	
  3.2310000000000000e+004	  2.7577102922833174e+003	 -3.4409712877845882e+003	
  3.2340000000000000e+004	  2.7577102922833174e+003	 -3.4409712877845882e+003	
  3.2370000000000000e+004	  2.7577102922833174e+003	 -3.4409712877845882e+003	
  3.2400000000000000e+004	  2.7577102922833174e+003	 -3.4409712877845882e+003	
  3.2430000000000000e+004	  2.7577102922833174e+003	 -3.4409712877845882e+003	
  3.2460000000000000e+004	  2.7577102922833174e+003	 -3.4409712877845882e+003	
  3.2490000000000000e+004	  2.7577102922833174e+003	 -3.4409712877845882e+003	
  3.2520000000000000e+004	  2.7577102922833174e+003	 -3.4409712877845882e+003	
  3.2550000000000000e+004	  2.7577102922833174e+003	 -3.4409712877845882e+003	
  3.2580000000000000e+004	  2.7577102922833174e+003	 -3.4409712877845882e+003	
  3.2610000000000000e+004	  2.7577102922833174e+003	 -3.4409712877845882e+003	
  3.2640000000000000e+004	  2.7577102922833174e+003	 -3.4409712877845882e+003	
  3.2670000000000000e+004	  2.7577102922833174e+003	 -3.4409712877845882e+003	
  3.2700000000000000e+004	  2.7577102922833174e+003	 -3.4409712877845882e+003	
  3.2730000000000000e+004	  2.7577102922833174e+003	 -3.4409712877845882e+003	
  3.2760000000000000e+004	  2.7577102922833174e+003	 -3.4409712877845882e+003	
  3.2790000000000000e+004	  2.7577102922833174e+003	 -3.4409712877845882e+003	
  3.2820000000000000e+004	  2.7577102922833174e+003	 -3.4409712877845882e+003	
  3.2850000000000000e+004	  2.7577102922833174e+003	 -3.4409712877845882e+003	
  3.2880000000000000e+004	  2.7577102922833174e+003	 -3.4409712877845882e+003	
  3.2910000000000000e+004	  2.7577102922833174e+003	 -3.4409712877845882e+003	
  3.2940000000000000e+004	  2.7577102922833174e+003	 -3.4409712877845882e+003	
  3.2970000000000000e+004	  2.7577102922833174e+003	 -3.4409712877845882e+003	
  3.3000000000000000e+004	  2.7577102922833174e+003	 -3.4409712877845882e+003	
  3.3030000000000000e+004	  2.7577102922833174e+003	 -3.4409712877845882e+003	
  3.3060000000000000e+004	  2.7577102922833174e+003	 -3.4409712877845882e+003	
  3.3090000000000000e+004	  2.7577102922833174e+003	 -3.4409712877845882e+003	
  3.3120000000000000e+004	  2.7577102922833174e+003	 -3.4409712877845882e+003	
  3.3150000000000000e+004	  2.7577102922833174e+003	 -3.4409712877845882e+003	
  3.3180000000000000e+004	  2.7577102922833174e+003	 -3.4409712877845882e+003	
  3.3210000000000000e+004	  2.7577102922833174e+003	 -3.4409712877845882e+003	
  3.3240000000000000e+004	  2.7577102922833174e+003	 -3.4409712877845882e+003	
  3.3270000000000000e+004	  2.7577102922833174e+003	 -3.4409712877845882e+003	
  3.3300000000000000e+004	  2.7577102922833174e+003	 -3.4409712877845882e+003	
  3.3330000000000000e+004	  2.7577102922833174e+003	 -3.4409712877845882e+003	
  3.3360000000000000e+004	  2.7577102922833174e+003	 -3.4409712877845882e+003	
  3.3390000000000000e+004	  2.7577102922833174e+003	 -3.4409712877845882e+003	
  3.3420000000000000e+004	  2.7577102922833174e+003	 -3.4409712877845882e+003	
  3.3450000000000000e+004	  2.7577102922833174e+003	 -3.4409712877845882e+003	
  3.3480000000000000e+004	  2.7577102922833174e+003	 -3.4409712877845882e+003	
  3.3510000000000000e+004	  2.7577102922833174e+003	 -3.4409712877845882e+003	
  3.3540000000000000e+004	  2.7577102922833174e+003	 -3.4409712877845882e+003	
  3.3570000000000000e+004	  2.7577102922833174e+003	 -3.4409712877845882e+003	
  3.3600000000000000e+004	  2.7577102922833174e+003	 -3.4409712877845882e+003	
  3.3630000000000000e+004	  2.7577102922833174e+003	 -3.4409712877845882e+003	
  3.3660000000000000e+004	  2.7577102922833174e+003	 -3.4409712877845882e+003	
  3.3690000000000000e+004	  2.7577102922833174e+003	 -3.4409712877845882e+003	
  3.3720000000000000e+004	  2.7577102922833174e+003	 -3.4409712877845882e+003	
  3.3750000000000000e+004	  2.7577102922833174e+003	 -3.4409712877845882e+003	
  3.3780000000000000e+004	  2.7577102922833174e+003	 -3.4409712877845882e+003	
  3.3810000000000000e+004	  2.7577102922833174e+003	 -3.4409712877845882e+003	
  3.3840000000000000e+004	  2.7577102922833174e+003	 -3.4409712877845882e+003	
  3.3870000000000000e+004	  2.7577102922833174e+003	 -3.4409712877845882e+003	
  3.3900000000000000e+004	  2.7577102922833174e+003	 -3.4409712877845882e+003	
  3.3930000000000000e+004	  2.7577102922833174e+003	 -3.4409712877845882e+003	
  3.3960000000000000e+004	  2.7577102922833174e+003	 -3.4409712877845882e+003	
  3.3990000000000000e+004	  2.7577102922833174e+003	 -3.4409712877845882e+003	
  3.4020000000000000e+004	  2.7577102922833174e+003	 -3.4409712877845882e+003	
  3.4050000000000000e+004	  2.7577102922833174e+003	 -3.4409712877845882e+003	
  3.4080000000000000e+004	  2.7577102922833174e+003	 -3.4409712877845882e+003	
  3.4110000000000000e+004	  2.7577102922833174e+003	 -3.4409712877845882e+003	
  3.4140000000000000e+004	  2.7577102922833174e+003	 -3.4409712877845882e+003	
  3.4170000000000000e+004	  2.7577102922833174e+003	 -3.4409712877845882e+003	
  3.4200000000000000e+004	  2.7577102922833174e+003	 -3.4409712877845882e+003	
  3.4230000000000000e+004	  2.7577102922833174e+003	 -3.4409712877845882e+003	
  3.4260000000000000e+004	  2.7577102922833174e+003	 -3.4409712877845882e+003	
  3.4290000000000000e+004	  2.7577102922833174e+003	 -3.4409712877845882e+003	
  3.4320000000000000e+004	  2.7577102922833174e+003	 -3.4409712877845882e+003	
  3.4350000000000000e+004	  2.7577102922833174e+003	 -3.4409712877845882e+003	
  3.4380000000000000e+004	  2.7577102922833174e+003	 -3.4409712877845882e+003	
  3.4410000000000000e+004	  2.7577102922833174e+003	 -3.4409712877845882e+003	
  3.4440000000000000e+004	  2.7577102922833174e+003	 -3.4409712877845882e+003	
  3.4470000000000000e+004	  2.7577102922833174e+003	 -3.4409712877845882e+003	
  3.4500000000000000e+004	  2.7577102922833174e+003	 -3.4409712877845882e+003	
  3.4530000000000000e+004	  2.7577102922833174e+003	 -3.4409712877845882e+003	
  3.4560000000000000e+004	  2.7577102922833174e+003	 -3.4409712877845882e+003	
  3.4590000000000000e+004	  2.7577102922833174e+003	 -3.4409712877845882e+003	
  3.4620000000000000e+004	  2.7577102922833174e+003	 -3.4409712877845882e+003	
  3.4650000000000000e+004	  2.7577102922833174e+003	 -3.4409712877845882e+003	
  3.4680000000000000e+004	  2.7577102922833174e+003	 -3.4409712877845882e+003	
  3.4710000000000000e+004	  2.7577102922833174e+003	 -3.4409712877845882e+003	
  3.4740000000000000e+004	  2.7577102922833174e+003	 -3.4409712877845882e+003	
  3.4770000000000000e+004	  2.7577102922833174e+003	 -3.4409712877845882e+003	
  3.4800000000000000e+004	  2.7577102922833174e+003	 -3.4409712877845882e+003	
  3.4830000000000000e+004	  2.7577102922833174e+003	 -3.4409712877845882e+003	
  3.4860000000000000e+004	  2.7577102922833174e+003	 -3.4409712877845882e+003	
  3.4890000000000000e+004	  2.7577102922833174e+003	 -3.4409712877845882e+003	
  3.4920000000000000e+004	  2.7577102922833174e+003	 -3.4409712877845882e+003	
  3.4950000000000000e+004	  2.7577102922833174e+003	 -3.4409712877845882e+003	
  3.4980000000000000e+004	  2.7577102922833174e+003	 -3.4409712877845882e+003	
  3.5010000000000000e+004	  2.7577102922833174e+003	 -3.4409712877845882e+003	
  3.5040000000000000e+004	  2.7577102922833174e+003	 -3.4409712877845882e+003	
  3.5070000000000000e+004	  2.7577102922833174e+003	 -3.4409712877845882e+003	
  3.5100000000000000e+004	  2.7577102922833174e+003	 -3.4409712877845882e+003	
  3.5130000000000000e+004	  2.7577102922833174e+003	 -3.4409712877845882e+003	
  3.5160000000000000e+004	  2.7577102922833174e+003	 -3.4409712877845882e+003	
  3.5190000000000000e+004	  2.7577102922833174e+003	 -3.4409712877845882e+003	
  3.5220000000000000e+004	  2.7577102922833174e+003	 -3.4409712877845882e+003	
  3.5250000000000000e+004	  2.7577102922833174e+003	 -3.4409712877845882e+003	
  3.5280000000000000e+004	  2.7744241346202075e+003	 -3.4609061560323516e+003	
  3.5310000000000000e+004	  2.8317637296618504e+003	 -3.4768821841458616e+003	
  3.5340000000000000e+004	  2.8856759636852789e+003	 -3.5215537373955813e+003	
  3.5370000000000000e+004	  2.9224432067908360e+003	 -3.5417243946466174e+003	
  3.5400000000000000e+004	  2.9536292688518761e+003	 -3.5520100966248733e+003	
  3.5430000000000000e+004	  2.9916302468606264e+003	 -3.5519878330730803e+003	
  3.5460000000000000e+004	  3.0015882462176314e+003	 -3.5802512428620189e+003	
  3.5490000000000000e+004	  3.0000509739663662e+003	 -3.5915054020842413e+003	
  3.5520000000000000e+004	  3.0022932357982941e+003	 -3.5712679527441678e+003	
  3.5550000000000000e+004	  2.9974268395814397e+003	 -3.5445963775593723e+003	
  3.5580000000000000e+004	  2.9956937371405061e+003	 -3.5100769443037993e+003	
  3.5610000000000000e+004	  2.9909056725749178e+003	 -3.4862884792297600e+003	
  3.5640000000000000e+004	  2.9866267680604701e+003	 -3.4592718194281347e+003	
  3.5670000000000000e+004	  2.9934808476710709e+003	 -3.4248525728442137e+003	
  3.5700000000000000e+004	  2.9857455300813613e+003	 -3.3908118041153225e+003	
  3.5730000000000000e+004	  2.9784704126487491e+003	 -3.3595094344419076e+003	
  3.5760000000000000e+004	  2.9774716768557737e+003	 -3.3279510370684075e+003	
  3.5790000000000000e+004	  2.9895838138584086e+003	 -3.2966264053949212e+003	
  3.5820000000000000e+004	  2.9995711882707328e+003	 -3.2697321947425776e+003	
  3.5850000000000000e+004	  2.9918456608168867e+003	 -3.2493055047660741e+003	
  3.5880000000000000e+004	  2.9724094490522994e+003	 -3.2116024045094250e+003	
  3.5910000000000000e+004	  2.9631172743085308e+003	 -3.2108120523376924e+003	
  3.5940000000000000e+004	  2.9532473992310938e+003	 -3.1927230250623825e+003	
  3.5970000000000000e+004	  2.9582606689064810e+003	 -3.1544076802119403e+003	
  3.6000000000000000e+004	  2.9463149868170121e+003	 -3.1486525832973239e+003	
  3.6030000000000000e+004	  2.9492034926172551e+003	 -3.1385115957545190e+003	
  3.6060000000000000e+004	  2.9540894732571869e+003	 -3.1165709974702331e+003	
  3.6090000000000000e+004	  2.9505351418854143e+003	 -3.1156025379163780e+003	
  3.6120000000000000e+004	  2.9519549160337497e+003	 -3.1194652400415339e+003	
  3.6150000000000000e+004	  2.9426431589951139e+003	 -3.1222370362659217e+003	
  3.6180000000000000e+004	  2.9512205505142510e+003	 -3.1183075433350305e+003	
  3.6210000000000000e+004	  2.9559302818571755e+003	 -3.1010756550279543e+003	
  3.6240000000000000e+004	  2.9449539632993342e+003	 -3.1239179254119886e+003	
  3.6270000000000000e+004	  2.9440531421062128e+003	 -3.1129754539455312e+003	
  3.6300000000000000e+004	  2.9494874466813553e+003	 -3.0912797530638354e+003	
  3.6330000000000000e+004	  2.9443762628173927e+003	 -3.1135543032802466e+003	
  3.6360000000000000e+004	  2.9479501744975209e+003	 -3.1168715542934774e+003	
  3.6390000000000000e+004	  2.9475976797833123e+003	 -3.1237843451265308e+003	
  3.6420000000000000e+004	  2.9482830871529777e+003	 -3.1137212800277748e+003	
  3.6450000000000000e+004	  2.9465499845509203e+003	 -3.1159921485373279e+003	
  3.6480000000000000e+004	  2.9659274468244193e+003	 -3.1151572697747702e+003	
  3.6510000000000000e+004	  3.1168151191140560e+003	 -3.1141999419107951e+003	
  3.6540000000000000e+004	  3.2824782279621286e+003	 -3.1342147573835223e+003	
  3.6570000000000000e+004	  3.3510777762128755e+003	 -3.0867491467012965e+003	
  3.6600000000000000e+004	  3.3581668528629780e+003	 -3.0775209582598886e+003	
  3.6630000000000000e+004	  3.4344723440470261e+003	 -2.9384747680924079e+003	
  3.6660000000000000e+004	  3.4858877342953856e+003	 -2.8405379827775078e+003	
  3.6690000000000000e+004	  3.4851925343021408e+003	 -2.8414841791113186e+003	
  3.6720000000000000e+004	  3.5084180741792261e+003	 -2.7858478928108889e+003	
  3.6750000000000000e+004	  3.4339827667689424e+003	 -2.8982558994383608e+003	
  3.6780000000000000e+004	  3.3523017182623748e+003	 -3.0476545800525187e+003	
  3.6810000000000000e+004	  3.2562075193932242e+003	 -3.1022110913575830e+003	
  3.6840000000000000e+004	  3.0945393597013949e+003	 -3.0858808731698505e+003	
  3.6870000000000000e+004	  3.0190367743778688e+003	 -3.0287863305712535e+003	
  3.6900000000000000e+004	  3.0221602761376912e+003	 -2.9308161507216514e+003	
  3.6930000000000000e+004	  2.9954587399357233e+003	 -2.9219998377553770e+003	
  3.6960000000000000e+004	  2.9782647907594219e+003	 -2.8801223451125898e+003	
  3.6990000000000000e+004	  2.9439552259175716e+003	 -2.8627791409935116e+003	
