  0.0000000000000000e+000	 -1.7642335988788355e+002	  1.6024725454970292e+003	
  3.0000000000000000e+001	 -1.8141704111463338e+002	  1.5903389760182756e+003	
  6.0000000000000000e+001	 -1.7936081340871641e+002	  1.5943463964665418e+003	
  9.0000000000000000e+001	 -1.7936081340871641e+002	  1.5943463964665418e+003	
  1.2000000000000000e+002	 -1.7936081340871641e+002	  1.5943463964665418e+003	
  1.5000000000000000e+002	 -1.7936081340871641e+002	  1.5943463964665418e+003	
  1.8000000000000000e+002	 -1.7936081340871641e+002	  1.5943463964665418e+003	
  2.1000000000000000e+002	 -1.7936081340871641e+002	  1.5943463964665418e+003	
  2.4000000000000000e+002	 -1.7936081340871641e+002	  1.5943463964665418e+003	
  2.7000000000000000e+002	 -1.7936081340871641e+002	  1.5943463964665418e+003	
  3.0000000000000000e+002	 -1.7936081340871641e+002	  1.5943463964665418e+003	
  3.3000000000000000e+002	 -1.7936081340871641e+002	  1.5943463964665418e+003	
  3.6000000000000000e+002	 -1.7936081340871641e+002	  1.5943463964665418e+003	
  3.9000000000000000e+002	 -1.7936081340871641e+002	  1.5943463964665418e+003	
  4.2000000000000000e+002	 -1.9026641478652536e+002	  1.6319578903579352e+003	
  4.5000000000000000e+002	 -1.9034690912315250e+002	  1.6321051551830949e+003	
  4.8000000000000000e+002	 -1.8357117178847739e+002	  1.6187693680107882e+003	
  5.1000000000000000e+002	 -1.8507905324051666e+002	  1.6397860362916533e+003	
  5.4000000000000000e+002	 -1.8733113845625613e+002	  1.6362906759272889e+003	
  5.7000000000000000e+002	 -1.8615612914119797e+002	  1.6101979483868952e+003	
  6.0000000000000000e+002	 -1.8650864105634804e+002	  1.6106432189318109e+003	
  6.3000000000000000e+002	 -1.8811445236449924e+002	  1.6217526651310359e+003	
  6.6000000000000000e+002	 -1.9116940903224736e+002	  1.6131367216590509e+003	
  6.9000000000000000e+002	 -1.8327742940677675e+002	  1.6215077678884559e+003	
  7.2000000000000000e+002	 -1.8517697722750799e+002	  1.6195040575291557e+003	
  7.5000000000000000e+002	 -1.8740945146090772e+002	  1.6167879225965055e+003	
  7.8000000000000000e+002	 -1.7769625242111044e+002	  1.6080383994076774e+003	
  8.1000000000000000e+002	 -1.8913278538064100e+002	  1.6096191040241226e+003	
  8.4000000000000000e+002	 -1.8964193730868629e+002	  1.5911404634353289e+003	
  8.7000000000000000e+002	 -1.5609610639403687e+002	  1.5841274829480994e+003	
  9.0000000000000000e+002	 -1.6204934702162262e+002	  1.5835931639400762e+003	
  9.3000000000000000e+002	 -1.5088699975534360e+002	  1.5813668203281650e+003	
  9.6000000000000000e+002	 -1.5366779007203758e+002	  1.5843055931414260e+003	
  9.9000000000000000e+002	 -1.4671580088527793e+002	  1.5886469600939549e+003	
  1.0200000000000000e+003	 -1.6052188522728028e+002	  1.5890699651725506e+003	
  1.0500000000000000e+003	 -1.8141703499993611e+002	  1.6007137342236649e+003	
  1.0800000000000000e+003	 -1.8153454140308753e+002	  1.6003797815242647e+003	
  1.1100000000000000e+003	 -1.8163246437483068e+002	  1.6010476841396214e+003	
  1.1400000000000000e+003	 -1.8155412921747015e+002	  1.6038974040130213e+003	
  1.1700000000000000e+003	 -1.8129952856284066e+002	  1.6061460092572274e+003	
  1.2000000000000000e+003	 -1.8239619679103834e+002	  1.6152294830910027e+003	
  1.2300000000000000e+003	 -1.8272910106067556e+002	  1.6214187161153491e+003	
  1.2600000000000000e+003	 -1.8141704111463338e+002	  1.6194595321913114e+003	
  1.2900000000000000e+003	 -1.7887125669841538e+002	  1.6145615818774268e+003	
  1.3200000000000000e+003	 -1.7148840706751506e+002	  1.6121348665271591e+003	
  1.3500000000000000e+003	 -1.6710178812309269e+002	  1.6133593570938606e+003	
  1.3800000000000000e+003	 -1.7640376308355565e+002	  1.6213741886600633e+003	
  1.4100000000000000e+003	 -1.7724583150252334e+002	  1.6275188921320757e+003	
  1.4400000000000000e+003	 -1.7748083663950086e+002	  1.6256932921913617e+003	
  1.4700000000000000e+003	 -1.7454336913468157e+002	  1.6240235360941579e+003	
  1.5000000000000000e+003	 -1.7282007936785126e+002	  1.6199270626063303e+003	
  1.5300000000000000e+003	 -1.7889082107769974e+002	  1.6231552603288787e+003	
  1.5600000000000000e+003	 -1.7994831128884570e+002	  1.6269400434176437e+003	
  1.5900000000000000e+003	 -1.7951748224005703e+002	  1.6276079454509697e+003	
  1.6200000000000000e+003	 -1.8049661972524186e+002	  1.6279641595950222e+003	
  1.6500000000000000e+003	 -1.8145621261758768e+002	  1.6364242613646320e+003	
  1.6800000000000000e+003	 -1.7863626086177942e+002	  1.6266060889418115e+003	
  1.7100000000000000e+003	 -1.8024205931827089e+002	  1.6280309497165040e+003	
  1.7400000000000000e+003	 -1.8047705699523235e+002	  1.6282758478663050e+003	
  1.7700000000000000e+003	 -1.7926290170439944e+002	  1.6251367038434687e+003	
  1.8000000000000000e+003	 -1.7800958384663519e+002	  1.6234669496667448e+003	
  1.8300000000000000e+003	 -1.7681502517042563e+002	  1.6215522936386508e+003	
  1.8600000000000000e+003	 -1.8400202082202063e+002	  1.6187693667820554e+003	
  1.8900000000000000e+003	 -1.7924332250370659e+002	  1.6132257761787255e+003	
  1.9200000000000000e+003	 -1.7840123488391629e+002	  1.6171664019542973e+003	
  1.9500000000000000e+003	 -1.7736333280522501e+002	  1.6193259498760453e+003	
  1.9800000000000000e+003	 -1.7642335988788355e+002	  1.6175671405783494e+003	
  2.0100000000000000e+003	 -1.7755916991821854e+002	  1.6126469264587467e+003	
  2.0400000000000000e+003	 -1.8037912243853026e+002	  1.6168992441462542e+003	
  2.0700000000000000e+003	 -1.7595334508564389e+002	  1.6284316958249085e+003	
  2.1000000000000000e+003	 -1.7687376470035304e+002	  1.6416784257674685e+003	
  2.1300000000000000e+003	 -1.7914541434437325e+002	  1.6437043958553095e+003	
  2.1600000000000000e+003	 -1.7781374374739841e+002	  1.6407210976889860e+003	
  2.1900000000000000e+003	 -1.7048969199749749e+002	  1.6089511985082343e+003	
  2.2200000000000000e+003	 -1.7654084338530799e+002	  1.6087508289021557e+003	
  2.2500000000000000e+003	 -1.7303547328052724e+002	  1.6103092659818899e+003	
  2.2800000000000000e+003	 -1.8133869099959435e+002	  1.6128918244205586e+003	
  2.3100000000000000e+003	 -1.8396284071736653e+002	  1.6137600977678189e+003	
  2.3400000000000000e+003	 -1.7401464844768969e+002	  1.6047879419782660e+003	
  2.3700000000000000e+003	 -1.7094007515115595e+002	  1.6038974024853219e+003	
  2.4000000000000000e+003	 -1.7636458809561316e+002	  1.6086617755313512e+003	
  2.4300000000000000e+003	 -1.7785292826624919e+002	  1.6059901657220425e+003	
  2.4600000000000000e+003	 -1.7742208207275667e+002	  1.6064799596439507e+003	
  2.4900000000000000e+003	 -1.7609044231735712e+002	  1.6107545374786384e+003	
  2.5200000000000000e+003	 -1.6633806421625187e+002	  1.6102870032308447e+003	
  2.5500000000000000e+003	 -1.7023508743229502e+002	  1.6149400583164097e+003	
  2.5800000000000000e+003	 -1.5781941977890926e+002	  1.6153630615017778e+003	
  2.6100000000000000e+003	 -1.4761661754016760e+002	  1.6132480373831656e+003	
  2.6400000000000000e+003	 -1.3888258094800469e+002	  1.5978194914941748e+003	
  2.6700000000000000e+003	 -1.5738857670974960e+002	  1.6014484279659034e+003	
  2.7000000000000000e+003	 -1.5650734733317154e+002	  1.6007582628151536e+003	
  2.7300000000000000e+003	 -1.5484279284362938e+002	  1.6134484093547803e+003	
  2.7600000000000000e+003	 -1.6445808471206647e+002	  1.6076821819062845e+003	
  2.7900000000000000e+003	 -1.7706959774353444e+002	  1.6122016578279095e+003	
  2.8200000000000000e+003	 -1.8249411467257849e+002	  1.6152294834612371e+003	
  2.8500000000000000e+003	 -1.8376700233832111e+002	  1.6100866313571896e+003	
  2.8800000000000000e+003	 -1.8104496243359091e+002	  1.6037638212216411e+003	
  2.9100000000000000e+003	 -1.6418391586519607e+002	  1.5895374954266804e+003	
  2.9400000000000000e+003	 -1.4651996432512613e+002	  1.5733742527958127e+003	
  2.9700000000000000e+003	 -1.4056670588362749e+002	  1.5687434639571279e+003	
  3.0000000000000000e+003	 -1.3825589840855690e+002	  1.5665171227639348e+003	
  3.0300000000000000e+003	 -1.3735508445286223e+002	  1.5661831673027143e+003	
  3.0600000000000000e+003	 -1.3794261372454193e+002	  1.5650254736805723e+003	
  3.0900000000000000e+003	 -1.4082128082958056e+002	  1.5635560838355318e+003	
  3.1200000000000000e+003	 -1.4193752984706833e+002	  1.5623093351172417e+003	
  3.1500000000000000e+003	 -1.4693120296392209e+002	  1.5667842798171519e+003	
  3.1800000000000000e+003	 -1.4605000330113717e+002	  1.5670069166137157e+003	
  3.2100000000000000e+003	 -1.3880424899057738e+002	  1.5600607266067334e+003	
  3.2400000000000000e+003	 -1.3563176336059576e+002	  1.5606618436273536e+003	
  3.2700000000000000e+003	 -1.3686550538564029e+002	  1.5647137825089419e+003	
  3.3000000000000000e+003	 -1.3694383548806624e+002	  1.5659605338068941e+003	
  3.3300000000000000e+003	 -1.3580803325151402e+002	  1.5651590503219900e+003	
  3.3600000000000000e+003	 -1.3537721467062462e+002	  1.5646692560182614e+003	
  3.3900000000000000e+003	 -1.3569052612815750e+002	  1.5651367898851543e+003	
  3.4200000000000000e+003	 -1.3167595904766853e+002	  1.5607063679383944e+003	
  3.4500000000000000e+003	 -1.3202848389108905e+002	  1.5628659186337306e+003	
  3.4800000000000000e+003	 -1.3330138070844305e+002	  1.5636896692112587e+003	
  3.5100000000000000e+003	 -1.3330139659398267e+002	  1.5644020964522947e+003	
  3.5400000000000000e+003	 -1.3469177957027912e+002	  1.5670514449126558e+003	
  3.5700000000000000e+003	 -1.3290970959815485e+002	  1.5614187988212200e+003	
  3.6000000000000000e+003	 -1.3520094657676916e+002	  1.5642462538768741e+003	
  3.6300000000000000e+003	 -1.3283138876579193e+002	  1.5620867003002957e+003	
  3.6600000000000000e+003	 -1.3330138458807247e+002	  1.5584800268557724e+003	
  3.6900000000000000e+003	 -1.3762923727804045e+002	  1.5635115618589409e+003	
  3.7200000000000000e+003	 -1.3569051948600321e+002	  1.5609290025390947e+003	
  3.7500000000000000e+003	 -1.3572968987798467e+002	  1.5581906018578393e+003	
  3.7800000000000000e+003	 -1.3774673000095657e+002	  1.5593482990836869e+003	
  3.8100000000000000e+003	 -1.3950923617573056e+002	  1.5590811394790849e+003	
  3.8400000000000000e+003	 -1.3737466276718996e+002	  1.5576562803173915e+003	
  3.8700000000000000e+003	 -1.4328877628557467e+002	  1.5642907813551403e+003	
  3.9000000000000000e+003	 -1.3954839511903694e+002	  1.5601275195473281e+003	
  3.9300000000000000e+003	 -1.3943089070403258e+002	  1.5636674026324899e+003	
  3.9600000000000000e+003	 -1.3978338237960645e+002	  1.5676748187962539e+003	
  3.9900000000000000e+003	 -1.3600384292775971e+002	  1.5640904096017916e+003	
  4.0200000000000000e+003	 -1.4295586506587233e+002	  1.5611293724789116e+003	
  4.0500000000000000e+003	 -1.3894133346904218e+002	  1.5619976460281982e+003	
  4.0800000000000000e+003	 -1.3786427315594597e+002	  1.5607063675914819e+003	
  4.1100000000000000e+003	 -1.4072339912448948e+002	  1.5641571986960766e+003	
  4.1400000000000000e+003	 -1.5881817188755016e+002	  1.5776933566162486e+003	
  4.1700000000000000e+003	 -1.6054145508833443e+002	  1.5770922441592018e+003	
  4.2000000000000000e+003	 -1.4182002156855248e+002	  1.5655820555486814e+003	
  4.2300000000000000e+003	 -1.3723760068077075e+002	  1.5598603544762645e+003	
  4.2600000000000000e+003	 -1.4303419606615262e+002	  1.5370626175949610e+003	
  4.2900000000000000e+003	 -1.5319780445560588e+002	  1.5325876697877322e+003	
  4.3200000000000000e+003	 -1.5190533569744451e+002	  1.5323872979785813e+003	
  4.3500000000000000e+003	 -1.3596469529252127e+002	  1.5447212340323517e+003	
  4.3800000000000000e+003	 -1.3786425741529453e+002	  1.5394670647078206e+003	
  4.4100000000000000e+003	 -1.5190532944901142e+002	  1.5332333081052673e+003	
  4.4400000000000000e+003	 -1.5284530629531417e+002	  1.5342351619979277e+003	
  4.4700000000000000e+003	 -1.5200324743648443e+002	  1.5369735630420676e+003	
  4.5000000000000000e+003	 -1.5284530194884292e+002	  1.5374633577828135e+003	
  4.5300000000000000e+003	 -1.5349153637267571e+002	  1.5370403527690460e+003	
  4.5600000000000000e+003	 -1.5376572155587087e+002	  1.5357936025076538e+003	
  4.5900000000000000e+003	 -1.5380488815318802e+002	  1.5365282939693263e+003	
  4.6200000000000000e+003	 -1.5386364288175963e+002	  1.5363947126896537e+003	
  4.6500000000000000e+003	 -1.5372654465023638e+002	  1.5354819129058192e+003	
  4.6800000000000000e+003	 -1.5364822176391939e+002	  1.5354819129058192e+003	
  4.7100000000000000e+003	 -1.5292364509210813e+002	  1.5366396106785808e+003	
  4.7400000000000000e+003	 -1.5315865093861464e+002	  1.5357713390726872e+003	
  4.7700000000000000e+003	 -1.5311946985527737e+002	  1.5367286640494142e+003	
  4.8000000000000000e+003	 -1.5345237576526463e+002	  1.5358381292995514e+003	
  4.8300000000000000e+003	 -1.5345237719840040e+002	  1.5355932276190208e+003	
  4.8600000000000000e+003	 -1.5415737938147180e+002	  1.5352147496098164e+003	
  4.8900000000000000e+003	 -1.5384405773206464e+002	  1.5352370123052524e+003	
  4.9200000000000000e+003	 -1.5353070586472617e+002	  1.5345468489153932e+003	
  4.9500000000000000e+003	 -1.5325656527670563e+002	  1.5355709631440800e+003	
  4.9800000000000000e+003	 -1.5327615477262822e+002	  1.5352815425684541e+003	
  5.0100000000000000e+003	 -1.5564568859843604e+002	  1.5310960196239544e+003	
  5.0400000000000000e+003	 -1.5727107587315936e+002	  1.5269995495911974e+003	
  5.0700000000000000e+003	 -1.5703610094875199e+002	  1.5282017729431150e+003	
  5.1000000000000000e+003	 -1.5607651837603106e+002	  1.5303835896642311e+003	
  5.1300000000000000e+003	 -1.5652691982813650e+002	  1.5315412892519012e+003	
  5.1600000000000000e+003	 -1.5725149612390516e+002	  1.5308288583721253e+003	
  5.1900000000000000e+003	 -1.5648777442161790e+002	  1.5304726417662100e+003	
  5.2200000000000000e+003	 -1.5588068776735548e+002	  1.5314967627696719e+003	
  5.2500000000000000e+003	 -1.5505820762811112e+002	  1.5319197664970027e+003	
  5.2800000000000000e+003	 -1.5503862300755753e+002	  1.5322091931470050e+003	
  5.3100000000000000e+003	 -1.5513653272485703e+002	  1.5323427715327323e+003	
  5.3400000000000000e+003	 -1.5539111703777786e+002	  1.5322759830049538e+003	
  5.3700000000000000e+003	 -1.5507778846673699e+002	  1.5317861861290944e+003	
  5.4000000000000000e+003	 -1.5505820609497158e+002	  1.5316526087393249e+003	
  5.4300000000000000e+003	 -1.5499945897967547e+002	  1.5320978736934862e+003	
  5.4600000000000000e+003	 -1.5568485660755726e+002	  1.5318975034677781e+003	
  5.4900000000000000e+003	 -1.5541069584423869e+002	  1.5312741263190414e+003	
  5.5200000000000000e+003	 -1.5544987302436533e+002	  1.5294707877721746e+003	
  5.5500000000000000e+003	 -1.5546945835322782e+002	  1.5296711614113069e+003	
  5.5800000000000000e+003	 -1.5513653711517264e+002	  1.5305616960652942e+003	
  5.6100000000000000e+003	 -1.5507778846673699e+002	  1.5321424028801473e+003	
  5.6400000000000000e+003	 -1.5576318783221774e+002	  1.5306062227463631e+003	
  5.6700000000000000e+003	 -1.5556735238553213e+002	  1.5308733847950903e+003	
  5.7000000000000000e+003	 -1.5531279612070580e+002	  1.5310960196313856e+003	
  5.7300000000000000e+003	 -1.5531279612070580e+002	  1.5309847015624860e+003	
  5.7600000000000000e+003	 -1.5499945897967547e+002	  1.5307843316467599e+003	
  5.7900000000000000e+003	 -1.5511695688590464e+002	  1.5314077083532093e+003	
  5.8200000000000000e+003	 -1.5599816901627008e+002	  1.5318975034677781e+003	
  5.8500000000000000e+003	 -1.5725149612390516e+002	  1.5311850737162545e+003	
  5.8800000000000000e+003	 -1.5740817606216069e+002	  1.5307843316467599e+003	
  5.9100000000000000e+003	 -1.5774108629143851e+002	  1.5309624385482211e+003	
  5.9400000000000000e+003	 -1.5768235464427664e+002	  1.5318752400000412e+003	
  5.9700000000000000e+003	 -1.5613525883855669e+002	  1.5317639234021813e+003	
  6.0000000000000000e+003	 -1.5570444193641976e+002	  1.5312295989743188e+003	
  6.0300000000000000e+003	 -1.5605691431228320e+002	  1.5316303451352094e+003	
  6.0600000000000000e+003	 -1.5613525883855669e+002	  1.5321201374633827e+003	
  6.0900000000000000e+003	 -1.5676193569182493e+002	  1.5339457361559676e+003	
  6.1200000000000000e+003	 -1.5576318650817112e+002	  1.5333223599802193e+003	
  6.1500000000000000e+003	 -1.5682067881689358e+002	  1.5332555686751475e+003	
  6.1800000000000000e+003	 -1.5572402511281260e+002	  1.5339902650529843e+003	
  6.2100000000000000e+003	 -1.5597861325712259e+002	  1.5334114131517715e+003	
  6.2400000000000000e+003	 -1.5484279284362938e+002	  1.5326989841357754e+003	
  6.2700000000000000e+003	 -1.5544987302436533e+002	  1.5325431395337691e+003	
  6.3000000000000000e+003	 -1.5597858582836309e+002	  1.5324986132944966e+003	
  6.3300000000000000e+003	 -1.5586110021086125e+002	  1.5324540867531271e+003	
  6.3600000000000000e+003	 -1.5580235786444069e+002	  1.5325654027289297e+003	
  6.3900000000000000e+003	 -1.5576318650817112e+002	  1.5326099307509387e+003	
  6.4200000000000000e+003	 -1.5576318783221774e+002	  1.5322537199608748e+003	
  6.4500000000000000e+003	 -1.5603733904849304e+002	  1.5325431395337691e+003	
  6.4800000000000000e+003	 -1.5501904063714682e+002	  1.5324318237090481e+003	
  6.5100000000000000e+003	 -1.5464695417530351e+002	  1.5324318237090481e+003	
  6.5400000000000000e+003	 -1.5503862300755753e+002	  1.5325431395337691e+003	
  6.5700000000000000e+003	 -1.5548903715968868e+002	  1.5329661479141382e+003	
  6.6000000000000000e+003	 -1.5642901009068419e+002	  1.5332333056013556e+003	
  6.6300000000000000e+003	 -1.5742776447877492e+002	  1.5330106741829291e+003	
  6.6600000000000000e+003	 -1.5764318989584393e+002	  1.5327880428389747e+003	
  6.6900000000000000e+003	 -1.5748650394799347e+002	  1.5324095611181808e+003	
  6.7200000000000000e+003	 -1.5664441600574668e+002	  1.5327880428389747e+003	
  6.7500000000000000e+003	 -1.5664441600574668e+002	  1.5324540867531271e+003	
  6.7800000000000000e+003	 -1.5640943966617095e+002	  1.5326767194599756e+003	
  6.8100000000000000e+003	 -1.5550862106111879e+002	  1.5325431395337691e+003	
  6.8400000000000000e+003	 -1.5611568812314914e+002	  1.5328103030691232e+003	
  6.8700000000000000e+003	 -1.5497987527845481e+002	  1.5332110432677450e+003	
  6.9000000000000000e+003	 -1.5633108938664736e+002	  1.5335449982540606e+003	
  6.9300000000000000e+003	 -1.5752567433606586e+002	  1.5337898958830103e+003	
  6.9600000000000000e+003	 -1.5640942375598581e+002	  1.5326321932205717e+003	
  6.9900000000000000e+003	 -1.5519528515192613e+002	  1.5322314570679105e+003	
  7.0200000000000000e+003	 -1.5415739570137464e+002	  1.5324763496758203e+003	
  7.0500000000000000e+003	 -1.5568485660755726e+002	  1.5332110432677450e+003	
  7.0800000000000000e+003	 -1.5635069558127702e+002	  1.5330997299832288e+003	
  7.1100000000000000e+003	 -1.5701651163109244e+002	  1.5341683708292007e+003	
  7.1400000000000000e+003	 -1.5494070828749051e+002	  1.5338789491574744e+003	
  7.1700000000000000e+003	 -1.5304112669451519e+002	  1.5327435104045665e+003	
  7.2000000000000000e+003	 -1.5370697506601030e+002	  1.5330774661840710e+003	
  7.2300000000000000e+003	 -1.5388321856553981e+002	  1.5329438829363728e+003	
  7.2600000000000000e+003	 -1.5278656675355683e+002	  1.5320756091976668e+003	
  7.2900000000000000e+003	 -1.5292362873332971e+002	  1.5318752400000412e+003	
  7.3200000000000000e+003	 -1.5376572155587087e+002	  1.5323650331252818e+003	
  7.3500000000000000e+003	 -1.5415737938147180e+002	  1.5324540867531271e+003	
  7.3800000000000000e+003	 -1.5503861595074798e+002	  1.5325431395337691e+003	
  7.4100000000000000e+003	 -1.5560652599013670e+002	  1.5326767194599756e+003	
  7.4400000000000000e+003	 -1.5640942253418993e+002	  1.5332778316128376e+003	
  7.4700000000000000e+003	 -1.5701651003372726e+002	  1.5339680024023785e+003	
  7.5000000000000000e+003	 -1.5668358480018554e+002	  1.5342128985631884e+003	
  7.5300000000000000e+003	 -1.5533236500194153e+002	  1.5341238437946204e+003	
  7.5600000000000000e+003	 -1.5638984005846123e+002	  1.5342351622553304e+003	
  7.5900000000000000e+003	 -1.5564568799125252e+002	  1.5339012091360401e+003	
  7.6200000000000000e+003	 -1.5623319403146516e+002	  1.5338566828079668e+003	
  7.6500000000000000e+003	 -1.5544986293357584e+002	  1.5342128985631884e+003	
  7.6800000000000000e+003	 -1.5509737176343447e+002	  1.5336340520733934e+003	
  7.7100000000000000e+003	 -1.5644858535447435e+002	  1.5333446209703147e+003	
  7.7400000000000000e+003	 -1.5623319487380672e+002	  1.5326989841357754e+003	
  7.7700000000000000e+003	 -1.5729068241756073e+002	  1.5328325646954977e+003	
  7.8000000000000000e+003	 -1.5601778480617662e+002	  1.5326544561137664e+003	
  7.8300000000000000e+003	 -1.5678152154550531e+002	  1.5341683716314724e+003	
  7.8600000000000000e+003	 -1.5709484921543009e+002	  1.5349698561727419e+003	
  7.8900000000000000e+003	 -1.5752567433606586e+002	  1.5354151227380539e+003	
  7.9200000000000000e+003	 -1.5744734222087467e+002	  1.5357713369631633e+003	
  7.9500000000000000e+003	 -1.5701651003372726e+002	  1.5354819129058192e+003	
  7.9800000000000000e+003	 -1.5711440758019188e+002	  1.5351702223177490e+003	
  8.0100000000000000e+003	 -1.5750609236460770e+002	  1.5347026951349333e+003	
  8.0400000000000000e+003	 -1.5762360933204172e+002	  1.5345913746844653e+003	
  8.0700000000000000e+003	 -1.5725148885818334e+002	  1.5338344225128524e+003	
  8.1000000000000000e+003	 -1.5723190547380321e+002	  1.5340793168629043e+003	
  8.1300000000000000e+003	 -1.5729066066858508e+002	  1.5339234731152760e+003	
  8.1600000000000000e+003	 -1.5723190547380321e+002	  1.5337231038237471e+003	
  8.1900000000000000e+003	 -1.5705567457840721e+002	  1.5335004675306350e+003	
  8.2200000000000000e+003	 -1.5770193310818235e+002	  1.5343687419317871e+003	
  8.2500000000000000e+003	 -1.5543027974566880e+002	  1.5326544570197298e+003	
  8.2800000000000000e+003	 -1.5527363056257528e+002	  1.5330774661840710e+003	
  8.3100000000000000e+003	 -1.5535195147964731e+002	  1.5333223578965230e+003	
  8.3400000000000000e+003	 -1.5531279612070580e+002	  1.5332778324889596e+003	
  8.3700000000000000e+003	 -1.5497987660791006e+002	  1.5330106741829291e+003	
  8.4000000000000000e+003	 -1.5474487094941259e+002	  1.5328325691077655e+003	
  8.4300000000000000e+003	 -1.5421612833897112e+002	  1.5321424013842884e+003	
  8.4600000000000000e+003	 -1.5460777856469628e+002	  1.5323650345768112e+003	
  8.4900000000000000e+003	 -1.5449029273736474e+002	  1.5322537199608748e+003	
  8.5200000000000000e+003	 -1.5415737938147180e+002	  1.5317639234021813e+003	
  8.5500000000000000e+003	 -1.5462737334328352e+002	  1.5322537179197413e+003	
  8.5800000000000000e+003	 -1.5494070971607508e+002	  1.5321201374633827e+003	
  8.6100000000000000e+003	 -1.5488196117083967e+002	  1.5320088186139005e+003	
  8.6400000000000000e+003	 -1.5497987660791006e+002	  1.5317193986891784e+003	
  8.6700000000000000e+003	 -1.5560652385592917e+002	  1.5321424028801473e+003	
  8.7000000000000000e+003	 -1.5599816901627008e+002	  1.5321424013842884e+003	
  8.7300000000000000e+003	 -1.5615484497012505e+002	  1.5314299716550929e+003	
  8.7600000000000000e+003	 -1.5578277030794644e+002	  1.5318752400000412e+003	
  8.7900000000000000e+003	 -1.5586110021086125e+002	  1.5320310823837970e+003	
  8.8200000000000000e+003	 -1.5529321079184328e+002	  1.5314522356979319e+003	
  8.8500000000000000e+003	 -1.5727109388036337e+002	  1.5329438832383385e+003	
  8.8800000000000000e+003	 -1.5997355347029119e+002	  1.5355041780572210e+003	
  8.9100000000000000e+003	 -1.5813272428689757e+002	  1.5347026951349333e+003	
  8.9400000000000000e+003	 -1.5564569620167308e+002	  1.5329438813744246e+003	
  8.9700000000000000e+003	 -1.5511695688590464e+002	  1.5324763499482876e+003	
  9.0000000000000000e+003	 -1.5799565454513811e+002	  1.5338121580623622e+003	
  9.0300000000000000e+003	 -1.5934690023327630e+002	  1.5353260683968676e+003	
  9.0600000000000000e+003	 -1.5398113580392737e+002	  1.5318975040950793e+003	
  9.0900000000000000e+003	 -1.5805441669601942e+002	  1.5352592793874651e+003	
  9.1200000000000000e+003	 -1.5952314144709786e+002	  1.5362166069992031e+003	
  9.1500000000000000e+003	 -1.5917065379773729e+002	  1.5359717107042636e+003	
  9.1800000000000000e+003	 -1.5858315744983784e+002	  1.5348808025964959e+003	
  9.2100000000000000e+003	 -1.5717317548722878e+002	  1.5335004675306350e+003	
  9.2400000000000000e+003	 -1.5717317548722878e+002	  1.5334559400393755e+003	
  9.2700000000000000e+003	 -1.6001272715016631e+002	  1.5348807995363827e+003	
  9.3000000000000000e+003	 -1.5774110507622211e+002	  1.5338121585336162e+003	
  9.3300000000000000e+003	 -1.5544987302436533e+002	  1.5317639254882995e+003	
  9.3600000000000000e+003	 -1.5556735238553213e+002	  1.5309847018353037e+003	
  9.3900000000000000e+003	 -1.5578277030794644e+002	  1.5314967630572512e+003	
  9.4200000000000000e+003	 -1.5595903799333243e+002	  1.5316080810923704e+003	
  9.4500000000000000e+003	 -1.5588068776735548e+002	  1.5317861861290944e+003	
  9.4800000000000000e+003	 -1.5654650179862236e+002	  1.5331219881898337e+003	
  9.5100000000000000e+003	 -1.5619401509235544e+002	  1.5331887831545180e+003	
  9.5400000000000000e+003	 -1.5599819938869095e+002	  1.5326321932205717e+003	
  9.5700000000000000e+003	 -1.5597861325712259e+002	  1.5325654027289297e+003	
  9.6000000000000000e+003	 -1.5588068776735548e+002	  1.5326099307509387e+003	
  9.6300000000000000e+003	 -1.5662483342760177e+002	  1.5324095644409892e+003	
  9.6600000000000000e+003	 -1.5689901094264059e+002	  1.5321869293771083e+003	
  9.6900000000000000e+003	 -1.5562610856828161e+002	  1.5310737556915574e+003	
  9.7200000000000000e+003	 -1.4270124222819817e+002	  1.5357268112737058e+003	
  9.7500000000000000e+003	 -1.3768799163339881e+002	  1.5517119482740104e+003	
  9.7800000000000000e+003	 -1.4467917355027652e+002	  1.5659605372656745e+003	
  9.8100000000000000e+003	 -1.5995396935197755e+002	  1.5777824092719857e+003	
  9.8400000000000000e+003	 -1.7988957415462815e+002	  1.5903612437858314e+003	
  9.8700000000000000e+003	 -1.7205631578670832e+002	  1.6109771687034215e+003	
  9.9000000000000000e+003	 -1.6913845253114340e+002	  1.6138491517126745e+003	
  9.9300000000000000e+003	 -1.6259769514958509e+002	  1.6087953557804747e+003	
  9.9600000000000000e+003	 -1.4973159142698458e+002	  1.6176339318067396e+003	
  9.9900000000000000e+003	 -1.2809227306951954e+002	  1.6383166482230297e+003	
  1.0020000000000000e+004	 -1.0171386614016859e+002	  1.6425912254623247e+003	
  1.0050000000000000e+004	 -1.0794128729874357e+002	  1.6367136827646425e+003	
  1.0080000000000000e+004	 -1.1683200149896258e+002	  1.6447507768469211e+003	
  1.0110000000000000e+004	 -1.1228872146700546e+002	  1.6498936322791699e+003	
  1.0140000000000000e+004	 -1.1031666673310053e+002	  1.6683214936107859e+003	
  1.0170000000000000e+004	 -1.0768669320771183e+002	  1.6833444186606594e+003	
  1.0200000000000000e+004	 -1.0036261515866616e+002	  1.6575856390288002e+003	
  1.0230000000000000e+004	 -1.0442614062181360e+002	  1.6721681817226076e+003	
  1.0260000000000000e+004	 -1.0952752984099877e+002	  1.6810178904894310e+003	
  1.0290000000000000e+004	 -1.2466524374852422e+002	  1.7001755617274805e+003	
  1.0320000000000000e+004	 -1.3697322340886063e+002	  1.7106282383417922e+003	
  1.0350000000000000e+004	 -1.5336426975672475e+002	  1.7200679290664816e+003	
  1.0380000000000000e+004	 -1.7438672953092026e+002	  1.7257562291233257e+003	
  1.0410000000000000e+004	 -1.9772974310103092e+002	  1.7281272862439739e+003	
  1.0440000000000000e+004	 -2.0574901055801570e+002	  1.7205688534743117e+003	
  1.0470000000000000e+004	 -2.0907815007985960e+002	  1.7102274971647214e+003	
  1.0500000000000000e+004	 -2.1284789763121043e+002	  1.7104501286096606e+003	
  1.0530000000000000e+004	 -2.4516917434429328e+002	  1.7141027227549534e+003	
  1.0560000000000000e+004	 -2.1364101346955437e+002	  1.7004315904375114e+003	
  1.0590000000000000e+004	 -2.1395434077268050e+002	  1.6972367900666043e+003	
  1.0620000000000000e+004	 -2.1401309224142057e+002	  1.6963462540583314e+003	
  1.0650000000000000e+004	 -2.1475723755442195e+002	  1.6974928200302475e+003	
  1.0680000000000000e+004	 -2.1714638453726965e+002	  1.7003870667347051e+003	
  1.0710000000000000e+004	 -2.1506078318639024e+002	  1.7004761191154296e+003	
  1.0740000000000000e+004	 -2.1486495465730383e+002	  1.6994074752159856e+003	
  1.0770000000000000e+004	 -2.1749888113679100e+002	  1.7028471721914404e+003	
  1.0800000000000000e+004	 -2.1443413698751084e+002	  1.7003091395448475e+003	
  1.0830000000000000e+004	 -2.1026292034540037e+002	  1.6941087810856311e+003	
  1.0860000000000000e+004	 -2.0819691198585787e+002	  1.6926839233605303e+003	
  1.0890000000000000e+004	 -2.0934251773907914e+002	  1.6948879991790527e+003	
  1.0920000000000000e+004	 -2.1454181385951580e+002	  1.6969362347517795e+003	
  1.0950000000000000e+004	 -2.1461037051708271e+002	  1.6961570151924159e+003	
  1.0980000000000000e+004	 -2.1321995607231042e+002	  1.6938527509766616e+003	
  1.1010000000000000e+004	 -2.1415018059259228e+002	  1.6959343809749305e+003	
  1.1040000000000000e+004	 -2.1659804214112151e+002	  1.7008434648412790e+003	
  1.1070000000000000e+004	 -2.2091612196986466e+002	  1.7068434547277927e+003	
  1.1100000000000000e+004	 -2.2234569069377412e+002	  1.7072441987656869e+003	
  1.1130000000000000e+004	 -2.2088675684382810e+002	  1.7034928117702530e+003	
  1.1160000000000000e+004	 -2.1484537140372194e+002	  1.6940753823378104e+003	
  1.1190000000000000e+004	 -2.3634759774476561e+002	  1.6937303026129302e+003	
  1.1220000000000000e+004	 -2.3907943911323363e+002	  1.6919826247581871e+003	
  1.1250000000000000e+004	 -2.4352480513104825e+002	  1.6884316091958656e+003	
  1.1280000000000000e+004	 -2.4161544023660878e+002	  1.6789362581750054e+003	
  1.1310000000000000e+004	 -2.3909903104536170e+002	  1.6785689110445542e+003	
  1.1340000000000000e+004	 -2.3921652159829387e+002	  1.6761421988871957e+003	
  1.1370000000000000e+004	 -2.4093982703714772e+002	  1.6682386860271297e+003	
  1.1400000000000000e+004	 -2.4405354143313789e+002	  1.6383500455222486e+003	
  1.1430000000000000e+004	 -2.4868495492452834e+002	  1.6171997956023592e+003	
  1.1460000000000000e+004	 -2.5366885074026195e+002	  1.6038083471013133e+003	
  1.1490000000000000e+004	 -2.6901217515918898e+002	  1.5888250672957006e+003	
  1.1520000000000000e+004	 -2.8128099042158374e+002	  1.5726172981032255e+003	
  1.1550000000000000e+004	 -2.9478352500308193e+002	  1.5649141548455707e+003	
  1.1580000000000000e+004	 -3.1242789822387419e+002	  1.5633223225151989e+003	
  1.1610000000000000e+004	 -3.1860635673875834e+002	  1.5684206434530115e+003	
  1.1640000000000000e+004	 -3.1141936580062588e+002	  1.5678974527322598e+003	
  1.1670000000000000e+004	 -3.2743832899815845e+002	  1.5655375297249407e+003	
  1.1700000000000000e+004	 -3.5046803941522097e+002	  1.5584132374750066e+003	
  1.1730000000000000e+004	 -3.5509943766945452e+002	  1.5621980187443746e+003	
  1.1760000000000000e+004	 -3.7001195903929056e+002	  1.5535152868369300e+003	
  1.1790000000000000e+004	 -3.8400406928871661e+002	  1.5597379102669345e+003	
  1.1820000000000000e+004	 -4.0722961093885044e+002	  1.5624429152790169e+003	
  1.1850000000000000e+004	 -4.1909695125512906e+002	  1.5659160083348349e+003	
  1.1880000000000000e+004	 -4.3303032084603484e+002	  1.5638566388544707e+003	
  1.1910000000000000e+004	 -4.4403602150678699e+002	  1.5408473962435426e+003	
  1.1940000000000000e+004	 -4.4188189224189136e+002	  1.5159791588989417e+003	
  1.1970000000000000e+004	 -4.3329470098733162e+002	  1.5032110825211316e+003	
  1.2000000000000000e+004	 -4.2315066037915051e+002	  1.4966545068445562e+003	
  1.2030000000000000e+004	 -4.2323878204142238e+002	  1.4939495022695664e+003	
  1.2060000000000000e+004	 -4.1206663740539670e+002	  1.4848326278375685e+003	
  1.2090000000000000e+004	 -3.9004545123100007e+002	  1.4795895967679348e+003	
  1.2120000000000000e+004	 -3.6706469781992325e+002	  1.4739569555577659e+003	
  1.2150000000000000e+004	 -3.4462248553460682e+002	  1.4763502673723567e+003	
  1.2180000000000000e+004	 -3.3467428015127257e+002	  1.4855116699294472e+003	
  1.2210000000000000e+004	 -3.2410920555368659e+002	  1.4952073859839568e+003	
  1.2240000000000000e+004	 -3.1253559828497424e+002	  1.4974893900299460e+003	
  1.2270000000000000e+004	 -3.0907917730281679e+002	  1.4988585850447751e+003	
  1.2300000000000000e+004	 -3.1192851659562638e+002	  1.5082648797515978e+003	
  1.2330000000000000e+004	 -3.0630817851640137e+002	  1.5174040169531504e+003	
  1.2360000000000000e+004	 -2.9183626964949013e+002	  1.5271219989784627e+003	
  1.2390000000000000e+004	 -2.7917579332606937e+002	  1.5246284998499741e+003	
  1.2420000000000000e+004	 -2.5614609939236971e+002	  1.5155784123994163e+003	
  1.2450000000000000e+004	 -2.3674905432961060e+002	  1.5039903053413636e+003	
  1.2480000000000000e+004	 -2.1151624946704109e+002	  1.5084541195262843e+003	
  1.2510000000000000e+004	 -1.8871172809369145e+002	  1.5213001154863209e+003	
  1.2540000000000000e+004	 -1.6543724494124939e+002	  1.5251294204146714e+003	
  1.2570000000000000e+004	 -1.4126190640792473e+002	  1.5332889631571807e+003	
  1.2600000000000000e+004	 -1.1754676232244458e+002	  1.5179828661775384e+003	
  1.2630000000000000e+004	 -1.0770629021789020e+002	  1.5159902889410337e+003	
  1.2660000000000000e+004	 -1.0981145806971979e+002	  1.5183390796146803e+003	
  1.2690000000000000e+004	 -1.1094727331939676e+002	  1.5279680085925434e+003	
  1.2720000000000000e+004	 -1.1061435174274409e+002	  1.5284689366191267e+003	
  1.2750000000000000e+004	 -1.1089831624362625e+002	  1.5299383181489177e+003	
  1.2780000000000000e+004	 -1.0871480847994879e+002	  1.5280904585173666e+003	
  1.2810000000000000e+004	 -1.0816649194185459e+002	  1.5286804409928648e+003	
  1.2840000000000000e+004	 -1.0912604426122275e+002	  1.5287917552318445e+003	
  1.2870000000000000e+004	 -1.0955689941587238e+002	  1.5278566913880932e+003	
  1.2900000000000000e+004	 -1.1053603049782350e+002	  1.5289030725913631e+003	
  1.2930000000000000e+004	 -1.1005628315714223e+002	  1.5283464865691465e+003	
  1.2960000000000000e+004	 -1.0933168442196748e+002	  1.5286359141273319e+003	
  1.2990000000000000e+004	 -1.0819586584351234e+002	  1.5285802538753687e+003	
  1.3020000000000000e+004	 -1.0786293086448738e+002	  1.5294151278757492e+003	
  1.3050000000000000e+004	 -1.0823501457444411e+002	  1.5284689360522900e+003	
  1.3080000000000000e+004	 -1.1144664763713618e+002	  1.5323093762408491e+003	
  1.3110000000000000e+004	 -1.1045770833272945e+002	  1.5318529761914976e+003	
  1.3140000000000000e+004	 -1.0768666154795378e+002	  1.5251071612926571e+003	
  1.3170000000000000e+004	 -8.7956750222588738e+001	  1.5270218141348669e+003	
  1.3200000000000000e+004	 -6.8451934734599078e+001	  1.5328659585528881e+003	
  1.3230000000000000e+004	 -4.2318220752707298e+001	  1.5283130918161264e+003	
  1.3260000000000000e+004	 -1.9836772150270331e+001	  1.5254967671977281e+003	
  1.3290000000000000e+004	  8.8019419169140978e+000	  1.5210552148995662e+003	
  1.3320000000000000e+004	  1.5411987051789623e+001	  1.5187732154536131e+003	
  1.3350000000000000e+004	  3.4662525033844332e+001	  1.5171591188478315e+003	
  1.3380000000000000e+004	  5.4970249418925562e+001	  1.5144095864533040e+003	
  1.3410000000000000e+004	  6.6632042671359130e+001	  1.5186507668194665e+003	
  1.3440000000000000e+004	  8.1436817949375410e+001	  1.5323650376137412e+003	
  1.3470000000000000e+004	  8.3297197591058563e+001	  1.5484948820269854e+003	
  1.3500000000000000e+004	  7.8930187551951775e+001	  1.5743538439560057e+003	
  1.3530000000000000e+004	  7.0568227610038335e+001	  1.5942350778540497e+003	
  1.3560000000000000e+004	  6.0296830735354511e+001	  1.6190365294394494e+003	
  1.3590000000000000e+004	  5.9836569524275468e+001	  1.6320383655285009e+003	
  1.3620000000000000e+004	  5.9846398877080581e+001	  1.6291775181827932e+003	
  1.3650000000000000e+004	  5.6693506585154736e+001	  1.6353556132029516e+003	
  1.3680000000000000e+004	  6.9451983604048948e+001	  1.6146061110382229e+003	
  1.3710000000000000e+004	  6.9432368203075157e+001	  1.6128806907000655e+003	
  1.3740000000000000e+004	  6.7934325162671229e+001	  1.6113779127676719e+003	
  1.3770000000000000e+004	  6.3087475002158250e+001	  1.6308027453828977e+003	
  1.3800000000000000e+004	  5.8318982710331611e+001	  1.6268509878238674e+003	
  1.3830000000000000e+004	  5.8475700190721078e+001	  1.6267396717909746e+003	
  1.3860000000000000e+004	  5.8093763229634305e+001	  1.6279196315101290e+003	
  1.3890000000000000e+004	  5.8446316378592918e+001	  1.6274521033185247e+003	
  1.3920000000000000e+004	  5.8857484371341364e+001	  1.6267619350947114e+003	
  1.3950000000000000e+004	  5.9141476638451138e+001	  1.6266394853859370e+003	
  1.3980000000000000e+004	  5.9542901401417872e+001	  1.6261942190274044e+003	
  1.4010000000000000e+004	  5.9934578681025286e+001	  1.6252146267740193e+003	
  1.4040000000000000e+004	  5.9777852763052408e+001	  1.6257712127824004e+003	
  1.4070000000000000e+004	  6.0022655633297532e+001	  1.6253593416679983e+003	
  1.4100000000000000e+004	  5.9386236871278072e+001	  1.6277303942573355e+003	
  1.4130000000000000e+004	  5.9141476638451138e+001	  1.6289771480390791e+003	
  1.4160000000000000e+004	  6.0982255750362796e+001	  1.6240012726657205e+003	
  1.4190000000000000e+004	  6.0698325509942933e+001	  1.6252480217095015e+003	
  1.4220000000000000e+004	  5.9425395233420964e+001	  1.6270179637773201e+003	
  1.4250000000000000e+004	  5.8720427444676417e+001	  1.6270402269665285e+003	
  1.4280000000000000e+004	  5.7359363636069723e+001	  1.6273519130736936e+003	
  1.4310000000000000e+004	  5.9161091083719455e+001	  1.6273630477464708e+003	
  1.4340000000000000e+004	  6.0463286128418687e+001	  1.6277415262101981e+003	
  1.4370000000000000e+004	  5.9278589144972123e+001	  1.6266728804482450e+003	
  1.4400000000000000e+004	  5.7937122355137191e+001	  1.6252257581627694e+003	
  1.4430000000000000e+004	  5.6860061554513074e+001	  1.6242016382068537e+003	
  1.4460000000000000e+004	  5.4833189977410051e+001	  1.6236339234145344e+003	
  1.4490000000000000e+004	  5.3991114231558996e+001	  1.6236227915689446e+003	
  1.4520000000000000e+004	  5.4392481005605404e+001	  1.6245578565272585e+003	
  1.4550000000000000e+004	  5.6468301037339792e+001	  1.6261496924686207e+003	
  1.4580000000000000e+004	  5.6811112028895835e+001	  1.6278083165672631e+003	
  1.4610000000000000e+004	  5.6448737025231125e+001	  1.6276524707423364e+003	
  1.4640000000000000e+004	  5.5361938440411123e+001	  1.6273073864176013e+003	
  1.4670000000000000e+004	  5.6008180694817383e+001	  1.6263389275133804e+003	
  1.4700000000000000e+004	  5.5861313483728509e+001	  1.6264836412187228e+003	
  1.4730000000000000e+004	  5.5851528205533839e+001	  1.6263945873547154e+003	
  1.4760000000000000e+004	  5.7633576601630239e+001	  1.6282424516774122e+003	
  1.4790000000000000e+004	  5.8739978309979428e+001	  1.6279196315101290e+003	
  1.4820000000000000e+004	  6.0796267746349102e+001	  1.6290550693902996e+003	
  1.4850000000000000e+004	  6.1207447263824953e+001	  1.6292888334859463e+003	
  1.4880000000000000e+004	  6.0277327455572411e+001	  1.6287656411009018e+003	
  1.4910000000000000e+004	  5.8749805869290832e+001	  1.6273407813723779e+003	
  1.4940000000000000e+004	  5.7153757373457346e+001	  1.6264279826738884e+003	
  1.4970000000000000e+004	  5.6713167867429135e+001	  1.6257600828832933e+003	
  1.5000000000000000e+004	  5.6899181486125556e+001	  1.6255263168175152e+003	
  1.5030000000000000e+004	  5.7104806531109247e+001	  1.6244465399436874e+003	
  1.5060000000000000e+004	  5.7839210907601263e+001	  1.6260272407199623e+003	
  1.5090000000000000e+004	  5.9797407576538639e+001	  1.6243352230453579e+003	
  1.5120000000000000e+004	  6.0120594351300326e+001	  1.6236339234145344e+003	
  1.5150000000000000e+004	  6.0894126617934639e+001	  1.6239456095771488e+003	
  1.5180000000000000e+004	  6.1951624798029819e+001	  1.6250365196643211e+003	
  1.5210000000000000e+004	  6.2392252772399999e+001	  1.6257155560676940e+003	
  1.5240000000000000e+004	  6.1187877099225354e+001	  1.6246357788239507e+003	
  1.5270000000000000e+004	  5.9905112552201921e+001	  1.6246135158678969e+003	
  1.5300000000000000e+004	  6.0267470137777465e+001	  1.6257934764507322e+003	
  1.5330000000000000e+004	  5.8828123656298168e+001	  1.6265059043662018e+003	
  1.5360000000000000e+004	  5.7711913028027638e+001	  1.6261942190274044e+003	
  1.5390000000000000e+004	  5.6918759446306083e+001	  1.6258602666637057e+003	
  1.5420000000000000e+004	  5.7095015041068436e+001	  1.6255263168175152e+003	
  1.5450000000000000e+004	  5.6820897524143582e+001	  1.6253927326717587e+003	
  1.5480000000000000e+004	  5.6713167867429135e+001	  1.6256264993162656e+003	
  1.5510000000000000e+004	  5.6438941619011381e+001	  1.6254261274578828e+003	
  1.5540000000000000e+004	  5.5949398624658542e+001	  1.6248584099523257e+003	
  1.5570000000000000e+004	  5.5900446245347929e+001	  1.6246135158678969e+003	
  1.5600000000000000e+004	  5.6722962283575804e+001	  1.6253704690034269e+003	
  1.5630000000000000e+004	  5.7574820927601763e+001	  1.6265838269835353e+003	
  1.5660000000000000e+004	  6.0336000707892786e+001	  1.6277192627434001e+003	
  1.5690000000000000e+004	  6.0531873375505128e+001	  1.6276302071333344e+003	
  1.5720000000000000e+004	  5.8260233407680161e+001	  1.6263166639389526e+003	
  1.5750000000000000e+004	  5.4637364070222326e+001	  1.6237118474896120e+003	
  1.5780000000000000e+004	  5.5254220670693961e+001	  1.6237007149800788e+003	
  1.5810000000000000e+004	  5.5009401862096809e+001	  1.6236561864851419e+003	
  1.5840000000000000e+004	  5.6331242447224746e+001	  1.6244020134755192e+003	
  1.5870000000000000e+004	  5.5920031785303436e+001	  1.6241793742881130e+003	
  1.5900000000000000e+004	  5.5557776682953865e+001	  1.6234335546219829e+003	
  1.5930000000000000e+004	  5.5949420144362342e+001	  1.6233667640612000e+003	
  1.5960000000000000e+004	  5.5587130183457191e+001	  1.6235782648993807e+003	
  1.5990000000000000e+004	  5.7731500334700158e+001	  1.6247137007417828e+003	
  1.6020000000000000e+004	  5.8749793008897804e+001	  1.6329400349810796e+003	
  1.6050000000000000e+004	  5.9494001874818011e+001	  1.6333296430357575e+003	
  1.6080000000000000e+004	  6.9510668670076726e+001	  1.6091515699763711e+003	
  1.6110000000000000e+004	  8.1427031373368379e+001	  1.5899493703495477e+003	
  1.6140000000000000e+004	  7.6501841077503897e+001	  1.5957712539074050e+003	
  1.6170000000000000e+004	  6.0678679228359229e+001	  1.6170439509222520e+003	
  1.6200000000000000e+004	  4.2740647918568172e+001	  1.6468880666861037e+003	
  1.6230000000000000e+004	  1.2288442417067932e+001	  1.6408658091672855e+003	
  1.6260000000000000e+004	 -9.7021077863541940e+000	  1.6179122235653399e+003	
  1.6290000000000000e+004	 -1.5694923920382518e+001	  1.6138491493226329e+003	
  1.6320000000000000e+004	 -1.3873458812107504e+001	  1.6141051800498417e+003	
  1.6350000000000000e+004	 -1.3540696133228488e+001	  1.6137934903791379e+003	
  1.6380000000000000e+004	 -1.2933434320242167e+001	  1.6139270733371354e+003	
  1.6410000000000000e+004	 -1.4343493964317400e+001	  1.6135931218505252e+003	
  1.6440000000000000e+004	 -1.4480822484843134e+001	  1.6129252173126149e+003	
  1.6470000000000000e+004	 -1.3384061878696183e+001	  1.6133036983795591e+003	
  1.6500000000000000e+004	 -1.3716793304011309e+001	  1.6187359719450180e+003	
  1.6530000000000000e+004	 -1.9131822964017186e+001	  1.6107990641486858e+003	
  1.6560000000000000e+004	 -2.8287069034109159e+001	  1.6036302398680789e+003	
  1.6590000000000000e+004	 -3.1145979578707284e+001	  1.6009586294020796e+003	
  1.6620000000000000e+004	 -4.0173889755055448e+001	  1.5922647632086309e+003	
  1.6650000000000000e+004	 -5.6036287731822071e+001	  1.5749660878434711e+003	
  1.6680000000000000e+004	 -7.6314604710529991e+001	  1.5574670430249193e+003	
  1.6710000000000000e+004	 -8.1964265575335958e+001	  1.5542054497555489e+003	
  1.6740000000000000e+004	 -9.1266269966452711e+001	  1.5610069232485225e+003	
  1.6770000000000000e+004	 -9.5721444738115764e+001	  1.5635449565937854e+003	
  1.6800000000000000e+004	 -1.0339800493627254e+002	  1.5631442106521561e+003	
  1.6830000000000000e+004	 -1.0376031006743287e+002	  1.5622982036114568e+003	
  1.6860000000000000e+004	 -1.0445549903886743e+002	  1.5714262029573367e+003	
  1.6890000000000000e+004	 -1.0297696814276495e+002	  1.5776154361930830e+003	
  1.6920000000000000e+004	 -1.0308468147890298e+002	  1.5777601446994654e+003	
  1.6950000000000000e+004	 -1.0309447301245530e+002	  1.5775486476028152e+003	
  1.6980000000000000e+004	 -1.0376031006743287e+002	  1.5775486476028152e+003	
  1.7010000000000000e+004	 -1.0674672357605728e+002	  1.5759679435361222e+003	
  1.7040000000000000e+004	 -1.2141444163561755e+002	  1.5667174900595669e+003	
  1.7070000000000000e+004	 -1.5167033694722628e+002	  1.5769920617913074e+003	
  1.7100000000000000e+004	 -1.7211508595150389e+002	  1.5915078099041264e+003	
  1.7130000000000000e+004	 -1.6209831184719536e+002	  1.6061571403721234e+003	
  1.7160000000000000e+004	 -1.4484560658372280e+002	  1.6252591542187386e+003	
  1.7190000000000000e+004	 -1.1323849249293498e+002	  1.6484687698678972e+003	
  1.7220000000000000e+004	 -1.1439391467083347e+002	  1.6873295699410487e+003	
  1.7250000000000000e+004	 -1.1874136573358562e+002	  1.7176078207311093e+003	
  1.7280000000000000e+004	 -9.0336074659778589e+001	  1.7463721604594298e+003	
  1.7310000000000000e+004	 -8.4157644696762844e+001	  1.7507469214183991e+003	
  1.7340000000000000e+004	 -8.4989870474542926e+001	  1.7516597218569525e+003	
  1.7370000000000000e+004	 -8.9728969236853885e+001	  1.7490549015719157e+003	
  1.7400000000000000e+004	 -8.2434289342083986e+001	  1.7448693780163030e+003	
  1.7430000000000000e+004	 -7.8723332484994316e+001	  1.7393146539942222e+003	
  1.7460000000000000e+004	 -1.0190968092850952e+002	  1.7379788516641006e+003	
  1.7490000000000000e+004	 -1.2303004820082631e+002	  1.7143239659962296e+003	
  1.7520000000000000e+004	 -1.1458974321920763e+002	  1.6890104566929076e+003	
  1.7550000000000000e+004	 -1.1017373283578054e+002	  1.6607025187638756e+003	
  1.7580000000000000e+004	 -1.2052341296061095e+002	  1.6387619189016739e+003	
  1.7610000000000000e+004	 -1.2621231234223539e+002	  1.6288546953984958e+003	
  1.7640000000000000e+004	 -1.4258377734412895e+002	  1.6145727137381512e+003	
  1.7670000000000000e+004	 -1.6539807197933652e+002	  1.5946580824428329e+003	
  1.7700000000000000e+004	 -1.5497988863431630e+002	  1.5802647831423387e+003	
  1.7730000000000000e+004	 -1.2602626002376260e+002	  1.5671961570354993e+003	
  1.7760000000000000e+004	 -1.1024226815850224e+002	  1.5763686835580606e+003	
  1.7790000000000000e+004	 -1.0307488045434482e+002	  1.5754447520723868e+003	
  1.7820000000000000e+004	 -1.0419112825139742e+002	  1.5774150671156769e+003	
  1.7850000000000000e+004	 -1.0483737506074965e+002	  1.5795412220214398e+003	
  1.7880000000000000e+004	 -1.0461217019619168e+002	  1.5786284202268257e+003	
  1.7910000000000000e+004	 -1.0468071042487679e+002	  1.5782165481887546e+003	
  1.7940000000000000e+004	 -1.0476883217674181e+002	  1.5796080105194719e+003	
  1.7970000000000000e+004	 -1.0427924354094061e+002	  1.5788065325277514e+003	
  1.8000000000000000e+004	 -1.0348614368121234e+002	  1.5790514237840625e+003	
  1.8030000000000000e+004	 -1.0310426400874628e+002	  1.5783946553119611e+003	
  1.8060000000000000e+004	 -1.0283007245624958e+002	  1.5780384405073250e+003	
  1.8090000000000000e+004	 -1.0321197256215279e+002	  1.5794410365997312e+003	
  1.8120000000000000e+004	 -1.0330009152877179e+002	  1.5787731367704873e+003	
  1.8150000000000000e+004	 -1.0309447301245530e+002	  1.5767360304357060e+003	
  1.8180000000000000e+004	 -1.0347635429169468e+002	  1.5761571817797860e+003	
  1.8210000000000000e+004	 -1.0438695024007754e+002	  1.5751664589903291e+003	
  1.8240000000000000e+004	 -1.0305529835692127e+002	  1.5784391815439260e+003	
  1.8270000000000000e+004	 -1.0232092690103227e+002	  1.5799419633117209e+003	
  1.8300000000000000e+004	 -1.0291821084723885e+002	  1.5781052311339704e+003	
  1.8330000000000000e+004	 -1.0194882029484353e+002	  1.5801089409475262e+003	
  1.8360000000000000e+004	 -1.0373093752870011e+002	  1.5791404842918707e+003	
  1.8390000000000000e+004	 -1.0447507332091411e+002	  1.5784614444074086e+003	
  1.8420000000000000e+004	 -1.0326093158887049e+002	  1.5793519824305040e+003	
  1.8450000000000000e+004	 -1.0305530363932458e+002	  1.5796080128764056e+003	
  1.8480000000000000e+004	 -1.0296717498821059e+002	  1.5802647828736744e+003	
  1.8510000000000000e+004	 -1.0414217907070770e+002	  1.5791961428684863e+003	
  1.8540000000000000e+004	 -1.0444569941704694e+002	  1.5782833381642383e+003	
  1.8570000000000000e+004	 -1.0366234791189038e+002	  1.5790180304687390e+003	
  1.8600000000000000e+004	 -1.0418133013343989e+002	  1.5813222934719613e+003	
  1.8630000000000000e+004	 -1.0478841566825197e+002	  1.5803204399141812e+003	
  1.8660000000000000e+004	 -1.0461216542556690e+002	  1.5798083813218368e+003	
  1.8690000000000000e+004	 -1.0235033609811231e+002	  1.5811219236527390e+003	
  1.8720000000000000e+004	 -1.0274196875489397e+002	  1.5792295379215161e+003	
  1.8750000000000000e+004	 -1.0121448160033695e+002	  1.5790514307767930e+003	
  1.8780000000000000e+004	 -1.0248741705105340e+002	  1.5779382572056638e+003	
  1.8810000000000000e+004	 -1.0233071350884667e+002	  1.5788733165823096e+003	
  1.8840000000000000e+004	 -1.0388760684170450e+002	  1.5799085679516927e+003	
  1.8870000000000000e+004	 -1.0187052657634165e+002	  1.5778937292457081e+003	
  1.8900000000000000e+004	 -1.0236992282311795e+002	  1.5794410348198289e+003	
  1.8930000000000000e+004	 -1.0171387772565043e+002	  1.5787063466627365e+003	
  1.8960000000000000e+004	 -1.0327071578104491e+002	  1.5787397416727858e+003	
  1.8990000000000000e+004	 -1.0304550949858583e+002	  1.5783167334173638e+003	
  1.9020000000000000e+004	 -1.0199779474724861e+002	  1.5796525374415282e+003	
  1.9050000000000000e+004	 -1.0409322004399000e+002	  1.5785504973180969e+003	
  1.9080000000000000e+004	 -1.0295738568805996e+002	  1.5777490133741594e+003	
  1.9110000000000000e+004	 -1.0307488940655699e+002	  1.5795746172300328e+003	
  1.9140000000000000e+004	 -1.0224258925109990e+002	  1.5799308307263725e+003	
  1.9170000000000000e+004	 -1.0254615442769175e+002	  1.5799419633117209e+003	
  1.9200000000000000e+004	 -1.0286925217395753e+002	  1.5796748026517416e+003	
  1.9230000000000000e+004	 -1.0241888010965314e+002	  1.5793965094453674e+003	
  1.9260000000000000e+004	 -1.0280071978349697e+002	  1.5801979941088177e+003	
  1.9290000000000000e+004	 -1.0249720796558643e+002	  1.5791627425569807e+003	
  1.9320000000000000e+004	 -1.0234054634871002e+002	  1.5816117174528042e+003	
  1.9350000000000000e+004	 -1.0334903839249867e+002	  1.5799642290525003e+003	
  1.9380000000000000e+004	 -1.0486670252824415e+002	  1.5803760984818205e+003	
  1.9410000000000000e+004	 -1.0527798298288390e+002	  1.5786840832124240e+003	
  1.9440000000000000e+004	 -1.0535631032188084e+002	  1.5791738752287511e+003	
  1.9470000000000000e+004	 -1.0307488753029615e+002	  1.5810217399502767e+003	
  1.9500000000000000e+004	 -1.0068574578421692e+002	  1.5800755457855125e+003	
  1.9530000000000000e+004	 -1.0126346606896819e+002	  1.5772592210525170e+003	
  1.9560000000000000e+004	 -1.0273215478366001e+002	  1.5769252664870626e+003	
  1.9590000000000000e+004	 -1.0303572450243539e+002	  1.5777044865164712e+003	
  1.9620000000000000e+004	 -1.0273217722134169e+002	  1.5783501275851556e+003	
  1.9650000000000000e+004	 -1.0185092048212067e+002	  1.5761683128917234e+003	
  1.9680000000000000e+004	 -1.0245804501377475e+002	  1.5778603332521047e+003	
  1.9710000000000000e+004	 -9.9833893490722033e+001	  1.5787286098340696e+003	
  1.9740000000000000e+004	 -1.0217405034197036e+002	  1.5761905768147039e+003	
  1.9770000000000000e+004	 -1.0207616237446697e+002	  1.5759234134940625e+003	
  1.9800000000000000e+004	 -1.0219363196456469e+002	  1.5767137677785838e+003	
  1.9830000000000000e+004	 -1.0136132706746564e+002	  1.5757119141628045e+003	
  1.9860000000000000e+004	 -1.0270279540329302e+002	  1.5771924310521865e+003	
  1.9890000000000000e+004	 -1.0406381188127291e+002	  1.5772480897272112e+003	
  1.9920000000000000e+004	 -1.0294759585132138e+002	  1.5765133986970288e+003	
  1.9950000000000000e+004	 -1.0369177246595459e+002	  1.5767026351161944e+003	
  1.9980000000000000e+004	 -1.0200758790180296e+002	  1.5753445685534668e+003	
  2.0010000000000000e+004	 -1.0283988104782188e+002	  1.5765690544284416e+003	
  2.0040000000000000e+004	 -1.0275174265683260e+002	  1.5803427059736018e+003	
  2.0070000000000000e+004	 -1.0519963885752342e+002	  1.5790068987766713e+003	
  2.0100000000000000e+004	 -1.0417155069307280e+002	  1.5795968789007416e+003	
  2.0130000000000000e+004	 -1.0321197321802769e+002	  1.5769363985244606e+003	
  2.0160000000000000e+004	 -1.0462196466591897e+002	  1.5822016988482790e+003	
  2.0190000000000000e+004	 -1.0375052120909746e+002	  1.5801534674442094e+003	
  2.0220000000000000e+004	 -1.0302593412757133e+002	  1.5780495724947118e+003	
  2.0250000000000000e+004	 -1.0242866994639171e+002	  1.5775263809425935e+003	
  2.0280000000000000e+004	 -1.0247762861967306e+002	  1.5774818571838259e+003	
  2.0310000000000000e+004	 -1.0408339677139789e+002	  1.5786395510905593e+003	
  2.0340000000000000e+004	 -1.0379947757853759e+002	  1.5802536529306249e+003	
  2.0370000000000000e+004	 -1.0380927633131080e+002	  1.5809660811951712e+003	
  2.0400000000000000e+004	 -1.0476883077812700e+002	  1.5803983645502174e+003	
  2.0430000000000000e+004	 -1.0370151754909041e+002	  1.5783723918330472e+003	
  2.0460000000000000e+004	 -1.0171382678809968e+002	  1.5762351036008024e+003	
  2.0490000000000000e+004	 -1.0148867067027527e+002	  1.5761015229774926e+003	
  2.0520000000000000e+004	 -1.0107742539203362e+002	  1.5757787039907894e+003	
  2.0550000000000000e+004	 -1.0075429848709625e+002	  1.5751553261529364e+003	
  2.0580000000000000e+004	 -1.0119487526480114e+002	  1.5769586639887573e+003	
  2.0610000000000000e+004	 -1.0103823650107176e+002	  1.5750440090624188e+003	
  2.0640000000000000e+004	 -1.0358403704520686e+002	  1.5680087697867727e+003	
  2.0670000000000000e+004	 -1.0150825426705815e+002	  1.5621646196407937e+003	
  2.0700000000000000e+004	 -1.0324132661335163e+002	  1.5516006287634309e+003	
  2.0730000000000000e+004	 -1.0663897474137767e+002	  1.5406358956972113e+003	
  2.0760000000000000e+004	 -1.0387781301152138e+002	  1.5291479710832070e+003	
  2.0790000000000000e+004	 -1.0432822017126220e+002	  1.5237268258099477e+003	
  2.0820000000000000e+004	 -1.0736357402143503e+002	  1.5189290594834008e+003	
  2.0850000000000000e+004	 -1.0304550949858583e+002	  1.5110366783570139e+003	
  2.0880000000000000e+004	 -1.0195863432096232e+002	  1.4946174074238304e+003	
  2.0910000000000000e+004	 -1.0280069623767324e+002	  1.4819383890539439e+003	
  2.0940000000000000e+004	 -1.0242866994639171e+002	  1.4780088949940473e+003	
  2.0970000000000000e+004	 -1.0263426295833888e+002	  1.4707398880001631e+003	
  2.1000000000000000e+004	 -1.0421070541431600e+002	  1.4625469507118810e+003	
  2.1030000000000000e+004	 -1.0323155491103273e+002	  1.4555005749996428e+003	
  2.1060000000000000e+004	 -1.0280071978349697e+002	  1.4480423320635996e+003	
  2.1090000000000000e+004	 -1.0357422410136451e+002	  1.4355748155938570e+003	
  2.1120000000000000e+004	 -1.0292800184352987e+002	  1.4119533312440926e+003	
  2.1150000000000000e+004	 -1.0082284146877913e+002	  1.3905693157361302e+003	
  2.1180000000000000e+004	 -1.0337843965908385e+002	  1.3765210917227710e+003	
  2.1210000000000000e+004	 -1.0277136042981924e+002	  1.3675378052546769e+003	
  2.1240000000000000e+004	 -1.0612005127257289e+002	  1.3348662359725386e+003	
  2.1270000000000000e+004	 -1.2388193380477824e+002	  1.3334747719775341e+003	
  2.1300000000000000e+004	 -1.2722085278306311e+002	  1.3313486141855237e+003	
  2.1330000000000000e+004	 -1.2929662645311709e+002	  1.3268291395892163e+003	
  2.1360000000000000e+004	 -1.2430295414556512e+002	  1.3031519905925632e+003	
  2.1390000000000000e+004	 -1.3492680374311198e+002	  1.3001241722197992e+003	
  2.1420000000000000e+004	 -1.2904205857860842e+002	  1.2609962046800078e+003	
  2.1450000000000000e+004	 -1.3718863462843191e+002	  1.2578125410279431e+003	
  2.1480000000000000e+004	 -1.4090940913523417e+002	  1.2682540836291716e+003	
  2.1510000000000000e+004	 -1.3853983846319338e+002	  1.2656270031993122e+003	
  2.1540000000000000e+004	 -1.4466935868286595e+002	  1.2742763351790104e+003	
  2.1570000000000000e+004	 -1.4135985395962419e+002	  1.2648923038094520e+003	
  2.1600000000000000e+004	 -1.3485823643064228e+002	  1.2816121348535182e+003	
  2.1630000000000000e+004	 -1.3893152518895400e+002	  1.3057568120752396e+003	
  2.1660000000000000e+004	 -1.4053732839165383e+002	  1.3343653092442783e+003	
  2.1690000000000000e+004	 -1.3476030368731156e+002	  1.3500164930675533e+003	
  2.1720000000000000e+004	 -1.2779854215307951e+002	  1.3397419281166933e+003	
  2.1750000000000000e+004	 -1.3046181826099419e+002	  1.3397641861012867e+003	
  2.1780000000000000e+004	 -1.3144098201706854e+002	  1.3345322838752033e+003	
  2.1810000000000000e+004	 -1.3118640130871339e+002	  1.3344209667670680e+003	
  2.1840000000000000e+004	 -1.3118640130871339e+002	  1.3344209667670680e+003	
  2.1870000000000000e+004	 -1.3118640130871339e+002	  1.3344209667670680e+003	
  2.1900000000000000e+004	 -1.3118640130871339e+002	  1.3344209667670680e+003	
  2.1930000000000000e+004	 -1.3118640130871339e+002	  1.3344209667670680e+003	
  2.1960000000000000e+004	 -1.3118640130871339e+002	  1.3344209667670680e+003	
  2.1990000000000000e+004	 -1.3118640130871339e+002	  1.3344209667670680e+003	
  2.2020000000000000e+004	 -1.3118640130871339e+002	  1.3344209667670680e+003	
  2.2050000000000000e+004	 -1.3118640130871339e+002	  1.3344209667670680e+003	
  2.2080000000000000e+004	 -1.3118640130871339e+002	  1.3344209667670680e+003	
  2.2110000000000000e+004	 -1.3118640130871339e+002	  1.3344209667670680e+003	
  2.2140000000000000e+004	 -1.3118640130871339e+002	  1.3344209667670680e+003	
  2.2170000000000000e+004	 -1.3118640130871339e+002	  1.3344209667670680e+003	
  2.2200000000000000e+004	 -1.3118640130871339e+002	  1.3344209667670680e+003	
  2.2230000000000000e+004	 -1.3118640130871339e+002	  1.3344209667670680e+003	
  2.2260000000000000e+004	 -1.3118640130871339e+002	  1.3344209667670680e+003	
  2.2290000000000000e+004	 -1.2646690236216416e+002	  1.3432706772772324e+003	
  2.2320000000000000e+004	 -1.2782793244199881e+002	  1.3449849626010459e+003	
  2.2350000000000000e+004	 -1.1998487248913250e+002	  1.3388847829157098e+003	
  2.2380000000000000e+004	 -1.2286359622791488e+002	  1.3239794204580301e+003	
  2.2410000000000000e+004	 -1.2101296848444724e+002	  1.3085508706656096e+003	
  2.2440000000000000e+004	 -1.1905469134680868e+002	  1.3055007839466771e+003	
  2.2470000000000000e+004	 -9.8893867474616826e+001	  1.3039423445104414e+003	
  2.2500000000000000e+004	 -1.0137116995131764e+002	  1.3066696150374150e+003	
  2.2530000000000000e+004	 -1.2303987920390618e+002	  1.3004024610584709e+003	
  2.2560000000000000e+004	 -1.3318389228936888e+002	  1.2662281098180679e+003	
  2.2590000000000000e+004	 -1.4503165703992340e+002	  1.2377643296790384e+003	
  2.2620000000000000e+004	 -1.7283964029094395e+002	  1.2353153542740633e+003	
  2.2650000000000000e+004	 -1.9197232483214489e+002	  1.2472040196499977e+003	
  2.2680000000000000e+004	 -1.9376418840261849e+002	  1.2620871175735369e+003	
  2.2710000000000000e+004	 -1.5853418371926389e+002	  1.2478607869368238e+003	
  2.2740000000000000e+004	 -1.4622623313212620e+002	  1.2557197808735091e+003	
  2.2770000000000000e+004	 -1.1371830256406790e+002	  1.2525583739408289e+003	
  2.2800000000000000e+004	 -7.4963368634880993e+001	  1.2516455686456181e+003	
  2.2830000000000000e+004	 -4.7879891877394002e+001	  1.2582466738142775e+003	
  2.2860000000000000e+004	 -3.8460374801747918e+001	  1.2566214441720015e+003	
  2.2890000000000000e+004	 -4.1388008524028059e+001	  1.2560092008077177e+003	
  2.2920000000000000e+004	 -5.1874824915127178e+001	  1.2428403874375915e+003	
  2.2950000000000000e+004	 -6.2518289968994111e+001	  1.2395453997798750e+003	
  2.2980000000000000e+004	 -5.9952867949670974e+001	  1.2377309384265277e+003	
  2.3010000000000000e+004	 -5.7407068337276769e+001	  1.2412374232856532e+003	
  2.3040000000000000e+004	 -5.5850262519394278e+001	  1.2468812023695184e+003	
  2.3070000000000000e+004	 -5.4273747475536638e+001	  1.2449999407261992e+003	
  2.3100000000000000e+004	 -8.5469704719633256e+001	  1.2387105248554408e+003	
  2.3130000000000000e+004	 -1.1767410857014707e+002	  1.2397569027467234e+003	
  2.3160000000000000e+004	 -1.4019462931953416e+002	  1.2347476383455307e+003	
  2.3190000000000000e+004	 -1.5893567481355552e+002	  1.2317532043975339e+003	
  2.3220000000000000e+004	 -1.8469720957541986e+002	  1.2395454012964428e+003	
  2.3250000000000000e+004	 -2.0615049497741643e+002	  1.2533598539595248e+003	
  2.3280000000000000e+004	 -2.0694360755196536e+002	  1.2433413145722914e+003	
  2.3310000000000000e+004	 -2.0677714097340976e+002	  1.2482392648439950e+003	
  2.3340000000000000e+004	 -2.0675754720266914e+002	  1.2473264672072223e+003	
  2.3370000000000000e+004	 -2.0478945146686431e+002	  1.2395899308373919e+003	
  2.3400000000000000e+004	 -2.0596444081694659e+002	  1.2378867816610014e+003	
  2.3430000000000000e+004	 -2.1915366078908318e+002	  1.2474823122326459e+003	
  2.3460000000000000e+004	 -2.2304090076983238e+002	  1.2543060512171123e+003	
  2.3490000000000000e+004	 -2.2789750163728701e+002	  1.2527364824096180e+003	
  2.3520000000000000e+004	 -4.9208312360698744e+002	  1.2355268551173388e+003	
  2.3550000000000000e+004	 -8.0026214654823536e+002	  9.9123034586109657e+002	
  2.3580000000000000e+004	 -7.8290173409255908e+002	  6.3647388312731869e+002	
  2.3610000000000000e+004	 -7.2483788762532618e+002	  1.7351716056460410e+002	
  2.3640000000000000e+004	 -4.3163992919941245e+002	 -4.5896692379770343e+000	
  2.3670000000000000e+004	 -4.6890880155280698e+001	 -4.8115004056713573e+001	
  2.3700000000000000e+004	  6.4908686003404384e+001	  8.9951382415348874e+001	
  2.3730000000000000e+004	  7.1469054723061532e+001	  8.7713930324098300e+001	
  2.3760000000000000e+004	  6.1873365846583127e+001	  6.5383714051834488e+001	
  2.3790000000000000e+004	  3.8686826806476482e+001	  3.4849274045947901e+001	
  2.3820000000000000e+004	  2.5066921305229510e+001	  7.9774952053649502e+000	
  2.3850000000000000e+004	  1.3258043267607533e+001	 -2.2667907595952109e+001	
  2.3880000000000000e+004	  2.9369987959788717e+000	 -3.1807096375203791e+001	
