  0.0000000000000000e+000	  2.6514720555041504e+003	 -5.0995960747917961e+003	
  3.0000000000000000e+001	  2.6579344740748611e+003	 -5.0923604628339590e+003	
  6.0000000000000000e+001	  2.6526470409931658e+003	 -5.0950320737589609e+003	
  9.0000000000000000e+001	  2.6680197620925346e+003	 -5.0862380212741646e+003	
  1.2000000000000000e+002	  2.6733071957282259e+003	 -5.0684272856355310e+003	
  1.5000000000000000e+002	  2.5319173207140025e+003	 -5.1509132576104239e+003	
  1.8000000000000000e+002	  2.3797567460456185e+003	 -5.2340671310205908e+003	
  2.1000000000000000e+002	  2.2295544843920725e+003	 -5.3029724151795244e+003	
  2.4000000000000000e+002	  2.1498513264830144e+003	 -5.2052360012592280e+003	
  2.7000000000000000e+002	  2.1699239875787639e+003	 -5.1809688748615099e+003	
  3.0000000000000000e+002	  2.1729593662658103e+003	 -5.1515811600253346e+003	
  3.3000000000000000e+002	  2.1331077889755693e+003	 -5.1440115962622685e+003	
  3.6000000000000000e+002	  2.1284078485411928e+003	 -5.1456813540402154e+003	
  3.9000000000000000e+002	  2.1273307766562261e+003	 -5.1462379392164567e+003	
  4.2000000000000000e+002	  2.1171475737054539e+003	 -5.1556998934955727e+003	
  4.5000000000000000e+002	  2.1030477519343176e+003	 -5.1774067270079795e+003	
  4.8000000000000000e+002	  2.0989353045334556e+003	 -5.1878705350438941e+003	
  5.1000000000000000e+002	  2.0956061778161925e+003	 -5.1895402897158829e+003	
  5.4000000000000000e+002	  2.1011873574020096e+003	 -5.1927684862784554e+003	
  5.7000000000000000e+002	  2.0977603172049576e+003	 -5.1951061453608072e+003	
  6.0000000000000000e+002	  2.1069643709001334e+003	 -5.1966645845591756e+003	
  6.3000000000000000e+002	  2.1007956962563289e+003	 -5.1952174636684767e+003	
  6.6000000000000000e+002	  2.1062789611155044e+003	 -5.1932137551735541e+003	
  6.9000000000000000e+002	  2.0840521604581559e+003	 -5.1971098533454315e+003	
  7.2000000000000000e+002	  2.0780793183733490e+003	 -5.2040115150022648e+003	
  7.5000000000000000e+002	  2.0740647844901305e+003	 -5.2059039048067798e+003	
  7.8000000000000000e+002	  2.0736731230522241e+003	 -5.2062378556777639e+003	
  8.1000000000000000e+002	  2.0728897982209664e+003	 -5.2064604892574653e+003	
  8.4000000000000000e+002	  2.0747501920493492e+003	 -5.2062378556777639e+003	
  8.7000000000000000e+002	  2.0642732425223012e+003	 -5.2136961009715633e+003	
  9.0000000000000000e+002	  2.0517400682681819e+003	 -5.2110244901204405e+003	
  9.3000000000000000e+002	  2.0539921235397887e+003	 -5.2144753195139301e+003	
  9.6000000000000000e+002	  2.0457672276422904e+003	 -5.2263862507117547e+003	
  9.9000000000000000e+002	  2.0420464391425978e+003	 -5.2285012759043420e+003	
  1.0200000000000000e+003	  2.0410672878507582e+003	 -5.2295031294640103e+003	
  1.0500000000000000e+003	  2.0389131460490237e+003	 -5.2309502503896274e+003	
  1.0800000000000000e+003	  2.0203092182680575e+003	 -5.2443083040138226e+003	
  1.1100000000000000e+003	  2.0040552554414360e+003	 -5.2592247952840289e+003	
  1.1400000000000000e+003	  1.9974949219035941e+003	 -5.2694659691130437e+003	
  1.1700000000000000e+003	  1.9976907524548035e+003	 -5.2739186526622807e+003	
  1.2000000000000000e+003	  1.9926970654320942e+003	 -5.2783713370694368e+003	
  1.2300000000000000e+003	  1.9901512654267774e+003	 -5.2785939707443840e+003	
  1.2600000000000000e+003	  1.9782055823234316e+003	 -5.2930651943819294e+003	
  1.2900000000000000e+003	  1.9626370303707558e+003	 -5.3194473464810035e+003	
  1.3200000000000000e+003	  1.9590141582194808e+003	 -5.3495029623189857e+003	
  1.3500000000000000e+003	  1.9320874151766398e+003	 -5.3523972071974631e+003	
  1.3800000000000000e+003	  1.9241562662154067e+003	 -5.3488350610057250e+003	
  1.4100000000000000e+003	  1.9146584693823124e+003	 -5.3512840365122947e+003	
  1.4400000000000000e+003	  1.9433476908580299e+003	 -5.3496142809466519e+003	
  1.4700000000000000e+003	  1.9351729720945891e+003	 -5.3511711357251197e+003	
  1.5000000000000000e+003	  1.9269982533311484e+003	 -5.3527279905035866e+003	
  1.5300000000000000e+003	  1.9188235345677078e+003	 -5.3542848452820544e+003	
  1.5600000000000000e+003	  1.9106488158042671e+003	 -5.3558417000605214e+003	
  1.5900000000000000e+003	  1.9024740970408266e+003	 -5.3573985548389901e+003	
  1.6200000000000000e+003	  1.8942993782773858e+003	 -5.3589554096174570e+003	
  1.6500000000000000e+003	  1.8861246595139453e+003	 -5.3605122643959239e+003	
  1.6800000000000000e+003	  1.8779499407505045e+003	 -5.3620691191743917e+003	
  1.7100000000000000e+003	  1.8697752219870640e+003	 -5.3636259739528596e+003	
  1.7400000000000000e+003	  1.9249102136768038e+003	 -5.3933730321701205e+003	
  1.7700000000000000e+003	  1.9214538009015505e+003	 -5.3861930790842125e+003	
  1.8000000000000000e+003	  1.9192702851132522e+003	 -5.3723452324629707e+003	
  1.8300000000000000e+003	  1.8620680947719200e+003	 -5.3485345048226973e+003	
  1.8600000000000000e+003	  1.9249787585287681e+003	 -5.3811392823912111e+003	
  1.8900000000000000e+003	  1.9227658662976278e+003	 -5.3854138593496118e+003	
  1.9200000000000000e+003	  1.9439645578250918e+003	 -5.3940965933358057e+003	
  1.9500000000000000e+003	  1.9311082631230722e+003	 -5.3919927003167186e+003	
  1.9800000000000000e+003	  1.9136009855033910e+003	 -5.3749945800327969e+003	
  2.0100000000000000e+003	  1.9015475962753924e+003	 -5.3833544928538686e+003	
  2.0400000000000000e+003	  1.9074225208991543e+003	 -5.3734584030403148e+003	
  2.0700000000000000e+003	  1.9219140043278755e+003	 -5.3840557911351370e+003	
  2.1000000000000000e+003	  1.9115153854037151e+003	 -5.4026902728220794e+003	
  2.1300000000000000e+003	  1.9160978281226821e+003	 -5.3987496485097790e+003	
  2.1600000000000000e+003	  1.9320580426302847e+003	 -5.3907125537149532e+003	
  2.1900000000000000e+003	  1.9238135629910273e+003	 -5.3852802789443276e+003	
  2.2200000000000000e+003	  1.9239114782252880e+003	 -5.3935400076438382e+003	
  2.2500000000000000e+003	  1.9282785060266845e+003	 -5.3873062501183049e+003	
  2.2800000000000000e+003	  1.9258208299282064e+003	 -5.3880520754140125e+003	
  2.3100000000000000e+003	  1.9157159584052497e+003	 -5.3782116433511774e+003	
  2.3400000000000000e+003	  1.9257620782084712e+003	 -5.3742376231134840e+003	
  2.3700000000000000e+003	  1.9268979004737150e+003	 -5.3771986561550902e+003	
  2.4000000000000000e+003	  1.9373454731158199e+003	 -5.3836216538528615e+003	
  2.4300000000000000e+003	  1.9347702996001492e+003	 -5.3966902819145125e+003	
  2.4600000000000000e+003	  1.9678755041525990e+003	 -5.3812728635527801e+003	
  2.4900000000000000e+003	  1.9625880713361953e+003	 -5.3697960703283306e+003	
  2.5200000000000000e+003	  1.9365915256306562e+003	 -5.3869277712009207e+003	
  2.5500000000000000e+003	  1.8798299543989244e+003	 -5.3887088449666162e+003	
  2.5800000000000000e+003	  1.8780381022408476e+003	 -5.3871281420364348e+003	
  2.6100000000000000e+003	  1.8780381022408476e+003	 -5.3871281420364348e+003	
  2.6400000000000000e+003	  1.8780381022408476e+003	 -5.3871281420364348e+003	
  2.6700000000000000e+003	  1.8780381022408476e+003	 -5.3871281420364348e+003	
  2.7000000000000000e+003	  1.8780381022408476e+003	 -5.3871281420364348e+003	
  2.7300000000000000e+003	  1.8780381022408476e+003	 -5.3871281420364348e+003	
  2.7600000000000000e+003	  1.8780381022408476e+003	 -5.3871281420364348e+003	
  2.7900000000000000e+003	  1.8780381022408476e+003	 -5.3871281420364348e+003	
  2.8200000000000000e+003	  1.8780381022408476e+003	 -5.3871281420364348e+003	
  2.8500000000000000e+003	  1.8780381022408476e+003	 -5.3871281420364348e+003	
  2.8800000000000000e+003	  1.8791495288492538e+003	 -5.4172848236066529e+003	
  2.9100000000000000e+003	  1.8806300974766746e+003	 -5.4574575496348853e+003	
  2.9400000000000000e+003	  1.8822484667051613e+003	 -5.4798552872495038e+003	
  2.9700000000000000e+003	  1.8822484667051613e+003	 -5.4798552872495047e+003	
  3.0000000000000000e+003	  1.8822484667051613e+003	 -5.4798552872495047e+003	
  3.0300000000000000e+003	  1.8822484667051613e+003	 -5.4798552872495047e+003	
  3.0600000000000000e+003	  1.8822484667051613e+003	 -5.4798552872495047e+003	
  3.0900000000000000e+003	  1.8822484667051613e+003	 -5.4798552872495047e+003	
  3.1200000000000000e+003	  1.8822484667051613e+003	 -5.4798552872495047e+003	
  3.1500000000000000e+003	  1.8822484667051613e+003	 -5.4798552872495047e+003	
  3.1800000000000000e+003	  1.8822484667051613e+003	 -5.4798552872495047e+003	
  3.2100000000000000e+003	  1.9158629648082670e+003	 -5.4771901020949181e+003	
  3.2400000000000000e+003	  1.9559372009556319e+003	 -5.4740127451421613e+003	
  3.2700000000000000e+003	  1.9486351238175796e+003	 -5.4585937199965592e+003	
  3.3000000000000000e+003	  1.9478518007087532e+003	 -5.4546976228944277e+003	
  3.3300000000000000e+003	  1.9471215836251736e+003	 -5.4546976228944277e+003	
  3.3600000000000000e+003	  1.9460262579998043e+003	 -5.4546976228944277e+003	
  3.3900000000000000e+003	  1.9449143383917883e+003	 -5.4452356689074131e+003	
  3.4200000000000000e+003	  1.9419768753549356e+003	 -5.4342545645013952e+003	
  3.4500000000000000e+003	  1.9377804995880031e+003	 -5.4185672724927963e+003	
  3.4800000000000000e+003	  1.9335841238210708e+003	 -5.4028799804841974e+003	
  3.5100000000000000e+003	  1.9293877480541380e+003	 -5.3871926884755985e+003	
  3.5400000000000000e+003	  1.9155397106848206e+003	 -5.3763303850032953e+003	
  3.5700000000000000e+003	  1.9248196946481353e+003	 -5.3833638080013452e+003	
  3.6000000000000000e+003	  1.9480196545564233e+003	 -5.4009473654964677e+003	
  3.6300000000000000e+003	  1.9648792927711456e+003	 -5.4116179043658522e+003	
  3.6600000000000000e+003	  1.9031925731002925e+003	 -5.3878405727793825e+003	
  3.6900000000000000e+003	  1.9324497042920702e+003	 -5.3914472466199049e+003	
  3.7200000000000000e+003	  1.9528454875790630e+003	 -5.3589315208805474e+003	
  3.7500000000000000e+003	  1.9599149808191528e+003	 -5.3372246872489250e+003	
  3.7800000000000000e+003	  1.9588966594615697e+003	 -5.3346755255615935e+003	
  3.8100000000000000e+003	  1.9593274881900209e+003	 -5.3342859158870097e+003	
  3.8400000000000000e+003	  1.9607178869039569e+003	 -5.3372469504182518e+003	
  3.8700000000000000e+003	  1.9583287509193901e+003	 -5.3360781210291434e+003	
  3.9000000000000000e+003	  1.9602087266046863e+003	 -5.3377812726538614e+003	
  3.9300000000000000e+003	  1.9542456775001046e+003	 -5.3365345207940218e+003	
  3.9600000000000000e+003	  1.9565564814788777e+003	 -5.3534324568627126e+003	
  3.9900000000000000e+003	  1.9615795437161348e+003	 -5.3857478109237936e+003	
  4.0200000000000000e+003	  1.9798603530097694e+003	 -5.3987830432439750e+003	
  4.0500000000000000e+003	  2.0124368167077864e+003	 -5.4228052734635912e+003	
  4.0800000000000000e+003	  2.0310799117107431e+003	 -5.4527273096874005e+003	
  4.1100000000000000e+003	  2.0688263090727041e+003	 -5.4617328628228224e+003	
  4.1400000000000000e+003	  2.0786472277172293e+003	 -5.4591503075082446e+003	
  4.1700000000000000e+003	  2.0856383886111771e+003	 -5.4399926334173479e+003	
  4.2000000000000000e+003	  2.0789899308577697e+003	 -5.3956995596881443e+003	
  4.2300000000000000e+003	  2.0783730640287381e+003	 -5.3599556383735835e+003	
  4.2600000000000000e+003	  2.0830044638846093e+003	 -5.3520966512119030e+003	
  4.2900000000000000e+003	  2.0837975795025291e+003	 -5.3516291198563922e+003	
  4.3200000000000000e+003	  2.0798907541659987e+003	 -5.3575734533167288e+003	
  4.3500000000000000e+003	  2.0739864532487418e+003	 -5.3845567179726804e+003	
  4.3800000000000000e+003	  2.0864608780560761e+003	 -5.4114620610622351e+003	
  4.4100000000000000e+003	  2.0873225336165838e+003	 -5.4490315819112966e+003	
  4.4400000000000000e+003	  2.0799886678560074e+003	 -5.4537180318444252e+003	
  4.4700000000000000e+003	  2.1001788300074850e+003	 -5.4444675811256893e+003	
  4.5000000000000000e+003	  2.1014713129597253e+003	 -5.4432208298698479e+003	
  4.5300000000000000e+003	  2.1085212230903730e+003	 -5.4506345493685649e+003	
  4.5600000000000000e+003	  2.1133386631779899e+003	 -5.4558219251574455e+003	
  4.5900000000000000e+003	  2.1117230577829037e+003	 -5.4570686761100324e+003	
  4.6200000000000000e+003	  2.1081099787596258e+003	 -5.4557996622700757e+003	
  4.6500000000000000e+003	  2.1088345537214900e+003	 -5.4561558766509816e+003	
  4.6800000000000000e+003	  2.1108711946179005e+003	 -5.4601521605831613e+003	
  4.7100000000000000e+003	  2.1043010680050029e+003	 -5.4598293404074575e+003	
  4.7400000000000000e+003	  2.1017258946198067e+003	 -5.4616326772822986e+003	
  4.7700000000000000e+003	  2.0953613899765651e+003	 -5.4471503233266776e+003	
  4.8000000000000000e+003	  2.0982009380673999e+003	 -5.4495770360403221e+003	
  4.8300000000000000e+003	  2.1029792110437584e+003	 -5.4537514266182097e+003	
  4.8600000000000000e+003	  2.1061320875776087e+003	 -5.4543302764265800e+003	
  4.8900000000000000e+003	  2.1056229264321646e+003	 -5.4529276806750941e+003	
  4.9200000000000000e+003	  2.1040562797792600e+003	 -5.4528052316852973e+003	
  4.9500000000000000e+003	  2.1032925388359199e+003	 -5.4536289784558294e+003	
  4.9800000000000000e+003	  2.0982890615248998e+003	 -5.4558553205595981e+003	
  5.0100000000000000e+003	  2.0954788885648036e+003	 -5.4494657188382525e+003	
  5.0400000000000000e+003	  2.0959195084323919e+003	 -5.4510686849628419e+003	
  5.0700000000000000e+003	  2.1016181870342525e+003	 -5.4542746168640524e+003	
  5.1000000000000000e+003	  2.1043304449768953e+003	 -5.4490204505820511e+003	
  5.1300000000000000e+003	  2.1038114922085988e+003	 -5.4444007905322114e+003	
  5.1600000000000000e+003	  2.0969280380644982e+003	 -5.4400928184841150e+003	
  5.1900000000000000e+003	  2.0926197594228970e+003	 -5.4342264080386494e+003	
  5.2200000000000000e+003	  2.0914741492209641e+003	 -5.4329239986742459e+003	
  5.2500000000000000e+003	  2.0927666313304862e+003	 -5.4347607295203861e+003	
  5.2800000000000000e+003	  2.0970944933811993e+003	 -5.4359406904772022e+003	
  5.3100000000000000e+003	  2.0971042853044542e+003	 -5.4387013545364316e+003	
  5.3400000000000000e+003	  2.0981030220192852e+003	 -5.4514360324835261e+003	
  5.3700000000000000e+003	  2.1032239999434642e+003	 -5.4466382644147452e+003	
  5.4000000000000000e+003	  2.1000515394433710e+003	 -5.4434879898863601e+003	
  5.4300000000000000e+003	  2.1019315157975821e+003	 -5.4456698056968398e+003	
  5.4600000000000000e+003	  2.1014811050862031e+003	 -5.4471169273164733e+003	
  5.4900000000000000e+003	  2.1048591871016715e+003	 -5.4553432618639463e+003	
  5.5200000000000000e+003	  2.1014615229961196e+003	 -5.4495547723184991e+003	
  5.5500000000000000e+003	  2.1022546386039039e+003	 -5.4491206358668223e+003	
  5.5800000000000000e+003	  2.0961545059153918e+003	 -5.4457922544511766e+003	
  5.6100000000000000e+003	  2.0923847622015323e+003	 -5.4284713134021613e+003	
  5.6400000000000000e+003	  2.0767966262993082e+003	 -5.3949982618078639e+003	
  5.6700000000000000e+003	  2.0762580906671151e+003	 -5.3672469090210561e+003	
  5.7000000000000000e+003	  2.0547754455432378e+003	 -5.3834101511556719e+003	
  5.7300000000000000e+003	  2.0543642011046004e+003	 -5.3842227664316470e+003	
  5.7600000000000000e+003	  2.0535710860123627e+003	 -5.3854917811587047e+003	
  5.7900000000000000e+003	  2.0512406987884656e+003	 -5.3845455858738087e+003	
  5.8200000000000000e+003	  2.0520729827454511e+003	 -5.3846902981728072e+003	
  5.8500000000000000e+003	  2.0523471421422910e+003	 -5.3835548637913162e+003	
  5.8800000000000000e+003	  2.0513386133438844e+003	 -5.3834324147545740e+003	
  5.9100000000000000e+003	  2.0540410806875307e+003	 -5.3850131185296395e+003	
  5.9400000000000000e+003	  2.0584374831818177e+003	 -5.3848795378455670e+003	
  5.9700000000000000e+003	  2.0644690731228538e+003	 -5.3840223953363102e+003	
  6.0000000000000000e+003	  2.0709804497609693e+003	 -5.3796031073943823e+003	
  6.0300000000000000e+003	  2.0785297283519776e+003	 -5.3653211228422615e+003	
  6.0600000000000000e+003	  2.0845417363088122e+003	 -5.3633619423341679e+003	
  6.0900000000000000e+003	  2.0900641661569366e+003	 -5.3839222100819525e+003	
  6.1200000000000000e+003	  2.0903872861118157e+003	 -5.3764973599612740e+003	
  6.1500000000000000e+003	  2.1011873585618764e+003	 -5.3746828906081237e+003	
  6.1800000000000000e+003	  2.0965167936453154e+003	 -5.3853804634974522e+003	
  6.2100000000000000e+003	  2.0976917784568609e+003	 -5.3910019775991777e+003	
  6.2400000000000000e+003	  2.0957040951415647e+003	 -5.3914695100736571e+003	
  6.2700000000000000e+003	  2.0957040951415647e+003	 -5.3914695100736571e+003	
  6.3000000000000000e+003	  2.0957040951415647e+003	 -5.3914695100736571e+003	
  6.3300000000000000e+003	  2.0957040951415647e+003	 -5.3914695100736571e+003	
  6.3600000000000000e+003	  2.0957040951415647e+003	 -5.3914695100736571e+003	
  6.3900000000000000e+003	  2.0957040951415647e+003	 -5.3914695100736571e+003	
  6.4200000000000000e+003	  2.0957040951415647e+003	 -5.3914695100736571e+003	
  6.4500000000000000e+003	  2.0957040951415647e+003	 -5.3914695100736571e+003	
  6.4800000000000000e+003	  2.0957040951415647e+003	 -5.3914695100736571e+003	
  6.5100000000000000e+003	  2.0957040951415647e+003	 -5.3914695100736571e+003	
  6.5400000000000000e+003	  2.0957040951415647e+003	 -5.3914695100736571e+003	
  6.5700000000000000e+003	  2.0957040951415647e+003	 -5.3914695100736571e+003	
  6.6000000000000000e+003	  2.0957040951415647e+003	 -5.3914695100736571e+003	
  6.6300000000000000e+003	  2.0957040951415647e+003	 -5.3914695100736571e+003	
  6.6600000000000000e+003	  2.0957040951415647e+003	 -5.3914695100736571e+003	
  6.6900000000000000e+003	  2.0957040951415647e+003	 -5.3914695100736571e+003	
  6.7200000000000000e+003	  2.0957040951415647e+003	 -5.3914695100736571e+003	
  6.7500000000000000e+003	  2.0957040951415647e+003	 -5.3914695100736571e+003	
  6.7800000000000000e+003	  2.0957040951415647e+003	 -5.3914695100736571e+003	
  6.8100000000000000e+003	  2.0957040951415647e+003	 -5.3914695100736571e+003	
  6.8400000000000000e+003	  2.0957040951415647e+003	 -5.3914695100736571e+003	
  6.8700000000000000e+003	  2.0957040951415647e+003	 -5.3914695100736571e+003	
  6.9000000000000000e+003	  2.0957040951415647e+003	 -5.3914695100736571e+003	
  6.9300000000000000e+003	  2.0957040951415647e+003	 -5.3914695100736571e+003	
  6.9600000000000000e+003	  2.0957040951415647e+003	 -5.3914695100736571e+003	
  6.9900000000000000e+003	  2.0957040951415647e+003	 -5.3914695100736571e+003	
  7.0200000000000000e+003	  2.0957040951415647e+003	 -5.3914695100736571e+003	
  7.0500000000000000e+003	  2.0957040951415647e+003	 -5.3914695100736571e+003	
  7.0800000000000000e+003	  2.0957040951415647e+003	 -5.3914695100736571e+003	
  7.1100000000000000e+003	  2.0957040951415647e+003	 -5.3914695100736571e+003	
  7.1400000000000000e+003	  2.0957040951415647e+003	 -5.3914695100736571e+003	
  7.1700000000000000e+003	  2.0957040951415647e+003	 -5.3914695100736571e+003	
  7.2000000000000000e+003	  2.0957040951415647e+003	 -5.3914695100736571e+003	
  7.2300000000000000e+003	  2.0957040951415647e+003	 -5.3914695100736571e+003	
  7.2600000000000000e+003	  2.0957040951415647e+003	 -5.3914695100736571e+003	
  7.2900000000000000e+003	  2.0957040951415647e+003	 -5.3914695100736571e+003	
  7.3200000000000000e+003	  2.0957040951415647e+003	 -5.3914695100736571e+003	
  7.3500000000000000e+003	  2.0957040951415647e+003	 -5.3914695100736571e+003	
  7.3800000000000000e+003	  2.0957040951415647e+003	 -5.3914695100736571e+003	
  7.4100000000000000e+003	  2.0957040951415647e+003	 -5.3914695100736571e+003	
  7.4400000000000000e+003	  2.0957040951415647e+003	 -5.3914695100736571e+003	
  7.4700000000000000e+003	  2.0957040951415647e+003	 -5.3914695100736571e+003	
  7.5000000000000000e+003	  2.0957040951415647e+003	 -5.3914695100736571e+003	
  7.5300000000000000e+003	  2.0957040951415647e+003	 -5.3914695100736571e+003	
  7.5600000000000000e+003	  2.0957040951415647e+003	 -5.3914695100736571e+003	
  7.5900000000000000e+003	  2.0957040951415647e+003	 -5.3914695100736571e+003	
  7.6200000000000000e+003	  2.0957040951415647e+003	 -5.3914695100736571e+003	
  7.6500000000000000e+003	  2.0957040951415647e+003	 -5.3914695100736571e+003	
  7.6800000000000000e+003	  2.0957040951415647e+003	 -5.3914695100736571e+003	
  7.7100000000000000e+003	  2.0957040951415647e+003	 -5.3914695100736571e+003	
  7.7400000000000000e+003	  2.0957040951415647e+003	 -5.3914695100736571e+003	
  7.7700000000000000e+003	  2.0957040951415647e+003	 -5.3914695100736571e+003	
  7.8000000000000000e+003	  2.0957040951415647e+003	 -5.3914695100736571e+003	
  7.8300000000000000e+003	  2.0957040951415647e+003	 -5.3914695100736571e+003	
  7.8600000000000000e+003	  2.0957040951415647e+003	 -5.3914695100736571e+003	
  7.8900000000000000e+003	  2.0957040951415647e+003	 -5.3914695100736571e+003	
  7.9200000000000000e+003	  2.0957040951415647e+003	 -5.3914695100736571e+003	
  7.9500000000000000e+003	  2.0957040951415647e+003	 -5.3914695100736571e+003	
  7.9800000000000000e+003	  2.0957040951415647e+003	 -5.3914695100736571e+003	
  8.0100000000000000e+003	  2.0957040951415647e+003	 -5.3914695100736571e+003	
  8.0400000000000000e+003	  2.0957040951415647e+003	 -5.3914695100736571e+003	
  8.0700000000000000e+003	  2.0957040951415647e+003	 -5.3914695100736571e+003	
  8.1000000000000000e+003	  2.0957040951415647e+003	 -5.3914695100736571e+003	
  8.1300000000000000e+003	  2.0957040951415647e+003	 -5.3914695100736571e+003	
  8.1600000000000000e+003	  2.0957040951415647e+003	 -5.3914695100736571e+003	
  8.1900000000000000e+003	  2.0957040951415647e+003	 -5.3914695100736571e+003	
  8.2200000000000000e+003	  2.0957040951415647e+003	 -5.3914695100736571e+003	
  8.2500000000000000e+003	  2.0957040951415647e+003	 -5.3914695100736571e+003	
  8.2800000000000000e+003	  2.0957040951415647e+003	 -5.3914695100736571e+003	
  8.3100000000000000e+003	  2.0957040951415647e+003	 -5.3914695100736571e+003	
  8.3400000000000000e+003	  2.0957040951415647e+003	 -5.3914695100736571e+003	
  8.3700000000000000e+003	  2.0957040951415647e+003	 -5.3914695100736571e+003	
  8.4000000000000000e+003	  2.0957040951415647e+003	 -5.3914695100736571e+003	
  8.4300000000000000e+003	  2.0957040951415647e+003	 -5.3914695100736571e+003	
  8.4600000000000000e+003	  2.0957040951415647e+003	 -5.3914695100736571e+003	
  8.4900000000000000e+003	  2.0957040951415647e+003	 -5.3914695100736571e+003	
  8.5200000000000000e+003	  2.0957040951415647e+003	 -5.3914695100736571e+003	
  8.5500000000000000e+003	  2.0957040951415647e+003	 -5.3914695100736571e+003	
  8.5800000000000000e+003	  2.0957040951415647e+003	 -5.3914695100736571e+003	
  8.6100000000000000e+003	  2.0957040951415647e+003	 -5.3914695100736571e+003	
  8.6400000000000000e+003	  2.0957040951415647e+003	 -5.3914695100736571e+003	
  8.6700000000000000e+003	  2.0957040951415647e+003	 -5.3914695100736571e+003	
  8.7000000000000000e+003	  2.0957040951415647e+003	 -5.3914695100736571e+003	
  8.7300000000000000e+003	  2.0957040951415647e+003	 -5.3914695100736571e+003	
  8.7600000000000000e+003	  2.0957040951415647e+003	 -5.3914695100736571e+003	
  8.7900000000000000e+003	  2.0957040951415647e+003	 -5.3914695100736571e+003	
  8.8200000000000000e+003	  2.0957040951415647e+003	 -5.3914695100736571e+003	
  8.8500000000000000e+003	  2.0957040951415647e+003	 -5.3914695100736571e+003	
  8.8800000000000000e+003	  2.0957040951415647e+003	 -5.3914695100736571e+003	
  8.9100000000000000e+003	  2.0957040951415647e+003	 -5.3914695100736571e+003	
  8.9400000000000000e+003	  2.0957040951415647e+003	 -5.3914695100736571e+003	
  8.9700000000000000e+003	  2.1034981628232572e+003	 -5.4086346067900613e+003	
  9.0000000000000000e+003	  2.1362019157955156e+003	 -5.3957440870012197e+003	
  9.0300000000000000e+003	  2.1445834770673068e+003	 -5.3895325917493383e+003	
  9.0600000000000000e+003	  2.1563920762075822e+003	 -5.3886197928983529e+003	
  9.0900000000000000e+003	  2.1603674424609621e+003	 -5.3889314796720273e+003	
  9.1200000000000000e+003	  2.1445443096204499e+003	 -5.3753730571312981e+003	
  9.1500000000000000e+003	  2.1332057024740975e+003	 -5.3787793604032368e+003	
  9.1800000000000000e+003	  2.1374943998375593e+003	 -5.3852580152816527e+003	
  9.2100000000000000e+003	  2.1147192698621570e+003	 -5.4095251442382460e+003	
  9.2400000000000000e+003	  2.1026756730968018e+003	 -5.4265343963429750e+003	
  9.2700000000000000e+003	  2.1054173067475422e+003	 -5.4405380868524444e+003	
  9.3000000000000000e+003	  2.1048493941443958e+003	 -5.4401818724283803e+003	
  9.3300000000000000e+003	  2.1042814867005750e+003	 -5.4382672179582059e+003	
  9.3600000000000000e+003	  2.1028127556748905e+003	 -5.4350167595714474e+003	
  9.3900000000000000e+003	  2.1024602618689678e+003	 -5.4325677834896460e+003	
  9.4200000000000000e+003	  2.1026169250500584e+003	 -5.4317217734026653e+003	
  9.4500000000000000e+003	  2.1031848328586102e+003	 -5.4326123091349118e+003	
  9.4800000000000000e+003	  2.1031848328586102e+003	 -5.4356623984143380e+003	
  9.5100000000000000e+003	  2.1042227366780417e+003	 -5.4382894814930460e+003	
  9.5400000000000000e+003	  2.1080022726431653e+003	 -5.4462597860560300e+003	
  9.5700000000000000e+003	  2.1067685386084668e+003	 -5.4456586732976193e+003	
  9.6000000000000000e+003	  2.1053585560268239e+003	 -5.4453024599657565e+003	
  9.6300000000000000e+003	  2.1046535642926237e+003	 -5.4441892879898296e+003	
  9.6600000000000000e+003	  2.1038310751421809e+003	 -5.4424082148039161e+003	
  9.6900000000000000e+003	  2.1035960770770475e+003	 -5.4413618334082612e+003	
  9.7200000000000000e+003	  2.1032044148360742e+003	 -5.4413173068708184e+003	
  9.7500000000000000e+003	  2.1018336002541082e+003	 -5.4417625755131785e+003	
  9.7800000000000000e+003	  2.1013831896143120e+003	 -5.4412727795843257e+003	
  9.8100000000000000e+003	  2.1018531818539755e+003	 -5.4393803897105508e+003	
  9.8400000000000000e+003	  2.1004627845317636e+003	 -5.4359295586630715e+003	
  9.8700000000000000e+003	  2.1015594367194417e+003	 -5.4328572081206976e+003	
  9.9000000000000000e+003	  2.1016377683198280e+003	 -5.4321893043807695e+003	
  9.9300000000000000e+003	  2.1008544460936614e+003	 -5.4329462622212250e+003	
  9.9600000000000000e+003	  2.0935107882369316e+003	 -5.4351948667168072e+003	
  9.9900000000000000e+003	  2.0938045343920103e+003	 -5.4337922703923305e+003	
  1.0020000000000000e+004	  2.0965461671124353e+003	 -5.4337254805260791e+003	
  1.0050000000000000e+004	  2.0980540659934122e+003	 -5.4344156469447071e+003	
  1.0080000000000000e+004	  2.0988765533821615e+003	 -5.4355510813628844e+003	
  1.0110000000000000e+004	  2.0983673940748604e+003	 -5.4297403274050284e+003	
  1.0140000000000000e+004	  2.0984653103898022e+003	 -5.4305863382781044e+003	
  1.0170000000000000e+004	  2.1007956962563289e+003	 -5.4284267867833532e+003	
  1.0200000000000000e+004	  2.1012265256152227e+003	 -5.4266011858222500e+003	
  1.0230000000000000e+004	  2.1036156610872072e+003	 -5.4390464378271117e+003	
  1.0260000000000000e+004	  2.1026365063924072e+003	 -5.4425195320029361e+003	
  1.0290000000000000e+004	  2.1059460480897264e+003	 -5.4388238045843154e+003	
  1.0320000000000000e+004	  2.1083743519985305e+003	 -5.4400705554420592e+003	
  1.0350000000000000e+004	  2.1113313971892981e+003	 -5.4392022823553325e+003	
  1.0380000000000000e+004	  2.1165992463122552e+003	 -5.4371317839301728e+003	
  1.0410000000000000e+004	  2.1126042973920762e+003	 -5.4364193549080137e+003	
  1.0440000000000000e+004	  2.1091576730993497e+003	 -5.4333247392206076e+003	
  1.0470000000000000e+004	  2.1060243792853903e+003	 -5.4340816949559130e+003	
  1.0500000000000000e+004	  2.1141513610990514e+003	 -5.4358182416155960e+003	
  1.0530000000000000e+004	  2.1146996889012917e+003	 -5.4369314137128649e+003	
  1.0560000000000000e+004	  2.1156984246287720e+003	 -5.4333692652879427e+003	
  1.0590000000000000e+004	  2.1073560301345947e+003	 -5.4343933837880186e+003	
  1.0620000000000000e+004	  2.1027148394703167e+003	 -5.4345269644419213e+003	
  1.0650000000000000e+004	  2.0982303133546739e+003	 -5.4370649929153196e+003	
  1.0680000000000000e+004	  2.1006194490735361e+003	 -5.4436549663034630e+003	
  1.0710000000000000e+004	  2.1020490126167524e+003	 -5.4387124861314214e+003	
  1.0740000000000000e+004	  2.1012461077885109e+003	 -5.4328794710664943e+003	
  1.0770000000000000e+004	  2.0968399131850838e+003	 -5.4360186124580332e+003	
  1.0800000000000000e+004	  2.0982498969544199e+003	 -5.4335028457694989e+003	
  1.0830000000000000e+004	  2.0866762916326129e+003	 -5.4288720549371155e+003	
  1.0860000000000000e+004	  2.0793326361802265e+003	 -5.4319444069954034e+003	
  1.0890000000000000e+004	  2.0841696569639362e+003	 -5.4324119386925977e+003	
  1.0920000000000000e+004	  2.0972511592423862e+003	 -5.4286271578637052e+003	
  1.0950000000000000e+004	  2.0896920874949160e+003	 -5.4524490174293114e+003	
  1.0980000000000000e+004	  2.0903187459691553e+003	 -5.4531169199940696e+003	
  1.1010000000000000e+004	  2.0983086462403289e+003	 -5.4518701680565991e+003	
  1.1040000000000000e+004	  2.1074147800770784e+003	 -5.4451466149987400e+003	
  1.1070000000000000e+004	  2.1055152208294562e+003	 -5.4409165659133632e+003	
  1.1100000000000000e+004	  2.1036744107361187e+003	 -5.4426976396882101e+003	
  1.1130000000000000e+004	  2.0964090843143713e+003	 -5.4427866930907894e+003	
  1.1160000000000000e+004	  2.0973686562137636e+003	 -5.4419184199892497e+003	
  1.1190000000000000e+004	  2.0992682171164006e+003	 -5.4431206446503256e+003	
  1.1220000000000000e+004	  2.0969965769471464e+003	 -5.4463711033078143e+003	
  1.1250000000000000e+004	  2.1002082047150748e+003	 -5.4369982034797413e+003	
  1.1280000000000000e+004	  2.0966049159440977e+003	 -5.4365751977833816e+003	
  1.1310000000000000e+004	  2.0976036541974199e+003	 -5.4380891108063752e+003	
  1.1340000000000000e+004	  2.0993269642541313e+003	 -5.4410501456023831e+003	
  1.1370000000000000e+004	  2.0989157214013094e+003	 -5.4330798409570807e+003	
  1.1400000000000000e+004	  2.1051235598267822e+003	 -5.4289833729347938e+003	
  1.1430000000000000e+004	  2.1052802230622519e+003	 -5.4267125031524611e+003	
  1.1460000000000000e+004	  2.1003061196949302e+003	 -5.4300297527774901e+003	
  1.1490000000000000e+004	  2.0995619617386928e+003	 -5.4327458907616401e+003	
  1.1520000000000000e+004	  2.1029106698473743e+003	 -5.4363970903824402e+003	
  1.1550000000000000e+004	  2.1061614631658344e+003	 -5.4369982037392529e+003	
  1.1580000000000000e+004	  2.0968790808094600e+003	 -5.4459035718037221e+003	
  1.1610000000000000e+004	  2.0740843682934383e+003	 -5.4668534495720087e+003	
  1.1640000000000000e+004	  2.0590445594954308e+003	 -5.4811465645143517e+003	
  1.1670000000000000e+004	  2.0390502271899331e+003	 -5.5167680371692713e+003	
  1.1700000000000000e+004	  2.0251854038550780e+003	 -5.5294359237241333e+003	
  1.1730000000000000e+004	  2.0219150299497699e+003	 -5.5270092100672455e+003	
  1.1760000000000000e+004	  2.0232075117667198e+003	 -5.5331093865719722e+003	
  1.1790000000000000e+004	  2.0284166120566631e+003	 -5.5309275723515066e+003	
  1.1820000000000000e+004	  2.0355448566627933e+003	 -5.5239813846503330e+003	
  1.1850000000000000e+004	  2.0330382223578927e+003	 -5.5228236872734105e+003	
  1.1880000000000000e+004	  2.0330382223578927e+003	 -5.5228236872734105e+003	
  1.1910000000000000e+004	  2.0330382223578927e+003	 -5.5228236872734105e+003	
  1.1940000000000000e+004	  2.0330382223578927e+003	 -5.5228236872734105e+003	
  1.1970000000000000e+004	  2.0330382223578927e+003	 -5.5228236872734105e+003	
  1.2000000000000000e+004	  2.0330382223578927e+003	 -5.5228236872734105e+003	
  1.2030000000000000e+004	  2.0330382223578927e+003	 -5.5228236872734105e+003	
  1.2060000000000000e+004	  2.0330382223578927e+003	 -5.5228236872734105e+003	
  1.2090000000000000e+004	  2.0330382223578927e+003	 -5.5228236872734105e+003	
  1.2120000000000000e+004	  2.0330382223578927e+003	 -5.5228236872734105e+003	
  1.2150000000000000e+004	  2.0330382223578927e+003	 -5.5228236872734105e+003	
  1.2180000000000000e+004	  2.0330382223578927e+003	 -5.5228236872734105e+003	
  1.2210000000000000e+004	  2.0330382223578927e+003	 -5.5228236872734105e+003	
  1.2240000000000000e+004	  2.0330382223578927e+003	 -5.5228236872734105e+003	
  1.2270000000000000e+004	  2.0330382223578927e+003	 -5.5228236872734105e+003	
  1.2300000000000000e+004	  2.0330382223578927e+003	 -5.5228236872734105e+003	
  1.2330000000000000e+004	  2.0330382223578927e+003	 -5.5228236872734105e+003	
  1.2360000000000000e+004	  2.0330382223578927e+003	 -5.5228236872734105e+003	
  1.2390000000000000e+004	  2.0330382223578927e+003	 -5.5228236872734105e+003	
  1.2420000000000000e+004	  2.0330382223578927e+003	 -5.5228236872734105e+003	
  1.2450000000000000e+004	  2.0330382223578927e+003	 -5.5228236872734105e+003	
  1.2480000000000000e+004	  2.0330382223578927e+003	 -5.5228236872734105e+003	
  1.2510000000000000e+004	  2.0330382223578927e+003	 -5.5228236872734105e+003	
  1.2540000000000000e+004	  2.0330382223578927e+003	 -5.5228236872734105e+003	
  1.2570000000000000e+004	  2.0330382223578927e+003	 -5.5228236872734105e+003	
  1.2600000000000000e+004	  2.0330382223578927e+003	 -5.5228236872734105e+003	
  1.2630000000000000e+004	  2.0330382223578927e+003	 -5.5228236872734105e+003	
  1.2660000000000000e+004	  2.0330382223578927e+003	 -5.5228236872734105e+003	
  1.2690000000000000e+004	  2.0330382223578927e+003	 -5.5228236872734105e+003	
  1.2720000000000000e+004	  2.0330382223578927e+003	 -5.5228236872734105e+003	
  1.2750000000000000e+004	  2.0330382223578927e+003	 -5.5228236872734105e+003	
  1.2780000000000000e+004	  2.0330382223578927e+003	 -5.5228236872734105e+003	
  1.2810000000000000e+004	  2.0330382223578927e+003	 -5.5228236872734105e+003	
  1.2840000000000000e+004	  2.0330382223578927e+003	 -5.5228236872734105e+003	
  1.2870000000000000e+004	  2.0330382223578927e+003	 -5.5228236872734105e+003	
  1.2900000000000000e+004	  2.0330382223578927e+003	 -5.5228236872734105e+003	
  1.2930000000000000e+004	  2.0330382223578927e+003	 -5.5228236872734105e+003	
  1.2960000000000000e+004	  2.0210871693815286e+003	 -5.5515273139206038e+003	
  1.2990000000000000e+004	  2.0352706920870933e+003	 -5.6067122531903287e+003	
  1.3020000000000000e+004	  2.0456888941608267e+003	 -5.5999553056599416e+003	
  1.3050000000000000e+004	  2.0433976736526911e+003	 -5.5920740555099601e+003	
  1.3080000000000000e+004	  2.0354175661847300e+003	 -5.5682744598434892e+003	
  1.3110000000000000e+004	  2.0300224270456529e+003	 -5.5343450063875061e+003	
  1.3140000000000000e+004	  2.0179396624973967e+003	 -5.5170129346657650e+003	
  1.3170000000000000e+004	  1.9950862011654256e+003	 -5.5135732366165321e+003	
  1.3200000000000000e+004	  1.9780489181810149e+003	 -5.5414804328185774e+003	
  1.3230000000000000e+004	  1.9655255366082006e+003	 -5.5557401534960800e+003	
  1.3260000000000000e+004	  1.9440135156446013e+003	 -5.5887345421255623e+003	
  1.3290000000000000e+004	  1.9384029610443638e+003	 -5.6044079901578689e+003	
  1.3320000000000000e+004	  1.9096256195087565e+003	 -5.6242224335023802e+003	
  1.3350000000000000e+004	  1.9034079878391815e+003	 -5.6228977606964454e+003	
  1.3380000000000000e+004	  1.9198284052488877e+003	 -5.6170647446261382e+003	
  1.3410000000000000e+004	  1.9182421756573851e+003	 -5.6092502840532479e+003	
  1.3440000000000000e+004	  1.9077260597065210e+003	 -5.6195359840983274e+003	
  1.3470000000000000e+004	  1.9081666774771506e+003	 -5.6182001793650543e+003	
  1.3500000000000000e+004	  1.9111237240069433e+003	 -5.6204821785174909e+003	
  1.3530000000000000e+004	  1.9165482380353064e+003	 -5.6166528710693292e+003	
  1.3560000000000000e+004	  1.9055327534195815e+003	 -5.6239997987502684e+003	
  1.3590000000000000e+004	  1.9080491811879897e+003	 -5.6142706856059685e+003	
  1.3620000000000000e+004	  1.9297080714955541e+003	 -5.6042855405692735e+003	
  1.3650000000000000e+004	  1.9264964454377834e+003	 -5.5758885481155639e+003	
  1.3680000000000000e+004	  1.9160684544914971e+003	 -5.5636548001931678e+003	
  1.3710000000000000e+004	  1.8972980667798547e+003	 -5.5385305292970970e+003	
  1.3740000000000000e+004	  1.8847844746572821e+003	 -5.5121929042762004e+003	
  1.3770000000000000e+004	  1.8950068448881902e+003	 -5.5215880675039252e+003	
  1.3800000000000000e+004	  1.9046025568631244e+003	 -5.5386307160358892e+003	
  1.3830000000000000e+004	  1.9298549454007730e+003	 -5.5662039609380136e+003	
  1.3860000000000000e+004	  1.9586224971094805e+003	 -5.5562633444049516e+003	
  1.3890000000000000e+004	  1.9806730503628867e+003	 -5.5349572510963008e+003	
  1.3920000000000000e+004	  1.9905135507184375e+003	 -5.5241260968673914e+003	
  1.3950000000000000e+004	  1.9915808299293876e+003	 -5.5234804578300036e+003	
  1.3980000000000000e+004	  1.9850204970948205e+003	 -5.5240593066718075e+003	
  1.4010000000000000e+004	  2.0010296684913224e+003	 -5.5101001432425892e+003	
  1.4040000000000000e+004	  2.0204854657670890e+003	 -5.4867680795827891e+003	
  1.4070000000000000e+004	  2.0225906452583145e+003	 -5.4592393603600922e+003	
  1.4100000000000000e+004	  2.0081579117881677e+003	 -5.4308312350643664e+003	
  1.4130000000000000e+004	  1.9911891668956796e+003	 -5.3998294235743433e+003	
  1.4160000000000000e+004	  1.9670530167179618e+003	 -5.3787682281262187e+003	
  1.4190000000000000e+004	  1.9433966486304871e+003	 -5.3542005451907607e+003	
  1.4220000000000000e+004	  1.9212579700376245e+003	 -5.3302451049191268e+003	
  1.4250000000000000e+004	  1.9087150047284995e+003	 -5.2997219552015986e+003	
  1.4280000000000000e+004	  1.8948599709925322e+003	 -5.3087497736585665e+003	
  1.4310000000000000e+004	  1.8899054497344612e+003	 -5.3280632897103769e+003	
  1.4340000000000000e+004	  1.8867525759505966e+003	 -5.3484343193047080e+003	
  1.4370000000000000e+004	  1.8818176354185991e+003	 -5.3840112633098688e+003	
  1.4400000000000000e+004	  1.8739844022178463e+003	 -5.3812394683844850e+003	
  1.4430000000000000e+004	  1.8785962202363457e+003	 -5.3407534394931727e+003	
  1.4460000000000000e+004	  1.8904537762433945e+003	 -5.3002340143820993e+003	
  1.4490000000000000e+004	  1.9018805091038939e+003	 -5.2755550137615473e+003	
  1.4520000000000000e+004	  1.9008426033221699e+003	 -5.2719260756475178e+003	
  1.4550000000000000e+004	  1.8993444976264975e+003	 -5.2717591001993342e+003	
  1.4580000000000000e+004	  1.9004313579326522e+003	 -5.2680633733009436e+003	
  1.4610000000000000e+004	  1.8995403287347465e+003	 -5.2665717237142271e+003	
  1.4640000000000000e+004	  1.8998144922506212e+003	 -5.2797516688046871e+003	
  1.4670000000000000e+004	  1.9009013519667963e+003	 -5.2969724237398532e+003	
  1.4700000000000000e+004	  1.9049256776272291e+003	 -5.2880002654815162e+003	
  1.4730000000000000e+004	  1.9031631978494722e+003	 -5.2680299778602575e+003	
  1.4760000000000000e+004	  1.9051313009748731e+003	 -5.2709242228104222e+003	
  1.4790000000000000e+004	  1.8845005199216801e+003	 -5.3094176753786724e+003	
  1.4820000000000000e+004	  1.8803880708430056e+003	 -5.3363786771161103e+003	
  1.4850000000000000e+004	  1.8770295734052852e+003	 -5.3749166566780814e+003	
  1.4880000000000000e+004	  1.8563792083756452e+003	 -5.3601003512757252e+003	
  1.4910000000000000e+004	  1.8413100249316867e+003	 -5.3551022132189564e+003	
  1.4940000000000000e+004	  1.8309995293256457e+003	 -5.3645864295180199e+003	
  1.4970000000000000e+004	  1.8347301094524003e+003	 -5.3599779024698782e+003	
  1.5000000000000000e+004	  1.8370409121935863e+003	 -5.3658331811106873e+003	
  1.5030000000000000e+004	  1.8423577187461997e+003	 -5.3609463606266017e+003	
  1.5060000000000000e+004	  1.8430039627781334e+003	 -5.3611912587746892e+003	
  1.5090000000000000e+004	  1.8441397815055566e+003	 -5.3649315132084184e+003	
  1.5120000000000000e+004	  1.8438558261148914e+003	 -5.3667459814413769e+003	
  1.5150000000000000e+004	  1.8390971363737049e+003	 -5.3662227912607677e+003	
  1.5180000000000000e+004	  1.8444922767891396e+003	 -5.3617367121354609e+003	
  1.5210000000000000e+004	  1.8411533607792710e+003	 -5.3664565575318829e+003	
  1.5240000000000000e+004	  1.8399392081208596e+003	 -5.3685381870898200e+003	
  1.5270000000000000e+004	  1.8446097723292337e+003	 -5.3663786355293105e+003	
  1.5300000000000000e+004	  1.8489670103516351e+003	 -5.3662895813046607e+003	
  1.5330000000000000e+004	  1.8533829979146151e+003	 -5.3605456188882918e+003	
  1.5360000000000000e+004	  1.8486243092084921e+003	 -5.3667348509171334e+003	
  1.5390000000000000e+004	  1.8441299893531261e+003	 -5.3690836423825376e+003	
  1.5420000000000000e+004	  1.8438949930839183e+003	 -5.3669463522713286e+003	
  1.5450000000000000e+004	  1.8425927173164521e+003	 -5.3687162944250758e+003	
  1.5480000000000000e+004	  1.8464897503652840e+003	 -5.3733470860091338e+003	
  1.5510000000000000e+004	  1.8627241282204122e+003	 -5.3577181648967107e+003	
  1.5540000000000000e+004	  1.8547929769635605e+003	 -5.3638072097529221e+003	
  1.5570000000000000e+004	  1.8393908825235806e+003	 -5.3575400587290969e+003	
  1.5600000000000000e+004	  1.8445020682464606e+003	 -5.3558925651758991e+003	
  1.5630000000000000e+004	  1.8399881658028637e+003	 -5.3331282172345336e+003	
  1.5660000000000000e+004	  1.8482032697588086e+003	 -5.3442487958258835e+003	
  1.5690000000000000e+004	  1.8633116197701274e+003	 -5.3477552856011771e+003	
  1.5720000000000000e+004	  1.8712819361310587e+003	 -5.3559704863292400e+003	
  1.5750000000000000e+004	  1.8841284418125233e+003	 -5.3775993988081664e+003	
  1.5780000000000000e+004	  1.9065553089171494e+003	 -5.3571477407158363e+003	
  1.5810000000000000e+004	  1.8720202721572100e+003	 -5.3694227065600644e+003	
  1.5840000000000000e+004	  1.8773331092857475e+003	 -5.3836550489833407e+003	
  1.5870000000000000e+004	  1.8779401855371398e+003	 -5.3902227587324596e+003	
  1.5900000000000000e+004	  1.9003040681186517e+003	 -5.3815845508896209e+003	
  1.5930000000000000e+004	  1.9220412945042603e+003	 -5.4057180982019618e+003	
  1.5960000000000000e+004	  1.9473622229119301e+003	 -5.3854583858831247e+003	
  1.5990000000000000e+004	  1.9109376836473602e+003	 -5.3133249063485382e+003	
  1.6020000000000000e+004	  1.9094399401838091e+003	 -5.3144009715978655e+003	
  1.6050000000000000e+004	  1.8869737882305433e+003	 -5.3305419503377825e+003	
  1.6080000000000000e+004	  1.8729269162800215e+003	 -5.3442487963147269e+003	
  1.6110000000000000e+004	  1.8694215422552406e+003	 -5.3480558414608058e+003	
  1.6140000000000000e+004	  1.8894550391687021e+003	 -5.3291541974219244e+003	
  1.6170000000000000e+004	  1.8873792328777126e+003	 -5.2987201026241573e+003	
  1.6200000000000000e+004	  1.8852838420037956e+003	 -5.3039742686487361e+003	
  1.6230000000000000e+004	  1.8852838420037956e+003	 -5.3039742686487361e+003	
  1.6260000000000000e+004	  1.8852838420037956e+003	 -5.3039742686487361e+003	
  1.6290000000000000e+004	  1.8852838420037956e+003	 -5.3039742686487361e+003	
  1.6320000000000000e+004	  1.8852838420037956e+003	 -5.3039742686487361e+003	
  1.6350000000000000e+004	  1.8852838420037956e+003	 -5.3039742686487361e+003	
  1.6380000000000000e+004	  1.8852838420037956e+003	 -5.3039742686487361e+003	
  1.6410000000000000e+004	  1.8852838420037956e+003	 -5.3039742686487361e+003	
  1.6440000000000000e+004	  1.8852838420037956e+003	 -5.3039742686487361e+003	
  1.6470000000000000e+004	  1.8852838420037956e+003	 -5.3039742686487361e+003	
  1.6500000000000000e+004	  1.8852838420037956e+003	 -5.3039742686487361e+003	
  1.6530000000000000e+004	  1.8852838420037956e+003	 -5.3039742686487361e+003	
  1.6560000000000000e+004	  1.8852838420037956e+003	 -5.3039742686487361e+003	
  1.6590000000000000e+004	  1.8852838420037956e+003	 -5.3039742686487361e+003	
  1.6620000000000000e+004	  1.8852838420037956e+003	 -5.3039742686487361e+003	
  1.6650000000000000e+004	  1.8852838420037956e+003	 -5.3039742686487361e+003	
  1.6680000000000000e+004	  1.8852838420037956e+003	 -5.3039742686487361e+003	
  1.6710000000000000e+004	  1.8852838420037956e+003	 -5.3039742686487361e+003	
  1.6740000000000000e+004	  1.8852838420037956e+003	 -5.3039742686487361e+003	
  1.6770000000000000e+004	  1.8852838420037956e+003	 -5.3039742686487361e+003	
  1.6800000000000000e+004	  1.8852838420037956e+003	 -5.3039742686487361e+003	
  1.6830000000000000e+004	  1.8852838420037956e+003	 -5.3039742686487361e+003	
  1.6860000000000000e+004	  1.8852838420037956e+003	 -5.3039742686487361e+003	
  1.6890000000000000e+004	  1.8852838420037956e+003	 -5.3039742686487361e+003	
  1.6920000000000000e+004	  1.8852838420037956e+003	 -5.3039742686487361e+003	
  1.6950000000000000e+004	  1.8852838420037956e+003	 -5.3039742686487361e+003	
  1.6980000000000000e+004	  1.8852838420037956e+003	 -5.3039742686487361e+003	
  1.7010000000000000e+004	  1.8852838420037956e+003	 -5.3039742686487361e+003	
  1.7040000000000000e+004	  1.8852838420037956e+003	 -5.3039742686487361e+003	
  1.7070000000000000e+004	  1.8852838420037956e+003	 -5.3039742686487361e+003	
  1.7100000000000000e+004	  1.8852838420037956e+003	 -5.3039742686487361e+003	
  1.7130000000000000e+004	  1.8852838420037956e+003	 -5.3039742686487361e+003	
  1.7160000000000000e+004	  1.8852838420037956e+003	 -5.3039742686487361e+003	
  1.7190000000000000e+004	  1.8852838420037956e+003	 -5.3039742686487361e+003	
  1.7220000000000000e+004	  1.8852838420037956e+003	 -5.3039742686487361e+003	
  1.7250000000000000e+004	  1.8852838420037956e+003	 -5.3039742686487361e+003	
  1.7280000000000000e+004	  1.8852838420037956e+003	 -5.3039742686487361e+003	
  1.7310000000000000e+004	  1.8852838420037956e+003	 -5.3039742686487361e+003	
  1.7340000000000000e+004	  1.8852838420037956e+003	 -5.3039742686487361e+003	
  1.7370000000000000e+004	  1.8852838420037956e+003	 -5.3039742686487361e+003	
  1.7400000000000000e+004	  1.8852838420037956e+003	 -5.3039742686487361e+003	
  1.7430000000000000e+004	  1.8852838420037956e+003	 -5.3039742686487361e+003	
  1.7460000000000000e+004	  1.8852838420037956e+003	 -5.3039742686487361e+003	
  1.7490000000000000e+004	  1.8852838420037956e+003	 -5.3039742686487361e+003	
  1.7520000000000000e+004	  1.8852838420037956e+003	 -5.3039742686487361e+003	
  1.7550000000000000e+004	  1.8852838420037956e+003	 -5.3039742686487361e+003	
  1.7580000000000000e+004	  1.8852838420037956e+003	 -5.3039742686487361e+003	
  1.7610000000000000e+004	  1.8852838420037956e+003	 -5.3039742686487361e+003	
  1.7640000000000000e+004	  1.8852838420037956e+003	 -5.3039742686487361e+003	
  1.7670000000000000e+004	  1.8852838420037956e+003	 -5.3039742686487361e+003	
  1.7700000000000000e+004	  1.8852838420037956e+003	 -5.3039742686487361e+003	
  1.7730000000000000e+004	  1.8852838420037956e+003	 -5.3039742686487361e+003	
  1.7760000000000000e+004	  1.8852838420037956e+003	 -5.3039742686487361e+003	
  1.7790000000000000e+004	  1.8852838420037956e+003	 -5.3039742686487361e+003	
  1.7820000000000000e+004	  1.8852838420037956e+003	 -5.3039742686487361e+003	
  1.7850000000000000e+004	  1.8852838420037956e+003	 -5.3039742686487361e+003	
  1.7880000000000000e+004	  1.8852838420037956e+003	 -5.3039742686487361e+003	
  1.7910000000000000e+004	  1.8852838420037956e+003	 -5.3039742686487361e+003	
  1.7940000000000000e+004	  1.8852838420037956e+003	 -5.3039742686487361e+003	
  1.7970000000000000e+004	  1.8780906327491552e+003	 -5.2645041476496617e+003	
  1.8000000000000000e+004	  1.8953691311858267e+003	 -5.2623416745808390e+003	
  1.8030000000000000e+004	  1.9181834258348642e+003	 -5.2823787524808813e+003	
  1.8060000000000000e+004	  1.9384519179321401e+003	 -5.3001894875667385e+003	
  1.8090000000000000e+004	  1.9454039146998714e+003	 -5.3008573898135628e+003	
  1.8120000000000000e+004	  1.9471663916537698e+003	 -5.3014139759111758e+003	
  1.8150000000000000e+004	  1.9477538866466848e+003	 -5.3021931957343040e+003	
  1.8180000000000000e+004	  1.9477538866466848e+003	 -5.3030837328727348e+003	
  1.8210000000000000e+004	  1.9621474520386275e+003	 -5.3050874409764383e+003	
  1.8240000000000000e+004	  1.9668473929815455e+003	 -5.3389278383245046e+003	
  1.8270000000000000e+004	  1.9553912878967878e+003	 -5.3732135055214121e+003	
  1.8300000000000000e+004	  1.9702744322793803e+003	 -5.3926939978991231e+003	
  1.8330000000000000e+004	  1.9988657372976709e+003	 -5.4187421990072753e+003	
  1.8360000000000000e+004	  2.0194279775800783e+003	 -5.4533618171850785e+003	
  1.8390000000000000e+004	  2.0244216652912555e+003	 -5.4909869959414837e+003	
  1.8420000000000000e+004	  1.9957324444194312e+003	 -5.5233802723856161e+003	
  1.8450000000000000e+004	  1.9706660936890175e+003	 -5.5551056455205144e+003	
  1.8480000000000000e+004	  1.9604828903668313e+003	 -5.5651241859671873e+003	
  1.8510000000000000e+004	  1.9423685362120450e+003	 -5.5931760948124329e+003	
  1.8540000000000000e+004	  1.9199459047329062e+003	 -5.6203374665832844e+003	
  1.8570000000000000e+004	  1.9103501928860474e+003	 -5.6260146390250138e+003	
  1.8600000000000000e+004	  1.9145605561642326e+003	 -5.6137697574495833e+003	
  1.8630000000000000e+004	  1.9085877145996701e+003	 -5.6182224429548487e+003	
  1.8660000000000000e+004	  1.9111335170925297e+003	 -5.6235656639539529e+003	
  1.8690000000000000e+004	  1.9089793751170462e+003	 -5.6281296633088850e+003	
  1.8720000000000000e+004	  1.9087835454397184e+003	 -5.6300220542958477e+003	
  1.8750000000000000e+004	  1.9087835454397184e+003	 -5.6301333710449753e+003	
  1.8780000000000000e+004	  1.9087835454397184e+003	 -5.6295767853440257e+003	
  1.8810000000000000e+004	  1.8950753868728284e+003	 -5.6638624526447011e+003	
  1.8840000000000000e+004	  1.9148543020254081e+003	 -5.6920256804611345e+003	
  1.8870000000000000e+004	  1.8813672230174930e+003	 -5.7308753474945179e+003	
  1.8900000000000000e+004	  1.8420052252232949e+003	 -5.7604856959024946e+003	
  1.8930000000000000e+004	  1.8136097516152449e+003	 -5.7414504713291981e+003	
  1.8960000000000000e+004	  1.7665124310886363e+003	 -5.7258660768426298e+003	
  1.8990000000000000e+004	  1.7403690116031180e+003	 -5.6835655795963621e+003	
  1.9020000000000000e+004	  1.7301858046095517e+003	 -5.6790015785242458e+003	
  1.9050000000000000e+004	  1.7464397672437074e+003	 -5.6626379651985690e+003	
  1.9080000000000000e+004	  1.7594625194215498e+003	 -5.6568494748936409e+003	
  1.9110000000000000e+004	  1.7631833074459414e+003	 -5.6565155240567510e+003	
  1.9140000000000000e+004	  1.7616166606497297e+003	 -5.6636398191167618e+003	
  1.9170000000000000e+004	  1.7726811002991722e+003	 -5.6598550378396021e+003	
  1.9200000000000000e+004	  1.7794372662666151e+003	 -5.6611908420563814e+003	
  1.9230000000000000e+004	  1.7712123708542574e+003	 -5.6509496692171742e+003	
  1.9260000000000000e+004	  1.7702332161278002e+003	 -5.6523967911810596e+003	
  1.9290000000000000e+004	  1.7880538246750275e+003	 -5.6665340629146240e+003	
  1.9320000000000000e+004	  1.7912850333052761e+003	 -5.6736583571834681e+003	
  1.9350000000000000e+004	  1.7883475711022372e+003	 -5.6675359166091439e+003	
  1.9380000000000000e+004	  1.7828643052908092e+003	 -5.6679811851801496e+003	
  1.9410000000000000e+004	  1.7827663912729840e+003	 -5.6705414789181632e+003	
  1.9440000000000000e+004	  1.7810039135942638e+003	 -5.6660887938056076e+003	
  1.9470000000000000e+004	  1.7811018281472955e+003	 -5.6787789444375494e+003	
  1.9500000000000000e+004	  1.7871725863158199e+003	 -5.6769978708693470e+003	
  1.9530000000000000e+004	  1.7801226736679134e+003	 -5.6572947439435748e+003	
  1.9560000000000000e+004	  1.7717998629311667e+003	 -5.6615247931231361e+003	
  1.9590000000000000e+004	  1.7653374442740362e+003	 -5.6768865526202781e+003	
