  0.0000000000000000e+000	 -1.0807837814889328e+002	 -2.6843394579722980e+002	
  3.0000000000000000e+001	 -1.1179914086909682e+002	 -2.6732075037563527e+002	
  6.0000000000000000e+001	 -1.1248454325566510e+002	 -2.6676417137002187e+002	
  9.0000000000000000e+001	 -1.1023254658827882e+002	 -2.6631891857197166e+002	
  1.2000000000000000e+002	 -1.1033042221533752e+002	 -2.6464917865122612e+002	
  1.5000000000000000e+002	 -1.1365954136231494e+002	 -2.6386993135260036e+002	
  1.8000000000000000e+002	 -1.1297415182494962e+002	 -2.6186621242480805e+002	
  2.1000000000000000e+002	 -1.1072207925654739e+002	 -2.6164360406831224e+002	
  2.4000000000000000e+002	 -1.1904487458878381e+002	 -2.6520573465410303e+002	
  2.7000000000000000e+002	 -1.1199497184582765e+002	 -2.6498311958812093e+002	
  3.0000000000000000e+002	 -1.1336583802183405e+002	 -2.6442652201919321e+002	
  3.3000000000000000e+002	 -1.1356163185408644e+002	 -2.6353596794518904e+002	
  3.6000000000000000e+002	 -1.1023254658827882e+002	 -2.6709812268025308e+002	
  3.9000000000000000e+002	 -1.0484716621111077e+002	 -2.5641169660662558e+002	
  4.2000000000000000e+002	 -9.4174371141055175e+001	 -2.5251560121429821e+002	
  4.5000000000000000e+002	 -7.8997467130585818e+001	 -2.3448222002650371e+002	
  4.8000000000000000e+002	 -5.7064378624480590e+001	 -2.1622619502590277e+002	
  5.1000000000000000e+002	 -4.5706146346602537e+001	 -2.0798876580826811e+002	
  5.4000000000000000e+002	 -2.3381288407605048e+001	 -1.8917613898293382e+002	
  5.7000000000000000e+002	  8.2443776974043086e+000	 -1.7336912273478916e+002	
  6.0000000000000000e+002	  3.3996691344226498e+001	 -1.6301664106981210e+002	
  6.3000000000000000e+002	  5.7888170795083269e+001	 -1.4542848603537513e+002	
  6.6000000000000000e+002	  6.9833806551830548e+001	 -1.1759929115910613e+002	
  6.9000000000000000e+002	  5.7104806531109247e+001	 -8.5428606154400825e+001	
  7.2000000000000000e+002	  5.4461011454943367e+001	 -8.3981461698781644e+001	
  7.5000000000000000e+002	  5.0250703196008125e+001	 -5.7933325046776723e+001	
  7.8000000000000000e+002	  3.7325890276642397e+001	 -3.2107636791878640e+001	
  8.1000000000000000e+002	  3.0961330663255229e+001	 -6.9495985788375476e+000	
  8.4000000000000000e+002	  2.0582384118543761e+001	  1.5424257565642314e+001	
  8.7000000000000000e+002	 -2.7198601782190766e+000	  3.0563767995189647e+001	
  9.0000000000000000e+002	 -4.7766266874563126e+000	  6.0507993569409010e+001	
  9.3000000000000000e+002	 -1.5254078831686659e+001	  9.0229683058940765e+001	
  9.6000000000000000e+002	 -3.1998016103594559e+001	  1.1961741608221944e+002	
  9.9000000000000000e+002	 -3.7383318942264793e+001	  1.3063780711690922e+002	
  1.0200000000000000e+003	 -3.6502138053730555e+001	  1.3230762552674162e+002	
  1.0500000000000000e+003	 -3.6404139240652945e+001	  1.4021109050551698e+002	
  1.0800000000000000e+003	 -3.9341575778173720e+001	  1.4154693670112789e+002	
  1.1100000000000000e+003	 -3.0039582513182641e+001	  1.4432983814361685e+002	
  1.1400000000000000e+003	 -2.9354163582182082e+001	  1.4188085883769489e+002	
  1.1700000000000000e+003	 -2.8570903693474278e+001	  1.4021109050551698e+002	
  1.2000000000000000e+003	 -3.4837558089205302e+001	  1.3976587935511867e+002	
  1.2300000000000000e+003	 -3.2487562473589762e+001	  1.4043374566195169e+002	
  1.2600000000000000e+003	 -4.2474836382714436e+001	  1.5167675016670916e+002	
  1.2900000000000000e+003	 -5.3735211745500003e+001	  1.7694575344682400e+002	
  1.3200000000000000e+003	 -6.2547686915484697e+001	  1.9687151021988876e+002	
  1.3500000000000000e+003	 -6.4408040238216984e+001	  2.0343921988784433e+002	
  1.3800000000000000e+003	 -6.6855887703161699e+001	  2.0533161181390790e+002	
  1.4100000000000000e+003	 -6.4505922884375607e+001	  2.0232606272304514e+002	
  1.4400000000000000e+003	 -6.3820563883648866e+001	  2.0377320467500078e+002	
  1.4700000000000000e+003	 -6.5778874347274055e+001	  2.0032234357937097e+002	
  1.5000000000000000e+003	 -6.5485116276891944e+001	  2.0065629455831933e+002	
  1.5300000000000000e+003	 -7.9389137837664364e+001	  2.4184360515031398e+002	
  1.5600000000000000e+003	 -8.2620307994222486e+001	  3.3857819324918825e+002	
  1.5900000000000000e+003	 -6.4114270530125125e+001	  4.5000660371704856e+002	
  1.6200000000000000e+003	 -4.4041603675673016e+001	  5.6065580268642680e+002	
  1.6500000000000000e+003	 -1.2708327107497119e+001	  6.7252949225582506e+002	
  1.6800000000000000e+003	  2.6946870988611344e+001	  7.7861468654539738e+002	
  1.7100000000000000e+003	  5.1131926362564876e+001	  8.5976485413825412e+002	
  1.7400000000000000e+003	  7.4142101706287605e+001	  9.5683336173659143e+002	
  1.7700000000000000e+003	  3.4486283672843008e+001	  1.0438833310820110e+003	
  1.8000000000000000e+003	  1.3140578884962499e+001	  1.1096717424173264e+003	
  1.8300000000000000e+003	  7.9504479139576336e+000	  1.1376123394380165e+003	
  1.8600000000000000e+003	  7.7549057341477923e+000	  1.1430668678065304e+003	
  1.8900000000000000e+003	  2.9554108588476296e+000	  1.1514156551532283e+003	
  1.9200000000000000e+003	 -1.2500508484445019e+000	  1.1781317552595067e+003	
  1.9500000000000000e+003	 -1.4862383425897681e+001	  1.2012857126257381e+003	
  1.9800000000000000e+003	 -3.9341575778173720e+001	  1.2188738202501931e+003	
  2.0100000000000000e+003	 -6.2939328852455695e+001	  1.2162022046527634e+003	
  2.0400000000000000e+003	 -8.6341167575504699e+001	  1.2067402534405503e+003	
  2.0700000000000000e+003	 -9.7895177074493986e+001	  1.2259981121932642e+003	
  2.1000000000000000e+003	 -9.6915983008483479e+001	  1.2366845538195666e+003	
  2.1300000000000000e+003	 -8.8495245184007274e+001	  1.2512670929562451e+003	
  2.1600000000000000e+003	 -8.6830682835233176e+001	  1.2507105081495695e+003	
  2.1900000000000000e+003	 -9.0943170138857639e+001	  1.2642911956746661e+003	
  2.2200000000000000e+003	 -6.9499624907204293e+001	  1.2674080730021997e+003	
  2.2500000000000000e+003	 -6.5974670948220847e+001	  1.2661835868984942e+003	
  2.2800000000000000e+003	 -6.7149702192784261e+001	  1.2650704138120971e+003	
  2.3100000000000000e+003	 -6.7149702192784261e+001	  1.2650704138120971e+003	
  2.3400000000000000e+003	 -6.6268439729464689e+001	  1.2651817277185698e+003	
  2.3700000000000000e+003	 -6.6758000433487013e+001	  1.2656270031993122e+003	
  2.4000000000000000e+003	 -6.8324686044540087e+001	  1.2667401684824044e+003	
  2.4300000000000000e+003	 -6.8128815317019402e+001	  1.2669627996688041e+003	
  2.4600000000000000e+003	 -6.5974670948220847e+001	  1.2672967550812273e+003	
  2.4900000000000000e+003	 -6.6758000433487013e+001	  1.2665175373862151e+003	
  2.5200000000000000e+003	 -6.3722620708535288e+001	  1.2688551964183832e+003	
  2.5500000000000000e+003	 -6.2449772335556155e+001	  1.2682986064833724e+003	
  2.5800000000000000e+003	 -6.3820563883648866e+001	  1.2676307080198269e+003	
  2.6100000000000000e+003	 -6.4897647316026791e+001	  1.2698570488446719e+003	
  2.6400000000000000e+003	 -6.5289235008545276e+001	  1.2695230981319903e+003	
  2.6700000000000000e+003	 -6.4114270530125125e+001	  1.2686325591321133e+003	
  2.7000000000000000e+003	 -6.3037199456983586e+001	  1.2690778302338445e+003	
  2.7300000000000000e+003	 -6.3428880582498536e+001	  1.2709702190366802e+003	
  2.7600000000000000e+003	 -6.5387179923688620e+001	  1.2703023209209698e+003	
  2.7900000000000000e+003	 -6.5680963450674795e+001	  1.2708589004071371e+003	
  2.8200000000000000e+003	 -6.8030967210371145e+001	  1.2646251459157438e+003	
  2.8500000000000000e+003	 -6.9793375103331059e+001	  1.2626214358708937e+003	
  2.8800000000000000e+003	 -7.1164169495983117e+001	  1.2640685584220466e+003	
  2.9100000000000000e+003	 -7.6647542089096788e+001	  1.2680759747598347e+003	
  2.9400000000000000e+003	 -7.4297512197150184e+001	  1.3105991097485598e+003	
  2.9700000000000000e+003	 -7.9976604992529019e+001	  1.3213968634344783e+003	
  3.0000000000000000e+003	 -1.0504301638678685e+002	  1.3378717981634591e+003	
  3.0300000000000000e+003	 -1.1042833378563857e+002	  1.3408773620695365e+003	
  3.0600000000000000e+003	 -1.1160333047059635e+002	  1.3421018462073348e+003	
  3.0900000000000000e+003	 -1.0837211716547094e+002	  1.3427697502438493e+003	
  3.1200000000000000e+003	 -1.0670751387343111e+002	  1.3435489671115815e+003	
  3.1500000000000000e+003	 -1.0465133790882159e+002	  1.3473337540730445e+003	
  3.1800000000000000e+003	 -1.0709922084152237e+002	  1.3466658499167838e+003	
  3.2100000000000000e+003	 -1.0895962360773622e+002	  1.3438829219546305e+003	
  3.2400000000000000e+003	 -1.1072207925654739e+002	  1.3424358010748497e+003	
  3.2700000000000000e+003	 -1.0954711245205807e+002	  1.3422131647560720e+003	
  3.3000000000000000e+003	 -1.0964498209020110e+002	  1.3419905318860749e+003	
  3.3300000000000000e+003	 -1.1904487458878381e+002	  1.3438829219546305e+003	
  3.3600000000000000e+003	 -1.1140750022060426e+002	  1.3488921899836714e+003	
  3.3900000000000000e+003	 -1.1130955733160634e+002	  1.3457753122139725e+003	
  3.4200000000000000e+003	 -1.0279090308311888e+002	  1.3520090674247340e+003	
  3.4500000000000000e+003	 -9.7993069901334337e+001	  1.3623615586044109e+003	
  3.4800000000000000e+003	 -9.8482633625441082e+001	  1.3799496605074428e+003	
  3.5100000000000000e+003	 -9.6426380635190128e+001	  1.3984283009896153e+003	
  3.5400000000000000e+003	 -9.6818074017066309e+001	  1.4192446014384193e+003	
  3.5700000000000000e+003	 -9.7503502990863382e+001	  1.4438456776143830e+003	
  3.6000000000000000e+003	 -9.7699328291435251e+001	  1.4695599273355840e+003	
  3.6300000000000000e+003	 -9.8188884731711966e+001	  1.4934931038512777e+003	
  3.6600000000000000e+003	 -9.1530640891997521e+001	  1.5113038411719185e+003	
  3.6900000000000000e+003	 -8.9376551295752535e+001	  1.5121943768430401e+003	
  3.7200000000000000e+003	 -8.7320298521788956e+001	  1.5151999338583698e+003	
  3.7500000000000000e+003	 -8.8201516549348653e+001	  1.5164244249107726e+003	
  3.7800000000000000e+003	 -9.0159832132346580e+001	  1.5164244249107726e+003	
  3.8100000000000000e+003	 -8.8103611520924602e+001	  1.5159791585623886e+003	
  3.8400000000000000e+003	 -8.7907731221511909e+001	  1.5174262778915138e+003	
  3.8700000000000000e+003	 -8.8984837625799940e+001	  1.5200978892383257e+003	
  3.9000000000000000e+003	 -8.7809858658499422e+001	  1.5192073519248561e+003	
  3.9300000000000000e+003	 -8.9376551295752535e+001	  1.5185394512071307e+003	
  3.9600000000000000e+003	 -9.0257758405638882e+001	  1.5186507670794572e+003	
  3.9900000000000000e+003	 -9.0355678514091707e+001	  1.5176489130012769e+003	
  4.0200000000000000e+003	 -9.0551550191542390e+001	  1.5148659880384869e+003	
  4.0500000000000000e+003	 -8.9866066377399008e+001	  1.5158678401599568e+003	
  4.0800000000000000e+003	 -8.8789019418420466e+001	  1.5165357441503515e+003	
  4.1100000000000000e+003	 -8.9180681641462343e+001	  1.5190960322428793e+003	
  4.1400000000000000e+003	 -8.8789019418420466e+001	  1.5160904747490824e+003	
  4.1700000000000000e+003	 -8.8593176212917982e+001	  1.5176489130012769e+003	
  4.2000000000000000e+003	 -8.9963961010716702e+001	  1.5195413036496689e+003	
  4.2300000000000000e+003	 -9.0061949820306111e+001	  1.5178715481851611e+003	
  4.2600000000000000e+003	 -8.8984837625799940e+001	  1.5135301810982903e+003	
  4.2900000000000000e+003	 -8.8886931636549292e+001	  1.5185394512071307e+003	
  4.3200000000000000e+003	 -9.0355678514091707e+001	  1.5251071603670716e+003	
  4.3500000000000000e+003	 -9.1922314876270178e+001	  1.5345691103891006e+003	
  4.3800000000000000e+003	 -8.8789019418420466e+001	  1.5254411083706093e+003	
  4.4100000000000000e+003	 -8.7907731221511909e+001	  1.5213223803534229e+003	
  4.4400000000000000e+003	 -8.9866066377399008e+001	  1.5237713537333232e+003	
  4.4700000000000000e+003	 -8.9670208316917510e+001	  1.5238826697396476e+003	
  4.5000000000000000e+003	 -8.8789019418420466e+001	  1.5210997425369681e+003	
  4.5300000000000000e+003	 -8.9963961010716702e+001	  1.5237713537333232e+003	
  4.5600000000000000e+003	 -8.7418202564197117e+001	  1.5206544760334784e+003	
  4.5900000000000000e+003	 -8.3795294806107961e+001	  1.5206544760334784e+003	
  4.6200000000000000e+003	 -7.5962095918141614e+001	  1.5342351622553304e+003	
  4.6500000000000000e+003	 -7.5472518421631520e+001	  1.5602833629609877e+003	
  4.6800000000000000e+003	 -5.8337289017868393e+001	  1.5753111735400960e+003	
  4.7100000000000000e+003	 -4.6097834035406031e+001	  1.5828807318417657e+003	
  4.7400000000000000e+003	 -2.9647939867684851e+001	  1.5998009341891825e+003	
  4.7700000000000000e+003	 -6.5391116769475426e+000	  1.6210625024838723e+003	
  4.8000000000000000e+003	  8.1462858935914753e+000	  1.6357563566426161e+003	
  4.8300000000000000e+003	  7.8527103577242174e+000	  1.6472220185256515e+003	
  4.8600000000000000e+003	  4.5231264669125242e+000	  1.6595782155252591e+003	
  4.8900000000000000e+003	 -3.6808681163357060e-001	  1.6660346058280620e+003	
  4.9200000000000000e+003	  1.2161356528813767e+001	  1.6515633842471229e+003	
  4.9500000000000000e+003	  1.4706899231128540e+001	  1.6785021214704741e+003	
  4.9800000000000000e+003	  1.9211404804821118e+001	  1.7018787134738416e+003	
  5.0100000000000000e+003	  5.0740291908847624e+001	  1.7126764730940631e+003	
  5.0400000000000000e+003	  7.4827501144599083e+001	  1.7226950151694075e+003	
  5.0700000000000000e+003	  9.6466838786676462e+001	  1.7263684754256501e+003	
  5.1000000000000000e+003	  1.1507079016994953e+002	  1.7390586254676612e+003	
  5.1300000000000000e+003	  1.2642897004573719e+002	  1.7482979452760023e+003	
  5.1600000000000000e+003	  1.3112893121360779e+002	  1.7684463393601295e+003	
  5.1900000000000000e+003	  1.3367471788256154e+002	  1.7727877082369876e+003	
  5.2200000000000000e+003	  1.3259765625706297e+002	  1.7814704415762576e+003	
  5.2500000000000000e+003	  1.4180173579898283e+002	  1.8012848830468977e+003	
  5.2800000000000000e+003	  1.3994132609640005e+002	  1.8060715215995795e+003	
  5.3100000000000000e+003	  1.4640372411654582e+002	  1.8031772730459754e+003	
  5.3400000000000000e+003	  1.5051621383056684e+002	  1.8030659595454044e+003	
  5.3700000000000000e+003	  1.5012455697676660e+002	  1.8035112249129406e+003	
  5.4000000000000000e+003	  1.4845995686301657e+002	  1.8016188372487302e+003	
  5.4300000000000000e+003	  1.5560781622560745e+002	  1.8308952333385935e+003	
  5.4600000000000000e+003	  1.5570571028604218e+002	  1.8414703568053822e+003	
  5.4900000000000000e+003	  1.5355156540857570e+002	  1.8490399211927195e+003	
  5.5200000000000000e+003	  1.5139743624198169e+002	  1.8462569922851205e+003	
  5.5500000000000000e+003	  1.5355156540857570e+002	  1.8441419671760789e+003	
  5.5800000000000000e+003	  1.6069938390054625e+002	  1.8357931855765837e+003	
  5.6100000000000000e+003	  1.6040565557961580e+002	  1.8267765006410650e+003	
  5.6400000000000000e+003	  1.6334311418288254e+002	  1.8134184463255995e+003	
  5.6700000000000000e+003	  1.6011189613304393e+002	  1.8154221548786613e+003	
  5.7000000000000000e+003	  1.6402850346022669e+002	  1.8197635246178886e+003	
  5.7300000000000000e+003	  1.6207020178849490e+002	  1.8188729883681713e+003	
  5.7600000000000000e+003	  1.5883899166127446e+002	  1.8167579600620197e+003	
  5.7900000000000000e+003	  1.6060146853445386e+002	  1.8214332809012769e+003	
  5.8200000000000000e+003	  1.6422434180145675e+002	  1.8217672304691653e+003	
  5.8500000000000000e+003	  1.6069938390054625e+002	  1.8168692773651946e+003	
  5.8800000000000000e+003	  1.5991607678055112e+002	  1.8183163981284474e+003	
  5.9100000000000000e+003	  1.6030772984012572e+002	  1.8177598138642195e+003	
  5.9400000000000000e+003	  1.5815358634589074e+002	  1.8149768853230169e+003	
  5.9700000000000000e+003	  1.5678277401105026e+002	  1.8222124988429209e+003	
  6.0000000000000000e+003	  1.6236397854755995e+002	  1.8229917181641533e+003	
  6.0300000000000000e+003	  1.5952439641839607e+002	  1.8278896715756050e+003	
  6.0600000000000000e+003	  1.5942649594015597e+002	  1.8216559124847652e+003	
  6.0900000000000000e+003	  1.5727234307581000e+002	  1.8192069362421958e+003	
  6.1200000000000000e+003	  1.6177647779821302e+002	  1.8165353273668611e+003	
  6.1500000000000000e+003	  1.6030772984012572e+002	  1.8096336650867881e+003	
  6.1800000000000000e+003	  1.5492239996429333e+002	  1.8136410806370118e+003	
  6.2100000000000000e+003	  1.5306201589639244e+002	  1.8168692773651946e+003	
  6.2400000000000000e+003	  1.5629320292502001e+002	  1.8139750331544290e+003	
  6.2700000000000000e+003	  1.5913277369349876e+002	  1.8141976663765390e+003	
  6.3000000000000000e+003	  1.5002660341743638e+002	  1.8209880104818867e+003	
  6.3300000000000000e+003	  1.5315988585118862e+002	  1.8182050874542736e+003	
  6.3600000000000000e+003	  1.5296405379715566e+002	  1.8109694705194481e+003	
  6.3900000000000000e+003	  1.4924329320547884e+002	  1.7927134685454027e+003	
  6.4200000000000000e+003	  1.4797037941709775e+002	  1.7813591255053652e+003	
  6.4500000000000000e+003	  1.4826413102072758e+002	  1.7803572695372018e+003	
  6.4800000000000000e+003	  1.4885162453375591e+002	  1.7810251710491400e+003	
  6.5100000000000000e+003	  1.4395582970834627e+002	  1.7721198061580014e+003	
  6.5400000000000000e+003	  1.3357680551298427e+002	  1.7584278006858908e+003	
  6.5700000000000000e+003	  1.1839989727698843e+002	  1.7444018451345939e+003	
  6.6000000000000000e+003	  1.0616047372955781e+002	  1.7311551124808489e+003	
  6.6300000000000000e+003	  7.9821218545941932e+001	  1.7288174525045745e+003	
  6.6600000000000000e+003	  6.6015183575812628e+001	  1.7245874037800377e+003	
  6.6900000000000000e+003	  5.0152824273560995e+001	  1.7068879832427592e+003	
  6.7200000000000000e+003	  1.7252764582744646e+001	  1.7097822291922587e+003	
  6.7500000000000000e+003	 -6.4409933438208844e+000	  1.7173517915933533e+003	
  6.7800000000000000e+003	 -1.3296037495905129e+001	  1.7302645757419007e+003	
  6.8100000000000000e+003	 -2.1814643489864014e+001	  1.7319343284197794e+003	
  6.8400000000000000e+003	 -2.3968830382759801e+001	  1.7331588193947202e+003	
  6.8700000000000000e+003	 -2.3185573707210171e+001	  1.7304872078713927e+003	
  6.9000000000000000e+003	 -2.1716705965107060e+001	  1.7330475013005980e+003	
  6.9300000000000000e+003	 -2.0443679809797764e+001	  1.7318230124599213e+003	
  6.9600000000000000e+003	 -2.3968830382759801e+001	  1.7304872078713927e+003	
  6.9900000000000000e+003	 -2.2402147608109743e+001	  1.7303758901671799e+003	
  7.0200000000000000e+003	 -1.9954243738138398e+001	  1.7289287686745570e+003	
  7.0500000000000000e+003	 -1.7702131219859801e+001	  1.7292627212006696e+003	
  7.0800000000000000e+003	 -1.9366870483409453e+001	  1.7319343284197794e+003	
  7.1100000000000000e+003	 -1.9072912241873254e+001	  1.7327135510249150e+003	
  7.1400000000000000e+003	 -1.9758411820018456e+001	  1.7329361838741709e+003	
  7.1700000000000000e+003	 -1.9758411820018456e+001	  1.7322682829158512e+003	
  7.2000000000000000e+003	 -1.9856455477800587e+001	  1.7333814523746059e+003	
  7.2300000000000000e+003	 -1.9954243738138398e+001	  1.7330475013005980e+003	
  7.2600000000000000e+003	 -1.9758411820018456e+001	  1.7326022329957082e+003	
  7.2900000000000000e+003	 -1.8681508709456704e+001	  1.7332701329451454e+003	
  7.3200000000000000e+003	 -1.5939759856781183e+001	  1.7331588193947202e+003	
  7.3500000000000000e+003	 -1.6918918537895237e+001	  1.7329361838741709e+003	
  7.3800000000000000e+003	 -1.6331609893365258e+001	  1.7350512092915581e+003	
  7.4100000000000000e+003	 -1.6527056852678434e+001	  1.7336040854199364e+003	
  7.4400000000000000e+003	 -1.7408599505132639e+001	  1.7344946234627844e+003	
  7.4700000000000000e+003	 -2.1325117188496357e+001	  1.7350512092915581e+003	
  7.5000000000000000e+003	 -1.9366870483409453e+001	  1.7356077961772514e+003	
  7.5300000000000000e+003	 -1.8485386622766466e+001	  1.7341606732024677e+003	
  7.5600000000000000e+003	 -1.8877028682772607e+001	  1.7348285745207663e+003	
  7.5900000000000000e+003	 -1.6722920198982308e+001	  1.7354964764255938e+003	
  7.6200000000000000e+003	 -1.6233699509803145e+001	  1.7358304324760973e+003	
  7.6500000000000000e+003	 -1.7702131219859801e+001	  1.7361643789162731e+003	
  7.6800000000000000e+003	 -1.7898004368031007e+001	  1.7363870140768897e+003	
  7.7100000000000000e+003	 -1.6722920198982308e+001	  1.7361643789162731e+003	
  7.7400000000000000e+003	 -1.5646071051342403e+001	  1.7357191113914105e+003	
  7.7700000000000000e+003	 -1.7898004368031007e+001	  1.7356077961772514e+003	
  7.8000000000000000e+003	 -1.6625141137242551e+001	  1.7351625263759524e+003	
  7.8300000000000000e+003	 -1.4568985741903530e+001	  1.7366096519029002e+003	
  7.8600000000000000e+003	 -1.6429211672209831e+001	  1.7337154016415152e+003	
  7.8900000000000000e+003	 -1.5646071051342403e+001	  1.7360530662379892e+003	
  7.9200000000000000e+003	 -1.4862383425897681e+001	  1.7359417438204530e+003	
  7.9500000000000000e+003	 -1.8583341850626333e+001	  1.7326022329957082e+003	
  7.9800000000000000e+003	 -1.8485386622766466e+001	  1.7361643789162731e+003	
  8.0100000000000000e+003	 -1.7898004368031007e+001	  1.7360530662379892e+003	
  8.0400000000000000e+003	 -1.6625141137242551e+001	  1.7348285745207663e+003	
  8.0700000000000000e+003	 -1.7016601946351997e+001	  1.7350512092915581e+003	
  8.1000000000000000e+003	 -1.6918918537895237e+001	  1.7348285745207663e+003	
  8.1300000000000000e+003	 -1.7212667113449939e+001	  1.7354964764255938e+003	
  8.1600000000000000e+003	 -1.7408599505132639e+001	  1.7359417438204530e+003	
  8.1900000000000000e+003	 -1.7604147011112293e+001	  1.7361643789162731e+003	
  8.2200000000000000e+003	 -1.7604147011112293e+001	  1.7362756974639037e+003	
  8.2500000000000000e+003	 -1.7800083497412853e+001	  1.7362756974639037e+003	
  8.2800000000000000e+003	 -1.7800083497412853e+001	  1.7363870140768897e+003	
  8.3100000000000000e+003	 -1.7604147011112293e+001	  1.7359417438204530e+003	
  8.3400000000000000e+003	 -1.7604147011112293e+001	  1.7356077961772514e+003	
  8.3700000000000000e+003	 -1.7506130335000535e+001	  1.7351625263759524e+003	
  8.4000000000000000e+003	 -1.7310519176332718e+001	  1.7351625263759524e+003	
  8.4300000000000000e+003	 -1.7995894344396941e+001	  1.7354964764255938e+003	
  8.4600000000000000e+003	 -1.7995894344396941e+001	  1.7356077961772514e+003	
  8.4900000000000000e+003	 -1.7604147011112293e+001	  1.7354964764255938e+003	
  8.5200000000000000e+003	 -1.7800083497412853e+001	  1.7350512092915581e+003	
  8.5500000000000000e+003	 -1.8093753927938554e+001	  1.7352738441272718e+003	
  8.5800000000000000e+003	 -1.8093753927938554e+001	  1.7353851599429318e+003	
  8.6100000000000000e+003	 -1.7506130335000535e+001	  1.7350512092915581e+003	
  8.6400000000000000e+003	 -1.7212667113449939e+001	  1.7351625263759524e+003	
  8.6700000000000000e+003	 -1.6722920198982308e+001	  1.7349398928742169e+003	
  8.7000000000000000e+003	 -1.6331609893365258e+001	  1.7346059398149216e+003	
  8.7300000000000000e+003	 -1.5939759856781183e+001	  1.7343833077780087e+003	
  8.7600000000000000e+003	 -1.5743906708015393e+001	  1.7341606732024677e+003	
  8.7900000000000000e+003	 -1.6429211672209831e+001	  1.7340493569157518e+003	
  8.8200000000000000e+003	 -1.6233699509803145e+001	  1.7372775501675887e+003	
  8.8500000000000000e+003	 -1.5841423232918691e+001	  1.7385020393149705e+003	
  8.8800000000000000e+003	 -1.5156359051905119e+001	  1.7329361838741709e+003	
  8.9100000000000000e+003	 -1.7800083497412853e+001	  1.7332701329451454e+003	
  8.9400000000000000e+003	 -1.9562466417905174e+001	  1.7357191113914105e+003	
  8.9700000000000000e+003	 -2.0052005566367846e+001	  1.7363870140768897e+003	
  9.0000000000000000e+003	 -2.2206345131761889e+001	  1.7372775501675887e+003	
  9.0300000000000000e+003	 -2.2108304293984997e+001	  1.7379454568161932e+003	
  9.0600000000000000e+003	 -2.0150189612337780e+001	  1.7357191113914105e+003	
  9.0900000000000000e+003	 -1.8975104225664900e+001	  1.7356077961772514e+003	
  9.1200000000000000e+003	 -2.1129166239771870e+001	  1.7387246738572653e+003	
  9.1500000000000000e+003	 -2.2010647503125675e+001	  1.7383907204444247e+003	
  9.1800000000000000e+003	 -2.0737807562659217e+001	  1.7383907204444247e+003	
  9.2100000000000000e+003	 -1.9758411820018456e+001	  1.7386133588509317e+003	
  9.2400000000000000e+003	 -2.1814643489864014e+001	  1.7393925778731104e+003	
  9.2700000000000000e+003	 -2.1227048682174804e+001	  1.7373888675770222e+003	
  9.3000000000000000e+003	 -1.9366870483409453e+001	  1.7350512092915581e+003	
  9.3300000000000000e+003	 -2.0541750620598624e+001	  1.7333814523746059e+003	
  9.3600000000000000e+003	 -2.0052005566367846e+001	  1.7324909182411798e+003	
  9.3900000000000000e+003	 -1.9954243738138398e+001	  1.7312664270379460e+003	
  9.4200000000000000e+003	 -1.9562466417905174e+001	  1.7319343284197794e+003	
  9.4500000000000000e+003	 -1.9268913919126764e+001	  1.7308211597767593e+003	
  9.4800000000000000e+003	 -1.8681508709456704e+001	  1.7312664270379460e+003	
  9.5100000000000000e+003	 -2.0052005566367846e+001	  1.7348285745207663e+003	
  9.5400000000000000e+003	 -1.9562466417905174e+001	  1.7337154016415152e+003	
  9.5700000000000000e+003	 -1.7506130335000535e+001	  1.7301532541548856e+003	
  9.6000000000000000e+003	 -1.8779162414382949e+001	  1.7292627212006696e+003	
  9.6300000000000000e+003	 -1.9464798125669031e+001	  1.7305985236345982e+003	
  9.6600000000000000e+003	 -1.6625141137242551e+001	  1.7252553045013872e+003	
  9.6900000000000000e+003	 -1.3197850029276008e+001	  1.7226950151694075e+003	
  9.7200000000000000e+003	 -1.5352059141253186e+001	  1.7244760849772679e+003	
  9.7500000000000000e+003	 -1.7800083497412853e+001	  1.7272590102041602e+003	
  9.7800000000000000e+003	 -1.8779162414382949e+001	  1.7281495486434953e+003	
  9.8100000000000000e+003	 -1.7310519176332718e+001	  1.7269250650966922e+003	
  9.8400000000000000e+003	 -1.6429211672209831e+001	  1.7269250650966922e+003	
  9.8700000000000000e+003	 -1.8191831868590523e+001	  1.7292627212006696e+003	
  9.9000000000000000e+003	 -1.9170927989477487e+001	  1.7302645757419007e+003	
  9.9300000000000000e+003	 -2.0541750620598624e+001	  1.7326022329957082e+003	
  9.9600000000000000e+003	 -2.2206345131761889e+001	  1.7349398928742169e+003	
  9.9900000000000000e+003	 -2.3283345744887072e+001	  1.7382794022394214e+003	
  1.0020000000000000e+004	 -2.1912555493558244e+001	  1.7368322845924156e+003	
  1.0050000000000000e+004	 -1.8779162414382949e+001	  1.7307098452856296e+003	
  1.0080000000000000e+004	 -1.7114783352883919e+001	  1.7288174525045745e+003	
  1.0110000000000000e+004	 -1.7016601946351997e+001	  1.7284835027869083e+003	
  1.0140000000000000e+004	 -1.6918918537895237e+001	  1.7290400881259925e+003	
  1.0170000000000000e+004	 -1.7506130335000535e+001	  1.7300419384572201e+003	
  1.0200000000000000e+004	 -2.1129166239771870e+001	  1.7362756974639037e+003	
  1.0230000000000000e+004	 -2.1520962813780038e+001	  1.7364983313563910e+003	
  1.0260000000000000e+004	 -2.0933538500215246e+001	  1.7353851599429318e+003	
  1.0290000000000000e+004	 -1.8583341850626333e+001	  1.7293740374361632e+003	
  1.0320000000000000e+004	 -1.6429211672209831e+001	  1.7226950151694075e+003	
  1.0350000000000000e+004	 -1.7114783352883919e+001	  1.7280382345483979e+003	
  1.0380000000000000e+004	 -1.8681508709456704e+001	  1.7292627212006696e+003	
  1.0410000000000000e+004	 -2.0443679809797764e+001	  1.7281495486434953e+003	
  1.0440000000000000e+004	 -1.9170927989477487e+001	  1.7313777474807530e+003	
  1.0470000000000000e+004	 -1.8289630799774670e+001	  1.7322682829158512e+003	
  1.0500000000000000e+004	 -1.8387646408098195e+001	  1.7300419384572201e+003	
  1.0530000000000000e+004	 -1.8191831868590523e+001	  1.7285948195607889e+003	
  1.0560000000000000e+004	 -1.8779162414382949e+001	  1.7254779416962340e+003	
  1.0590000000000000e+004	 -1.5939759856781183e+001	  1.7183536441177775e+003	
  1.0620000000000000e+004	 -1.8975104225664900e+001	  1.7264797925426094e+003	
  1.0650000000000000e+004	 -1.9954243738138398e+001	  1.7288174525045745e+003	
  1.0680000000000000e+004	 -2.1716705965107060e+001	  1.7317116945605280e+003	
  1.0710000000000000e+004	 -2.1912555493558244e+001	  1.7352738441272718e+003	
  1.0740000000000000e+004	 -2.0052005566367846e+001	  1.7347172620412077e+003	
  1.0770000000000000e+004	 -1.6820936350572346e+001	  1.7307098452856296e+003	
  1.0800000000000000e+004	 -1.6037493524215364e+001	  1.7293740374361632e+003	
  1.0830000000000000e+004	 -1.5254078831686659e+001	  1.7318230124599213e+003	
  1.0860000000000000e+004	 -1.7408599505132639e+001	  1.7298193064586783e+003	
  1.0890000000000000e+004	 -1.5646071051342403e+001	  1.7330475013005980e+003	
  1.0920000000000000e+004	 -1.7114783352883919e+001	  1.7300419384572201e+003	
  1.0950000000000000e+004	 -1.7898004368031007e+001	  1.7290400881259925e+003	
  1.0980000000000000e+004	 -2.5045776412555494e+001	  1.7277042832143704e+003	
  1.1010000000000000e+004	 -1.9856455477800587e+001	  1.7319343284197794e+003	
  1.1040000000000000e+004	 -2.1227048682174804e+001	  1.7309324801551213e+003	
  1.1070000000000000e+004	 -2.6416736785022486e+001	  1.7291514030227336e+003	
  1.1100000000000000e+004	 -2.3260446060246127e+000	  1.7121198860255734e+003	
  1.1130000000000000e+004	  3.6738432243385262e+001	  1.7157933532561653e+003	
  1.1160000000000000e+004	  6.5133825452112632e+001	  1.7295966693036537e+003	
  1.1190000000000000e+004	  9.3921060478088805e+001	  1.7312664270379460e+003	
  1.1220000000000000e+004	  1.1996656392598106e+002	  1.7471847774195903e+003	
  1.1250000000000000e+004	  1.3269554234866743e+002	  1.7696708291285436e+003	
  1.1280000000000000e+004	  1.4679540176723992e+002	  1.7999490764221109e+003	
  1.1310000000000000e+004	  1.5668483228523863e+002	  1.8276670382535533e+003	
  1.1340000000000000e+004	  1.4464128827853372e+002	  1.8596150471823353e+003	
  1.1370000000000000e+004	  1.5149536797677268e+002	  1.8586131905830543e+003	
  1.1400000000000000e+004	  1.5834944617837454e+002	  1.8580566067471159e+003	
  1.1430000000000000e+004	  1.5462862132090692e+002	  1.8591697754068637e+003	
  1.1460000000000000e+004	  1.5785987023121291e+002	  1.8613961197105259e+003	
  1.1490000000000000e+004	  1.6011189613304393e+002	  1.8625092880716099e+003	
  1.1520000000000000e+004	  1.5648902467681401e+002	  1.8625092880716099e+003	
  1.1550000000000000e+004	  1.4943913546960565e+002	  1.8613961197105259e+003	
  1.1580000000000000e+004	  1.4836203058990534e+002	  1.8615074339914684e+003	
  1.1610000000000000e+004	  1.4738289706206390e+002	  1.8631771912713718e+003	
  1.1640000000000000e+004	  1.5315988585118862e+002	  1.8595037264835082e+003	
  1.1670000000000000e+004	  1.3680801920482097e+002	  1.8718599267396412e+003	
  1.1700000000000000e+004	  1.4297671918259331e+002	  1.8708580733249075e+003	
  1.1730000000000000e+004	  1.4885162453375591e+002	  1.8633998257923865e+003	
  1.1760000000000000e+004	  1.5404114231277333e+002	  1.8563868490112854e+003	
  1.1790000000000000e+004	  1.5482444817734356e+002	  1.8276670382535533e+003	
  1.1820000000000000e+004	  1.4287876467608277e+002	  1.8000603970044822e+003	
  1.1850000000000000e+004	  1.3230390480674114e+002	  1.7716745333259221e+003	
  1.1880000000000000e+004	  1.2026029502291539e+002	  1.7480753079582266e+003	
  1.1910000000000000e+004	  1.0802090584255227e+002	  1.7347172620412077e+003	
  1.1940000000000000e+004	  8.0702449350856682e+001	  1.7333814523746059e+003	
  1.1970000000000000e+004	  6.2196433590087778e+001	  1.7243647694645090e+003	
  1.2000000000000000e+004	  3.2527851884594448e+001	  1.7191328645441927e+003	
  1.2030000000000000e+004	  3.2494651472760765e+000	  1.7171291607293854e+003	
  1.2060000000000000e+004	 -2.0247897559813058e+001	  1.7380567704250113e+003	
  1.2090000000000000e+004	 -1.7604147011112293e+001	  1.7338267237402765e+003	
  1.2120000000000000e+004	 -1.8191831868590523e+001	  1.7383907204444247e+003	
  1.2150000000000000e+004	 -1.9366870483409453e+001	  1.7357191113914105e+003	
  1.2180000000000000e+004	 -1.9072912241873254e+001	  1.7338267237402765e+003	
  1.2210000000000000e+004	 -2.0443679809797764e+001	  1.7363870140768897e+003	
  1.2240000000000000e+004	 -1.9170927989477487e+001	  1.7383907204444247e+003	
  1.2270000000000000e+004	 -1.8289630799774670e+001	  1.7405057499330987e+003	
  1.2300000000000000e+004	 -1.7212667113449939e+001	  1.7388359895294236e+003	
  1.2330000000000000e+004	 -1.8093753927938554e+001	  1.7366096519029002e+003	
  1.2360000000000000e+004	 -1.5939759856781183e+001	  1.7271476962412564e+003	
  1.2390000000000000e+004	 -1.9660568372689358e+001	  1.7258118894319407e+003	
  1.2420000000000000e+004	 -1.8681508709456704e+001	  1.7243647694645090e+003	
  1.2450000000000000e+004	 -1.3589666715984764e+001	  1.7224723774782669e+003	
  1.2480000000000000e+004	 -1.1533125707089271e+001	  1.7202460356315034e+003	
  1.2510000000000000e+004	 -1.8583341850626333e+001	  1.7300419384572201e+003	
  1.2540000000000000e+004	 -1.9660568372689358e+001	  1.7314890633748871e+003	
  1.2570000000000000e+004	 -1.9660568372689358e+001	  1.7299306260393791e+003	
  1.2600000000000000e+004	 -2.0150189612337780e+001	  1.7316003773293698e+003	
  1.2630000000000000e+004	 -2.2598052206787401e+001	  1.7360530662379892e+003	
  1.2660000000000000e+004	 -2.1423158392362215e+001	  1.7329361838741709e+003	
  1.2690000000000000e+004	 -1.8387646408098195e+001	  1.7387246738572653e+003	
  1.2720000000000000e+004	 -1.7800083497412853e+001	  1.7351625263759524e+003	
  1.2750000000000000e+004	 -1.8093753927938554e+001	  1.7321569623443040e+003	
  1.2780000000000000e+004	 -1.8877028682772607e+001	  1.7317116945605280e+003	
  1.2810000000000000e+004	 -1.8387646408098195e+001	  1.7309324801551213e+003	
  1.2840000000000000e+004	 -1.8191831868590523e+001	  1.7305985236345982e+003	
  1.2870000000000000e+004	 -1.8289630799774670e+001	  1.7308211597767593e+003	
  1.2900000000000000e+004	 -1.7604147011112293e+001	  1.7324909182411798e+003	
  1.2930000000000000e+004	 -1.7995894344396941e+001	  1.7336040854199364e+003	
  1.2960000000000000e+004	 -1.8583341850626333e+001	  1.7320456450479498e+003	
  1.2990000000000000e+004	 -1.7995894344396941e+001	  1.7330475013005980e+003	
  1.3020000000000000e+004	 -1.7506130335000535e+001	  1.7339380360873208e+003	
  1.3050000000000000e+004	 -1.7898004368031007e+001	  1.7329361838741709e+003	
  1.3080000000000000e+004	 -1.7800083497412853e+001	  1.7330475013005980e+003	
  1.3110000000000000e+004	 -1.7408599505132639e+001	  1.7337154016415152e+003	
  1.3140000000000000e+004	 -1.7408599505132639e+001	  1.7337154016415152e+003	
  1.3170000000000000e+004	 -1.7898004368031007e+001	  1.7346059398149216e+003	
  1.3200000000000000e+004	 -1.7800083497412853e+001	  1.7343833077780087e+003	
  1.3230000000000000e+004	 -1.7702131219859801e+001	  1.7359417438204530e+003	
  1.3260000000000000e+004	 -1.8485386622766466e+001	  1.7363870140768897e+003	
  1.3290000000000000e+004	 -1.7114783352883919e+001	  1.7341606732024677e+003	
  1.3320000000000000e+004	 -1.8093753927938554e+001	  1.7347172620412077e+003	
  1.3350000000000000e+004	 -1.8583341850626333e+001	  1.7358304324760973e+003	
  1.3380000000000000e+004	 -2.0541750620598624e+001	  1.7402831122772893e+003	
  1.3410000000000000e+004	 -1.9170927989477487e+001	  1.7368322845924156e+003	
  1.3440000000000000e+004	 -1.7604147011112293e+001	  1.7342719927607222e+003	
  1.3470000000000000e+004	 -1.6820936350572346e+001	  1.7331588193947202e+003	
  1.3500000000000000e+004	 -1.5841423232918691e+001	  1.7308211597767593e+003	
  1.3530000000000000e+004	 -1.7506130335000535e+001	  1.7336040854199364e+003	
  1.3560000000000000e+004	 -1.8289630799774670e+001	  1.7342719927607222e+003	
  1.3590000000000000e+004	 -1.7702131219859801e+001	  1.7299306260393791e+003	
  1.3620000000000000e+004	 -1.7114783352883919e+001	  1.7314890633748871e+003	
  1.3650000000000000e+004	 -1.9072912241873254e+001	  1.7360530662379892e+003	
  1.3680000000000000e+004	 -1.8877028682772607e+001	  1.7363870140768897e+003	
  1.3710000000000000e+004	 -1.7800083497412853e+001	  1.7326022329957082e+003	
  1.3740000000000000e+004	 -1.9660568372689358e+001	  1.7353851599429318e+003	
  1.3770000000000000e+004	 -1.9856455477800587e+001	  1.7371662334243122e+003	
  1.3800000000000000e+004	 -1.9758411820018456e+001	  1.7376115069929683e+003	
  1.3830000000000000e+004	 -1.9660568372689358e+001	  1.7367209653139716e+003	
  1.3860000000000000e+004	 -1.8681508709456704e+001	  1.7344946234627844e+003	
  1.3890000000000000e+004	 -1.8583341850626333e+001	  1.7341606732024677e+003	
  1.3920000000000000e+004	 -1.8485386622766466e+001	  1.7336040854199364e+003	
  1.3950000000000000e+004	 -1.8583341850626333e+001	  1.7339380360873208e+003	
  1.3980000000000000e+004	 -1.7604147011112293e+001	  1.7342719927607222e+003	
  1.4010000000000000e+004	 -1.8093753927938554e+001	  1.7337154016415152e+003	
  1.4040000000000000e+004	 -1.9366870483409453e+001	  1.7348285745207663e+003	
  1.4070000000000000e+004	 -1.8681508709456704e+001	  1.7329361838741709e+003	
  1.4100000000000000e+004	 -1.8583341850626333e+001	  1.7348285745207663e+003	
  1.4130000000000000e+004	 -1.5841423232918691e+001	  1.7403944320703069e+003	
  1.4160000000000000e+004	 -1.8093753927938554e+001	  1.7375001882517722e+003	
  1.4190000000000000e+004	 -1.5547910238464336e+001	  1.7263684754256501e+003	
  1.4220000000000000e+004	 -1.4960514020507778e+001	  1.7330475013005980e+003	
  1.4250000000000000e+004	 -1.3393842365672969e+001	  1.7269250650966922e+003	
  1.4280000000000000e+004	 -1.5156359051905119e+001	  1.7373888675770222e+003	
  1.4310000000000000e+004	 -1.6625141137242551e+001	  1.7376115069929683e+003	
  1.4340000000000000e+004	 -1.5254078831686659e+001	  1.7375001882517722e+003	
  1.4370000000000000e+004	 -1.6527056852678434e+001	  1.7371662334243122e+003	
  1.4400000000000000e+004	 -1.3002029465224446e+001	  1.7362756974639037e+003	
  1.4430000000000000e+004	 -1.7506130335000535e+001	  1.7307098452856296e+003	
  1.4460000000000000e+004	 -1.7995894344396941e+001	  1.7307098452856296e+003	
  1.4490000000000000e+004	 -1.7408599505132639e+001	  1.7302645757419007e+003	
  1.4520000000000000e+004	 -1.7702131219859801e+001	  1.7309324801551213e+003	
  1.4550000000000000e+004	 -1.7016601946351997e+001	  1.7310437907656828e+003	
  1.4580000000000000e+004	 -1.6722920198982308e+001	  1.7273703300665052e+003	
  1.4610000000000000e+004	 -1.6527056852678434e+001	  1.7264797925426094e+003	
  1.4640000000000000e+004	 -1.6429211672209831e+001	  1.7249213511213657e+003	
  1.4670000000000000e+004	 -1.8387646408098195e+001	  1.7343833077780087e+003	
  1.4700000000000000e+004	 -1.3393842365672969e+001	  1.7387246738572653e+003	
  1.4730000000000000e+004	 -1.8387646408098195e+001	  1.7314890633748871e+003	
  1.4760000000000000e+004	 -1.7114783352883919e+001	  1.7282608712481604e+003	
  1.4790000000000000e+004	 -1.6037493524215364e+001	  1.7271476962412564e+003	
  1.4820000000000000e+004	 -1.7604147011112293e+001	  1.7322682829158512e+003	
  1.4850000000000000e+004	 -1.7604147011112293e+001	  1.7319343284197794e+003	
  1.4880000000000000e+004	 -1.7408599505132639e+001	  1.7317116945605280e+003	
  1.4910000000000000e+004	 -1.7995894344396941e+001	  1.7304872078713927e+003	
  1.4940000000000000e+004	 -1.7702131219859801e+001	  1.7333814523746059e+003	
  1.4970000000000000e+004	 -1.5254078831686659e+001	  1.7268137426838696e+003	
  1.5000000000000000e+004	 -1.7506130335000535e+001	  1.7301532541548856e+003	
  1.5030000000000000e+004	 -1.6135754797763664e+001	  1.7308211597767593e+003	
  1.5060000000000000e+004	 -1.6820936350572346e+001	  1.7260345228646058e+003	
  1.5090000000000000e+004	 -1.6820936350572346e+001	  1.7211365736821253e+003	
  1.5120000000000000e+004	 -1.6331609893365258e+001	  1.7219157910739368e+003	
  1.5150000000000000e+004	 -1.8093753927938554e+001	  1.7219157910739368e+003	
  1.5180000000000000e+004	 -1.7898004368031007e+001	  1.7230289623257422e+003	
  1.5210000000000000e+004	 -1.6722920198982308e+001	  1.7322682829158512e+003	
  1.5240000000000000e+004	 -1.9170927989477487e+001	  1.7249213511213657e+003	
  1.5270000000000000e+004	 -1.8681508709456704e+001	  1.7297079901577242e+003	
  1.5300000000000000e+004	 -1.5939759856781183e+001	  1.7362756974639037e+003	
  1.5330000000000000e+004	 -1.6037493524215364e+001	  1.7268137426838696e+003	
  1.5360000000000000e+004	 -1.5743906708015393e+001	  1.7327135510249150e+003	
  1.5390000000000000e+004	 -1.5939759856781183e+001	  1.7327135510249150e+003	
  1.5420000000000000e+004	 -1.6135754797763664e+001	  1.7302645757419007e+003	
  1.5450000000000000e+004	 -1.7212667113449939e+001	  1.7302645757419007e+003	
  1.5480000000000000e+004	 -1.8093753927938554e+001	  1.7330475013005980e+003	
  1.5510000000000000e+004	 -1.7604147011112293e+001	  1.7327135510249150e+003	
  1.5540000000000000e+004	 -1.6820936350572346e+001	  1.7313777474807530e+003	
  1.5570000000000000e+004	 -1.6135754797763664e+001	  1.7317116945605280e+003	
  1.5600000000000000e+004	 -1.7800083497412853e+001	  1.7317116945605280e+003	
  1.5630000000000000e+004	 -1.5547910238464336e+001	  1.7305985236345982e+003	
  1.5660000000000000e+004	 -1.4079019817255922e+001	  1.7285948195607889e+003	
  1.5690000000000000e+004	 -1.5743906708015393e+001	  1.7327135510249150e+003	
  1.5720000000000000e+004	 -1.5156359051905119e+001	  1.7334927698660786e+003	
  1.5750000000000000e+004	 -1.6331609893365258e+001	  1.7299306260393791e+003	
  1.5780000000000000e+004	 -1.6233699509803145e+001	  1.7285948195607889e+003	
  1.5810000000000000e+004	 -1.6918918537895237e+001	  1.7293740374361632e+003	
  1.5840000000000000e+004	 -1.6037493524215364e+001	  1.7291514030227336e+003	
  1.5870000000000000e+004	 -1.6722920198982308e+001	  1.7320456450479498e+003	
  1.5900000000000000e+004	 -1.6918918537895237e+001	  1.7330475013005980e+003	
  1.5930000000000000e+004	 -1.6722920198982308e+001	  1.7343833077780087e+003	
  1.5960000000000000e+004	 -1.6722920198982308e+001	  1.7332701329451454e+003	
  1.5990000000000000e+004	 -1.7212667113449939e+001	  1.7326022329957082e+003	
  1.6020000000000000e+004	 -1.7898004368031007e+001	  1.7341606732024677e+003	
  1.6050000000000000e+004	 -1.6918918537895237e+001	  1.7311551124808489e+003	
  1.6080000000000000e+004	 -1.6527056852678434e+001	  1.7318230124599213e+003	
  1.6110000000000000e+004	 -1.6429211672209831e+001	  1.7314890633748871e+003	
  1.6140000000000000e+004	 -1.6527056852678434e+001	  1.7295966693036537e+003	
  1.6170000000000000e+004	 -1.7016601946351997e+001	  1.7311551124808489e+003	
  1.6200000000000000e+004	 -1.7114783352883919e+001	  1.7329361838741709e+003	
  1.6230000000000000e+004	 -1.7408599505132639e+001	  1.7333814523746059e+003	
  1.6260000000000000e+004	 -1.7212667113449939e+001	  1.7353851599429318e+003	
  1.6290000000000000e+004	 -1.7310519176332718e+001	  1.7347172620412077e+003	
  1.6320000000000000e+004	 -1.7212667113449939e+001	  1.7340493569157518e+003	
  1.6350000000000000e+004	 -1.6820936350572346e+001	  1.7330475013005980e+003	
  1.6380000000000000e+004	 -1.6722920198982308e+001	  1.7341606732024677e+003	
  1.6410000000000000e+004	 -1.6625141137242551e+001	  1.7336040854199364e+003	
  1.6440000000000000e+004	 -1.6331609893365258e+001	  1.7309324801551213e+003	
  1.6470000000000000e+004	 -1.6527056852678434e+001	  1.7340493569157518e+003	
  1.6500000000000000e+004	 -1.6625141137242551e+001	  1.7319343284197794e+003	
  1.6530000000000000e+004	 -1.6429211672209831e+001	  1.7314890633748871e+003	
  1.6560000000000000e+004	 -1.6820936350572346e+001	  1.7321569623443040e+003	
  1.6590000000000000e+004	 -1.6331609893365258e+001	  1.7323795963340767e+003	
  1.6620000000000000e+004	 -1.6429211672209831e+001	  1.7336040854199364e+003	
  1.6650000000000000e+004	 -1.6331609893365258e+001	  1.7323795963340767e+003	
  1.6680000000000000e+004	 -1.7114783352883919e+001	  1.7350512092915581e+003	
  1.6710000000000000e+004	 -1.6918918537895237e+001	  1.7305985236345982e+003	
  1.6740000000000000e+004	 -1.7114783352883919e+001	  1.7309324801551213e+003	
  1.6770000000000000e+004	 -1.7408599505132639e+001	  1.7312664270379460e+003	
  1.6800000000000000e+004	 -1.7212667113449939e+001	  1.7320456450479498e+003	
  1.6830000000000000e+004	 -1.7898004368031007e+001	  1.7338267237402765e+003	
  1.6860000000000000e+004	 -1.7800083497412853e+001	  1.7313777474807530e+003	
  1.6890000000000000e+004	 -1.6918918537895237e+001	  1.7331588193947202e+003	
  1.6920000000000000e+004	 -1.6820936350572346e+001	  1.7285948195607889e+003	
  1.6950000000000000e+004	 -1.7310519176332718e+001	  1.7284835027869083e+003	
  1.6980000000000000e+004	 -1.4764518279279082e+001	  1.7295966693036537e+003	
  1.7010000000000000e+004	 -1.6331609893365258e+001	  1.7288174525045745e+003	
  1.7040000000000000e+004	 -1.7604147011112293e+001	  1.7300419384572201e+003	
  1.7070000000000000e+004	 -1.4862383425897681e+001	  1.7324909182411798e+003	
  1.7100000000000000e+004	 -1.4666615969383917e+001	  1.7334927698660786e+003	
  1.7130000000000000e+004	 -1.4960514020507778e+001	  1.7323795963340767e+003	
  1.7160000000000000e+004	 -1.6527056852678434e+001	  1.7308211597767593e+003	
  1.7190000000000000e+004	 -1.6918918537895237e+001	  1.7316003773293698e+003	
  1.7220000000000000e+004	 -1.6625141137242551e+001	  1.7292627212006696e+003	
  1.7250000000000000e+004	 -1.7604147011112293e+001	  1.7338267237402765e+003	
  1.7280000000000000e+004	 -1.6527056852678434e+001	  1.7319343284197794e+003	
  1.7310000000000000e+004	 -1.7114783352883919e+001	  1.7337154016415152e+003	
  1.7340000000000000e+004	 -1.6037493524215364e+001	  1.7336040854199364e+003	
  1.7370000000000000e+004	 -1.5646071051342403e+001	  1.7322682829158512e+003	
  1.7400000000000000e+004	 -1.6037493524215364e+001	  1.7330475013005980e+003	
  1.7430000000000000e+004	 -1.5841423232918691e+001	  1.7333814523746059e+003	
  1.7460000000000000e+004	 -1.5646071051342403e+001	  1.7334927698660786e+003	
  1.7490000000000000e+004	 -1.5646071051342403e+001	  1.7334927698660786e+003	
  1.7520000000000000e+004	 -1.5352059141253186e+001	  1.7331588193947202e+003	
  1.7550000000000000e+004	 -1.6233699509803145e+001	  1.7350512092915581e+003	
  1.7580000000000000e+004	 -1.5939759856781183e+001	  1.7350512092915581e+003	
  1.7610000000000000e+004	 -1.6331609893365258e+001	  1.7354964764255938e+003	
  1.7640000000000000e+004	 -1.6527056852678434e+001	  1.7356077961772514e+003	
  1.7670000000000000e+004	 -1.7212667113449939e+001	  1.7339380360873208e+003	
  1.7700000000000000e+004	 -1.9268913919126764e+001	  1.7326022329957082e+003	
  1.7730000000000000e+004	 -1.8975104225664900e+001	  1.7321569623443040e+003	
  1.7760000000000000e+004	 -2.2304157504670318e+001	  1.7294853543409226e+003	
  1.7790000000000000e+004	 -1.9562466417905174e+001	  1.7334927698660786e+003	
  1.7820000000000000e+004	 -1.7016601946351997e+001	  1.7323795963340767e+003	
  1.7850000000000000e+004	 -1.6331609893365258e+001	  1.7332701329451454e+003	
  1.7880000000000000e+004	 -1.5939759856781183e+001	  1.7337154016415152e+003	
  1.7910000000000000e+004	 -1.5156359051905119e+001	  1.7340493569157518e+003	
  1.7940000000000000e+004	 -1.5939759856781183e+001	  1.7336040854199364e+003	
  1.7970000000000000e+004	 -1.4568985741903530e+001	  1.7342719927607222e+003	
  1.8000000000000000e+004	 -1.8191831868590523e+001	  1.7333814523746059e+003	
  1.8030000000000000e+004	 -1.9660568372689358e+001	  1.7323795963340767e+003	
  1.8060000000000000e+004	 -1.7800083497412853e+001	  1.7331588193947202e+003	
  1.8090000000000000e+004	 -1.7506130335000535e+001	  1.7339380360873208e+003	
  1.8120000000000000e+004	 -1.6918918537895237e+001	  1.7343833077780087e+003	
  1.8150000000000000e+004	 -1.7506130335000535e+001	  1.7316003773293698e+003	
  1.8180000000000000e+004	 -1.7212667113449939e+001	  1.7318230124599213e+003	
  1.8210000000000000e+004	 -1.5547910238464336e+001	  1.7354964764255938e+003	
  1.8240000000000000e+004	 -1.7114783352883919e+001	  1.7321569623443040e+003	
  1.8270000000000000e+004	 -1.6429211672209831e+001	  1.7332701329451454e+003	
  1.8300000000000000e+004	 -1.4372992686406572e+001	  1.7398378475408931e+003	
  1.8330000000000000e+004	 -1.3883266467887823e+001	  1.7400604772809486e+003	
  1.8360000000000000e+004	 -1.7212667113449939e+001	  1.7328248671155668e+003	
  1.8390000000000000e+004	 -1.8583341850626333e+001	  1.7310437907656828e+003	
  1.8420000000000000e+004	 -1.9170927989477487e+001	  1.7301532541548856e+003	
  1.8450000000000000e+004	 -2.2793858160470634e+001	  1.7259232058129803e+003	
  1.8480000000000000e+004	 -2.2010647503125675e+001	  1.7280382345483979e+003	
  1.8510000000000000e+004	 -1.9856455477800587e+001	  1.7259232058129803e+003	
  1.8540000000000000e+004	 -1.7702131219859801e+001	  1.7320456450479498e+003	
  1.8570000000000000e+004	 -1.6820936350572346e+001	  1.7341606732024677e+003	
  1.8600000000000000e+004	 -1.9758411820018456e+001	  1.7282608712481604e+003	
  1.8630000000000000e+004	 -1.7310519176332718e+001	  1.7347172620412077e+003	
  1.8660000000000000e+004	 -1.7212667113449939e+001	  1.7338267237402765e+003	
  1.8690000000000000e+004	 -2.0346024178672060e+001	  1.7291514030227336e+003	
  1.8720000000000000e+004	 -2.0346024178672060e+001	  1.7318230124599213e+003	
  1.8750000000000000e+004	 -1.9072912241873254e+001	  1.7324909182411798e+003	
  1.8780000000000000e+004	 -2.2206345131761889e+001	  1.7317116945605280e+003	
  1.8810000000000000e+004	 -2.2304157504670318e+001	  1.7313777474807530e+003	
  1.8840000000000000e+004	 -2.0052005566367846e+001	  1.7317116945605280e+003	
  1.8870000000000000e+004	 -1.7604147011112293e+001	  1.7328248671155668e+003	
  1.8900000000000000e+004	 -1.7310519176332718e+001	  1.7338267237402765e+003	
  1.8930000000000000e+004	 -1.7702131219859801e+001	  1.7344946234627844e+003	
  1.8960000000000000e+004	 -1.7995894344396941e+001	  1.7336040854199364e+003	
  1.8990000000000000e+004	 -1.8289630799774670e+001	  1.7333814523746059e+003	
  1.9020000000000000e+004	 -1.7506130335000535e+001	  1.7340493569157518e+003	
  1.9050000000000000e+004	 -1.7604147011112293e+001	  1.7344946234627844e+003	
  1.9080000000000000e+004	 -1.8289630799774670e+001	  1.7328248671155668e+003	
  1.9110000000000000e+004	 -1.7016601946351997e+001	  1.7332701329451454e+003	
  1.9140000000000000e+004	 -1.8093753927938554e+001	  1.7338267237402765e+003	
  1.9170000000000000e+004	 -1.5743906708015393e+001	  1.7331588193947202e+003	
  1.9200000000000000e+004	 -1.7114783352883919e+001	  1.7341606732024677e+003	
  1.9230000000000000e+004	 -1.6918918537895237e+001	  1.7358304324760973e+003	
  1.9260000000000000e+004	 -1.4960514020507778e+001	  1.7362756974639037e+003	
  1.9290000000000000e+004	 -1.5743906708015393e+001	  1.7364983313563910e+003	
  1.9320000000000000e+004	 -1.6918918537895237e+001	  1.7356077961772514e+003	
  1.9350000000000000e+004	 -1.7310519176332718e+001	  1.7351625263759524e+003	
  1.9380000000000000e+004	 -1.7114783352883919e+001	  1.7342719927607222e+003	
  1.9410000000000000e+004	 -1.7212667113449939e+001	  1.7341606732024677e+003	
  1.9440000000000000e+004	 -1.7604147011112293e+001	  1.7340493569157518e+003	
  1.9470000000000000e+004	 -1.7506130335000535e+001	  1.7340493569157518e+003	
  1.9500000000000000e+004	 -1.7310519176332718e+001	  1.7331588193947202e+003	
  1.9530000000000000e+004	 -1.7016601946351997e+001	  1.7331588193947202e+003	
  1.9560000000000000e+004	 -1.6918918537895237e+001	  1.7327135510249150e+003	
  1.9590000000000000e+004	 -1.7702131219859801e+001	  1.7332701329451454e+003	
  1.9620000000000000e+004	 -1.7408599505132639e+001	  1.7338267237402765e+003	
  1.9650000000000000e+004	 -1.7800083497412853e+001	  1.7337154016415152e+003	
  1.9680000000000000e+004	 -1.8485386622766466e+001	  1.7332701329451454e+003	
  1.9710000000000000e+004	 -1.5646071051342403e+001	  1.7322682829158512e+003	
  1.9740000000000000e+004	 -1.4666615969383917e+001	  1.7329361838741709e+003	
  1.9770000000000000e+004	 -1.7212667113449939e+001	  1.7326022329957082e+003	
  1.9800000000000000e+004	 -1.7408599505132639e+001	  1.7321569623443040e+003	
  1.9830000000000000e+004	 -1.6233699509803145e+001	  1.7330475013005980e+003	
  1.9860000000000000e+004	 -2.0835577734558981e+001	  1.7336040854199364e+003	
  1.9890000000000000e+004	 -1.9170927989477487e+001	  1.7334927698660786e+003	
  1.9920000000000000e+004	 -1.9072912241873254e+001	  1.7342719927607222e+003	
  1.9950000000000000e+004	 -1.5058305048840928e+001	  1.7343833077780087e+003	
  1.9980000000000000e+004	 -1.7212667113449939e+001	  1.7344946234627844e+003	
  2.0010000000000000e+004	 -1.7114783352883919e+001	  1.7343833077780087e+003	
  2.0040000000000000e+004	 -1.7995894344396941e+001	  1.7344946234627844e+003	
  2.0070000000000000e+004	 -1.8387646408098195e+001	  1.7321569623443040e+003	
  2.0100000000000000e+004	 -2.0443679809797764e+001	  1.7175744277828101e+003	
  2.0130000000000000e+004	 -1.7310519176332718e+001	  1.7171291607293854e+003	
  2.0160000000000000e+004	 -6.0490301511351863e+000	  1.7160159863548688e+003	
  2.0190000000000000e+004	  1.4217556597883480e+001	  1.6904130533503999e+003	
  2.0220000000000000e+004	  1.7644634629587937e+001	  1.6613592860017791e+003	
  2.0250000000000000e+004	  1.2259004024664382e+001	  1.6475559676498481e+003	
  2.0280000000000000e+004	  8.3423988413549761e+000	  1.6336413310004632e+003	
  2.0310000000000000e+004	 -1.1435598888879085e+001	  1.6128250319488939e+003	
  2.0340000000000000e+004	 -3.7774985635221086e+001	  1.5893371269853508e+003	
  2.0370000000000000e+004	 -6.4799729124261177e+001	  1.5647360472990858e+003	
  2.0400000000000000e+004	 -7.8409978984941731e+001	  1.5360162365772262e+003	
  2.0430000000000000e+004	 -9.9461797109791860e+001	  1.5104133037081278e+003	
  2.0460000000000000e+004	 -1.0190967159881856e+002	  1.5059606193770883e+003	
  2.0490000000000000e+004	 -1.0220342008853022e+002	  1.5019532066358370e+003	
  2.0520000000000000e+004	 -1.0181177410479560e+002	  1.5026211040620135e+003	
  2.0550000000000000e+004	 -1.0318259681442592e+002	  1.5022871518817549e+003	
  2.0580000000000000e+004	 -1.0220342008853022e+002	  1.5025097879022724e+003	
  2.0610000000000000e+004	 -1.0102844237496745e+002	  1.5064058879601250e+003	
  2.0640000000000000e+004	 -1.0122427474874686e+002	  1.4929365189243006e+003	
  2.0670000000000000e+004	 -1.0318259681442592e+002	  1.4706731041759786e+003	
  2.0700000000000000e+004	 -1.0651171380893435e+002	  1.4449588453752970e+003	
  2.0730000000000000e+004	 -9.9265945452823999e+001	  1.4104505467399936e+003	
  2.0760000000000000e+004	 -1.0386802850397468e+002	  1.3739385355535621e+003	
  2.0790000000000000e+004	 -1.0132216043183963e+002	  1.3498940431518768e+003	
  2.0820000000000000e+004	 -1.0249720796558643e+002	  1.3539014610482982e+003	
  2.0850000000000000e+004	 -1.0416176068313392e+002	  1.3561278015434698e+003	
  2.0880000000000000e+004	 -1.0886167713484093e+002	  1.3530109258530904e+003	
  2.0910000000000000e+004	 -1.0602212255289658e+002	  1.3422131647560720e+003	
  2.0940000000000000e+004	 -1.0465133790882159e+002	  1.3404320906900041e+003	
  2.0970000000000000e+004	 -1.1111373771717172e+002	  1.3343096513830210e+003	
  2.1000000000000000e+004	 -1.1003669833146039e+002	  1.3305248689896155e+003	
  2.1030000000000000e+004	 -1.0014721547123692e+002	  1.3408773620695365e+003	
  2.1060000000000000e+004	 -8.1249469865126997e+001	  1.3386510152734143e+003	
  2.1090000000000000e+004	 -9.7699328291435251e+001	  1.3336417434437715e+003	
  2.1120000000000000e+004	 -1.1336583802183405e+002	  1.3277419407030316e+003	
  2.1150000000000000e+004	 -1.1542203120458078e+002	  1.3264061303831807e+003	
  2.1180000000000000e+004	 -1.2119905039733392e+002	  1.3206176498851733e+003	
  2.1210000000000000e+004	 -1.2482192298257796e+002	  1.3004692526127558e+003	
  2.1240000000000000e+004	 -1.2756354573125304e+002	  1.2983542257023626e+003	
  2.1270000000000000e+004	 -1.2805309377288694e+002	  1.3040313966043475e+003	
  2.1300000000000000e+004	 -1.3059890909095171e+002	  1.2996900260483390e+003	
  2.1330000000000000e+004	 -1.2394068352805240e+002	  1.2930110069558498e+003	
  2.1360000000000000e+004	 -1.2932599739313619e+002	  1.3043653518784297e+003	
  2.1390000000000000e+004	 -1.3490717255933998e+002	  1.2957939361250296e+003	
  2.1420000000000000e+004	 -1.3138224409328984e+002	  1.2664062196430864e+003	
  2.1450000000000000e+004	 -1.2893435293760317e+002	  1.2703023209209698e+003	
  2.1480000000000000e+004	 -1.1600953371259516e+002	  1.2637346076225238e+003	
  2.1510000000000000e+004	 -8.8299415316487270e+001	  1.2612856320052276e+003	
  2.1540000000000000e+004	 -6.5289235008545276e+001	  1.2644025138875782e+003	
  2.1570000000000000e+004	 -6.9205867772738216e+001	  1.2588366564803102e+003	
  2.1600000000000000e+004	 -6.5778874347274055e+001	  1.2548292353741360e+003	
  2.1630000000000000e+004	 -5.6770634080093444e+001	  1.2386882613063192e+003	
  2.1660000000000000e+004	 -7.4493350373749863e+001	  1.2337903097455101e+003	
  2.1690000000000000e+004	 -8.9670208316917510e+001	  1.2248849429576969e+003	
  2.1720000000000000e+004	 -9.2705618802941714e+001	  1.2251075788320788e+003	
  2.1750000000000000e+004	 -9.3586895254754211e+001	  1.2253302111122475e+003	
  2.1780000000000000e+004	 -9.4859763562766091e+001	  1.2272225998167137e+003	
  2.1810000000000000e+004	 -1.0044094751883920e+002	  1.2218793801127565e+003	
  2.1840000000000000e+004	 -1.0318259681442592e+002	  1.2020649372085247e+003	
  2.1870000000000000e+004	 -1.0406381188127291e+002	  1.1892634722483508e+003	
  2.1900000000000000e+004	 -1.0318259681442592e+002	  1.1912671762038126e+003	
  2.1930000000000000e+004	 -9.3586895254754211e+001	  1.2076307932957272e+003	
  2.1960000000000000e+004	 -7.6941238271641097e+001	  1.2101910868763118e+003	
  2.1990000000000000e+004	 -6.2645520547912461e+001	  1.2196530388814524e+003	
  2.2020000000000000e+004	 -5.6574835180390849e+001	  1.2208775277258374e+003	
  2.2050000000000000e+004	 -4.7077041699980960e+001	  1.2233265017878884e+003	
  2.2080000000000000e+004	 -5.7064378624480590e+001	  1.2325658246619539e+003	
  2.2110000000000000e+004	 -4.9231158112313430e+001	  1.2244396751721824e+003	
  2.2140000000000000e+004	 -3.4543726504197288e+001	  1.2045139084699040e+003	
  2.2170000000000000e+004	 -2.5535428416066260e+001	  1.1911558592736069e+003	
  2.2200000000000000e+004	 -2.3871028069045003e+001	  1.1814712747172225e+003	
  2.2230000000000000e+004	 -2.3283345744887072e+001	  1.1756827806073413e+003	
  2.2260000000000000e+004	 -2.3577102447232068e+001	  1.1764620031349270e+003	
  2.2290000000000000e+004	 -2.2304157504670318e+001	  1.1747922458571993e+003	
  2.2320000000000000e+004	 -2.2989567989686790e+001	  1.1725659041812112e+003	
  2.2350000000000000e+004	 -2.1423158392362215e+001	  1.1706735114070077e+003	
  2.2380000000000000e+004	 -1.3002029465224446e+001	  1.1708961450927086e+003	
  2.2410000000000000e+004	 -1.3687353171299581e+001	  1.1733451258485184e+003	
  2.2440000000000000e+004	 -9.8685714855752984e+000	  1.1718979993182713e+003	
  2.2470000000000000e+004	 -8.9871493805885319e+000	  1.1722319530864663e+003	
  2.2500000000000000e+004	 -1.0554532302230534e+001	  1.1777978063194500e+003	
  2.2530000000000000e+004	 -8.2037404054303860e+000	  1.1736790757404979e+003	
  2.2560000000000000e+004	 -9.5039606094360440e-001	  1.1634379050247303e+003	
  2.2590000000000000e+004	  6.7751974749404189e+000	  1.1390594540892580e+003	
  2.2620000000000000e+004	  2.0190492718701812e+001	  1.1308219921334974e+003	
  2.2650000000000000e+004	  2.3323850178772126e+001	  1.1250335053408817e+003	
  2.2680000000000000e+004	  2.2540421376793979e+001	  1.1267032580072778e+003	
  2.2710000000000000e+004	  2.0288451775749724e+001	  1.1187997412660188e+003	
  2.2740000000000000e+004	  1.8917418135332642e+001	  1.1141244267275679e+003	
  2.2770000000000000e+004	  2.2442632540047118e+001	  1.0965363258070663e+003	
  2.2800000000000000e+004	  1.8623883222909761e+001	  9.9879990747835029e+002	
  2.2830000000000000e+004	 -4.0911211207121410e+000	  8.8636963846915046e+002	
  2.2860000000000000e+004	 -2.9843798315147087e+001	  7.7794678760210354e+002	
  2.2890000000000000e+004	 -6.0687235169954576e+001	  6.7019182911537928e+002	
  2.2920000000000000e+004	 -1.1277829916361520e+002	  5.5675970455936715e+002	
  2.2950000000000000e+004	 -1.4577582373231243e+002	  4.5156504409946041e+002	
  2.2980000000000000e+004	 -1.1806574071843551e+002	  3.4369876170199882e+002	
  2.3010000000000000e+004	 -9.1236932849378292e+001	  2.6087885419742338e+002	
  2.3040000000000000e+004	 -6.1862242552712111e+001	  1.9731677981266176e+002	
  2.3070000000000000e+004	 -5.1483227440719865e+001	  1.7761364085026023e+002	
  2.3100000000000000e+004	 -5.0699866428435108e+001	  1.7516467195080182e+002	
  2.3130000000000000e+004	 -5.1776963337579467e+001	  1.6625928911680032e+002	
  2.3160000000000000e+004	 -3.5229196269773382e+001	  1.4911644537014936e+002	
  2.3190000000000000e+004	 -1.8877028682772607e+001	  1.2228897940936866e+002	
  2.3220000000000000e+004	 -1.3981162715947667e+001	  1.0358776458038369e+002	
  2.3250000000000000e+004	 -8.8891250302860207e+000	  7.5647168354137136e+001	
  2.3280000000000000e+004	  3.1506740346316255e+000	  4.7261257247811628e+001	
  2.3310000000000000e+004	  1.9896899605195006e+001	  2.6556045577321747e+001	
  2.3340000000000000e+004	  4.4669524808847797e+001	  5.2941411421071853e+000	
  2.3370000000000000e+004	  5.2209106034543794e+001	 -6.8375696220760265e+000	
  2.3400000000000000e+004	  5.3188140955026441e+001	 -3.9120661624279641e+001	
  2.3430000000000000e+004	  5.5538189152114981e+001	 -7.6634519114386322e+001	
  2.3460000000000000e+004	  6.5721382255124510e+001	 -1.0401853689552034e+002	
  2.3490000000000000e+004	  6.5525586964075700e+001	 -1.4130980060135988e+002	
  2.3520000000000000e+004	  4.3886281158402696e+001	 -1.6680144021990697e+002	
  2.3550000000000000e+004	  1.7840379599784196e+001	 -1.9340620554109938e+002	
  2.3580000000000000e+004	 -8.0081795533481763e+000	 -2.1756199592312632e+002	
  2.3610000000000000e+004	 -3.6502138053730555e+001	 -2.3626329966716216e+002	
  2.3640000000000000e+004	 -6.4897647316026791e+001	 -2.5841538042316591e+002	
  2.3670000000000000e+004	 -1.0093054031217127e+002	 -2.6398126124959299e+002	
  2.3700000000000000e+004	 -1.0484716621111077e+002	 -2.6676417137002187e+002	
  2.3730000000000000e+004	 -1.0739294659698088e+002	 -2.6665286859237676e+002	
  2.3760000000000000e+004	 -1.1013454297327770e+002	 -2.6709812268025308e+002	
