  0.0000000000000000e+000	 -9.7795906239041585e+002	 -5.4902077767690444e+003	
  3.0000000000000000e+001	 -9.7870905275422467e+002	 -5.4807576659800361e+003	
  6.0000000000000000e+001	 -9.7718226263766906e+002	 -5.4796474946487460e+003	
  9.0000000000000000e+001	 -9.6768684088941882e+002	 -5.4720630892358495e+003	
  1.2000000000000000e+002	 -9.6273321249008598e+002	 -5.4385566428569819e+003	
  1.5000000000000000e+002	 -9.7622922189803012e+002	 -5.4091503758437466e+003	
  1.8000000000000000e+002	 -9.8800937713000883e+002	 -5.3845201422988339e+003	
  2.1000000000000000e+002	 -9.9519217331305788e+002	 -5.3567385751876955e+003	
  2.4000000000000000e+002	 -9.9833299945147132e+002	 -5.3308530676920482e+003	
  2.7000000000000000e+002	 -9.8677144885900873e+002	 -5.3033508932314307e+003	
  3.0000000000000000e+002	 -9.6770464691789414e+002	 -5.2826317456239594e+003	
  3.3000000000000000e+002	 -9.5695619918828481e+002	 -5.2690763586878666e+003	
  3.6000000000000000e+002	 -9.5605864259730583e+002	 -5.2623416745262539e+003	
  3.9000000000000000e+002	 -9.3880512840006759e+002	 -5.2862609359224389e+003	
  4.2000000000000000e+002	 -9.1018060412192153e+002	 -5.3141041250499238e+003	
  4.5000000000000000e+002	 -8.7717738136302580e+002	 -5.3370152082568275e+003	
  4.8000000000000000e+002	 -8.4760349926575452e+002	 -5.3233006305374975e+003	
  5.1000000000000000e+002	 -8.0587269725440865e+002	 -5.3175549546236116e+003	
  5.4000000000000000e+002	 -7.6691867688532568e+002	 -5.3304862919112302e+003	
  5.7000000000000000e+002	 -7.3786152867406918e+002	 -5.3052898345505537e+003	
  6.0000000000000000e+002	 -7.2318311089924487e+002	 -5.2731394325083829e+003	
  6.3000000000000000e+002	 -6.9396666161593021e+002	 -5.2527684032371180e+003	
  6.6000000000000000e+002	 -6.9168995342364133e+002	 -5.2111762875210006e+003	
  6.9000000000000000e+002	 -6.9981588772364967e+002	 -5.1835488109394328e+003	
  7.2000000000000000e+002	 -7.2315863709709333e+002	 -5.1637842970191878e+003	
  7.5000000000000000e+002	 -7.2616254189863719e+002	 -5.1563412911605847e+003	
  7.8000000000000000e+002	 -7.2158679932246082e+002	 -5.1542898758040374e+003	
  8.1000000000000000e+002	 -7.2372708740068674e+002	 -5.1500289048779250e+003	
  8.4000000000000000e+002	 -7.4622121810452279e+002	 -5.1567176493193783e+003	
  8.7000000000000000e+002	 -7.3193023006153192e+002	 -5.1725352789882181e+003	
  9.0000000000000000e+002	 -7.2801361300294980e+002	 -5.1655382038484167e+003	
  9.3000000000000000e+002	 -7.1229871053871580e+002	 -5.1791698459300842e+003	
  9.6000000000000000e+002	 -6.8646482511374586e+002	 -5.1910987303273123e+003	
  9.9000000000000000e+002	 -6.7526266289561022e+002	 -5.1907354207150556e+003	
  1.0200000000000000e+003	 -6.7613421784247112e+002	 -5.1902950454439961e+003	
  1.0500000000000000e+003	 -6.7700577278933201e+002	 -5.1898546701729356e+003	
  1.0800000000000000e+003	 -6.7832004968198873e+002	 -5.1898236439046595e+003	
  1.1100000000000000e+003	 -6.8954373345378190e+002	 -5.2149267740346095e+003	
  1.1400000000000000e+003	 -6.9333289766565679e+002	 -5.2466618655783677e+003	
  1.1700000000000000e+003	 -7.1260825192580251e+002	 -5.2702591031601005e+003	
  1.2000000000000000e+003	 -7.2945546261609661e+002	 -5.2947545944722806e+003	
  1.2300000000000000e+003	 -7.4902463122575443e+002	 -5.3172024506006892e+003	
  1.2600000000000000e+003	 -7.8120616549352280e+002	 -5.3303471457246915e+003	
  1.2900000000000000e+003	 -7.7540216953854383e+002	 -5.3558737270140282e+003	
  1.3200000000000000e+003	 -7.6600887899518716e+002	 -5.3877751739855812e+003	
  1.3500000000000000e+003	 -7.5177442548546389e+002	 -5.3931999846936660e+003	
  1.3800000000000000e+003	 -7.4427573697481421e+002	 -5.3855836183484998e+003	
  1.4100000000000000e+003	 -7.4786157185119919e+002	 -5.3912211867179158e+003	
  1.4400000000000000e+003	 -7.4457457874996862e+002	 -5.3836912280378401e+003	
  1.4700000000000000e+003	 -7.3501252370514362e+002	 -5.3874412219544938e+003	
  1.5000000000000000e+003	 -7.3145153505272970e+002	 -5.3910366107311111e+003	
  1.5300000000000000e+003	 -7.3307257416262212e+002	 -5.3922487291830075e+003	
  1.5600000000000000e+003	 -7.3962537476403668e+002	 -5.3898511302081242e+003	
  1.5900000000000000e+003	 -7.4156324375835777e+002	 -5.3962243406791804e+003	
  1.6200000000000000e+003	 -7.4058408737828915e+002	 -5.3988641459143782e+003	
  1.6500000000000000e+003	 -7.4090580776938759e+002	 -5.3857923376064018e+003	
  1.6800000000000000e+003	 -7.4734563368686918e+002	 -5.3895485758435716e+003	
  1.7100000000000000e+003	 -7.4011495583459123e+002	 -5.3889491760495439e+003	
  1.7400000000000000e+003	 -7.2968633177495906e+002	 -5.3940808228821852e+003	
  1.7700000000000000e+003	 -7.3276484180713840e+002	 -5.3952900719165173e+003	
  1.8000000000000000e+003	 -7.3313785005650857e+002	 -5.3984082754255214e+003	
  1.8300000000000000e+003	 -7.2850552242349022e+002	 -5.3956916084364657e+003	
  1.8600000000000000e+003	 -7.2813042628122150e+002	 -5.4014646132768894e+003	
  1.8900000000000000e+003	 -7.3924124185929531e+002	 -5.3928053143584539e+003	
  1.9200000000000000e+003	 -7.3876490187006482e+002	 -5.3927150577698067e+003	
  1.9500000000000000e+003	 -7.3352951451047534e+002	 -5.3947719170394512e+003	
  1.9800000000000000e+003	 -7.2684572142947229e+002	 -5.3974822463529217e+003	
  2.0100000000000000e+003	 -7.2402874922739090e+002	 -5.3981485353416183e+003	
  2.0400000000000000e+003	 -7.3129306938516152e+002	 -5.3965320176823616e+003	
  2.0700000000000000e+003	 -7.3689617615031068e+002	 -5.3932394514877078e+003	
  2.1000000000000000e+003	 -7.3640169787825573e+002	 -5.3908016065386864e+003	
  2.1300000000000000e+003	 -7.2836588199420032e+002	 -5.3915616351397030e+003	
  2.1600000000000000e+003	 -7.2614016533182121e+002	 -5.3916995651877160e+003	
  2.1900000000000000e+003	 -7.3849056209105504e+002	 -5.3965529904157656e+003	
  2.2200000000000000e+003	 -7.2577787640836084e+002	 -5.3925429247651682e+003	
  2.2500000000000000e+003	 -7.2869575757583675e+002	 -5.3894435386017722e+003	
  2.2800000000000000e+003	 -7.2424472598315367e+002	 -5.3823825193246275e+003	
  2.3100000000000000e+003	 -7.0851884169977075e+002	 -5.3793032060159821e+003	
  2.3400000000000000e+003	 -7.1242592518860135e+002	 -5.3766758506663164e+003	
  2.3700000000000000e+003	 -7.0477502174754261e+002	 -5.3745493103894232e+003	
  2.4000000000000000e+003	 -7.3561837617822243e+002	 -5.3725456029509196e+003	
  2.4300000000000000e+003	 -7.3933916170922362e+002	 -5.3748832618296665e+003	
  2.4600000000000000e+003	 -7.1954066417933086e+002	 -5.3839444738623024e+003	
  2.4900000000000000e+003	 -7.2495958818497877e+002	 -5.3830041091932026e+003	
  2.5200000000000000e+003	 -7.3029830241091986e+002	 -5.3852728574338935e+003	
  2.5500000000000000e+003	 -7.4297054731426067e+002	 -5.3799554497550862e+003	
  2.5800000000000000e+003	 -7.4671545963252936e+002	 -5.3787422550485198e+003	
  2.6100000000000000e+003	 -7.6456637560808872e+002	 -5.3943001442501391e+003	
  2.6400000000000000e+003	 -7.8385804288778365e+002	 -5.4043080817190685e+003	
  2.6700000000000000e+003	 -8.1453067989091926e+002	 -5.4228009914388031e+003	
  2.7000000000000000e+003	 -8.2854765165389188e+002	 -5.4533532542262610e+003	
  2.7300000000000000e+003	 -8.2185516518098859e+002	 -5.4834882722815873e+003	
  2.7600000000000000e+003	 -8.1496000252972112e+002	 -5.5073762994085064e+003	
  2.7900000000000000e+003	 -8.2526974246987857e+002	 -5.5112912360372411e+003	
  2.8200000000000000e+003	 -8.2589639970418830e+002	 -5.5157488677115871e+003	
  2.8500000000000000e+003	 -8.2434113867814403e+002	 -5.4997499825248869e+003	
  2.8800000000000000e+003	 -8.2276993823459588e+002	 -5.5060406936380905e+003	
  2.9100000000000000e+003	 -8.2861453202386770e+002	 -5.5089001438235482e+003	
  2.9400000000000000e+003	 -8.2389201405451627e+002	 -5.5070952359634466e+003	
  2.9700000000000000e+003	 -8.3527073981179274e+002	 -5.5084686214517278e+003	
  3.0000000000000000e+003	 -8.2475154405975650e+002	 -5.5082753987771130e+003	
  3.0300000000000000e+003	 -8.2048125138530816e+002	 -5.5097850667963203e+003	
  3.0600000000000000e+003	 -8.2371165915059942e+002	 -5.5102587700765116e+003	
  3.0900000000000000e+003	 -8.4012677436436945e+002	 -5.5089461560079917e+003	
  3.1200000000000000e+003	 -8.4844365524371233e+002	 -5.4971701563337692e+003	
  3.1500000000000000e+003	 -8.4719627140372711e+002	 -5.4915435830754959e+003	
  3.1800000000000000e+003	 -8.5117326690327968e+002	 -5.4888998017209287e+003	
  3.2100000000000000e+003	 -8.4679590139159325e+002	 -5.4832257212932782e+003	
  3.2400000000000000e+003	 -8.5348582175431693e+002	 -5.4868384469533758e+003	
  3.2700000000000000e+003	 -8.5406282239324412e+002	 -5.4878522277652519e+003	
  3.3000000000000000e+003	 -8.5403337985657743e+002	 -5.4903947896862846e+003	
  3.3300000000000000e+003	 -8.5601518984622521e+002	 -5.4958960811406132e+003	
  3.3600000000000000e+003	 -8.4847720649149778e+002	 -5.4999266159761801e+003	
  3.3900000000000000e+003	 -8.5314136845888299e+002	 -5.5105509764475846e+003	
  3.4200000000000000e+003	 -8.5238335632279859e+002	 -5.5111410523886398e+003	
  3.4500000000000000e+003	 -8.5248292998612715e+002	 -5.5118202750894607e+003	
  3.4800000000000000e+003	 -8.4778050089238252e+002	 -5.5393264480747539e+003	
  3.5100000000000000e+003	 -8.3970247449163639e+002	 -5.5114693432684662e+003	
  3.5400000000000000e+003	 -8.3970247449163651e+002	 -5.5114693432684662e+003	
  3.5700000000000000e+003	 -8.4015009048586728e+002	 -5.5124234897142533e+003	
  3.6000000000000000e+003	 -8.2863803784595598e+002	 -5.5023636043701244e+003	
  3.6300000000000000e+003	 -8.3784208280891448e+002	 -5.5015621212607530e+003	
  3.6600000000000000e+003	 -8.3151954491530819e+002	 -5.5376447643623997e+003	
  3.6900000000000000e+003	 -8.2234474131183572e+002	 -5.5029586458048943e+003	
  3.7200000000000000e+003	 -8.2428080041597423e+002	 -5.5078793668378830e+003	
  3.7500000000000000e+003	 -8.1746168499457951e+002	 -5.5136320758607735e+003	
  3.7800000000000000e+003	 -8.1858538336899755e+002	 -5.5065342854587152e+003	
  3.8100000000000000e+003	 -8.1704484438362749e+002	 -5.5035435654949879e+003	
  3.8400000000000000e+003	 -8.1627457861901780e+002	 -5.5020816014121774e+003	
  3.8700000000000000e+003	 -8.1532669055523309e+002	 -5.5179198766505942e+003	
  3.9000000000000000e+003	 -8.0358058708169403e+002	 -5.5416969955780751e+003	
  3.9300000000000000e+003	 -8.0074845514927108e+002	 -5.5143079286545435e+003	
  3.9600000000000000e+003	 -7.9928299048229724e+002	 -5.5108459677827195e+003	
  3.9900000000000000e+003	 -8.0413756092987103e+002	 -5.5310018792513583e+003	
  4.0200000000000000e+003	 -8.0234456161112837e+002	 -5.5217640060897756e+003	
  4.0500000000000000e+003	 -8.0055156229238537e+002	 -5.5125261329281921e+003	
  4.0800000000000000e+003	 -8.3539419709513197e+002	 -5.5810425310696328e+003	
  4.1100000000000000e+003	 -8.0109116101749225e+002	 -5.5010797482008393e+003	
  4.1400000000000000e+003	 -8.4815992165048374e+002	 -5.5133199906726531e+003	
  4.1700000000000000e+003	 -8.1255542678874690e+002	 -5.5080533000956611e+003	
  4.2000000000000000e+003	 -8.1091534100317710e+002	 -5.5175917834073698e+003	
  4.2300000000000000e+003	 -8.1091534100317710e+002	 -5.5175917834073698e+003	
  4.2600000000000000e+003	 -8.1091534100317710e+002	 -5.5175917834073698e+003	
  4.2900000000000000e+003	 -8.1091534100317710e+002	 -5.5175917834073698e+003	
  4.3200000000000000e+003	 -8.1091534100317710e+002	 -5.5175917834073698e+003	
  4.3500000000000000e+003	 -8.1091534100317710e+002	 -5.5175917834073698e+003	
  4.3800000000000000e+003	 -8.1091534100317710e+002	 -5.5175917834073698e+003	
  4.4100000000000000e+003	 -8.1091534100317710e+002	 -5.5175917834073698e+003	
  4.4400000000000000e+003	 -8.1091534100317710e+002	 -5.5175917834073698e+003	
  4.4700000000000000e+003	 -8.1091534100317710e+002	 -5.5175917834073698e+003	
  4.5000000000000000e+003	 -8.1091534100317710e+002	 -5.5175917834073698e+003	
  4.5300000000000000e+003	 -8.1091534100317710e+002	 -5.5175917834073698e+003	
  4.5600000000000000e+003	 -8.1091534100317710e+002	 -5.5175917834073698e+003	
  4.5900000000000000e+003	 -8.1091534100317710e+002	 -5.5175917834073698e+003	
  4.6200000000000000e+003	 -8.1091534100317710e+002	 -5.5175917834073698e+003	
  4.6500000000000000e+003	 -8.1091534100317710e+002	 -5.5175917834073698e+003	
  4.6800000000000000e+003	 -8.1091534100317710e+002	 -5.5175917834073698e+003	
  4.7100000000000000e+003	 -8.1091534100317710e+002	 -5.5175917834073698e+003	
  4.7400000000000000e+003	 -8.1091534100317710e+002	 -5.5175917834073698e+003	
  4.7700000000000000e+003	 -8.1091534100317710e+002	 -5.5175917834073698e+003	
  4.8000000000000000e+003	 -8.1091534100317710e+002	 -5.5175917834073698e+003	
  4.8300000000000000e+003	 -8.1091534100317710e+002	 -5.5175917834073698e+003	
  4.8600000000000000e+003	 -8.1091534100317710e+002	 -5.5175917834073698e+003	
  4.8900000000000000e+003	 -8.1091534100317710e+002	 -5.5175917834073698e+003	
  4.9200000000000000e+003	 -8.1091534100317710e+002	 -5.5175917834073698e+003	
  4.9500000000000000e+003	 -8.1091534100317710e+002	 -5.5175917834073698e+003	
  4.9800000000000000e+003	 -8.1091534100317710e+002	 -5.5175917834073698e+003	
  5.0100000000000000e+003	 -7.8831319393593776e+002	 -5.5361817389369526e+003	
  5.0400000000000000e+003	 -7.7145542759976536e+002	 -5.4622671844446613e+003	
  5.0700000000000000e+003	 -7.7145542759976536e+002	 -5.4622671844446622e+003	
  5.1000000000000000e+003	 -8.0891184082887366e+002	 -5.5378857471521087e+003	
  5.1300000000000000e+003	 -8.0787996128878092e+002	 -5.5329535429483594e+003	
  5.1600000000000000e+003	 -7.9943475464932828e+002	 -5.5320908361651045e+003	
  5.1900000000000000e+003	 -8.0014464170809583e+002	 -5.5345119830665080e+003	
  5.2200000000000000e+003	 -8.0014464170809583e+002	 -5.5345119830665080e+003	
  5.2500000000000000e+003	 -8.0014464170809583e+002	 -5.5345119830665080e+003	
  5.2800000000000000e+003	 -8.0014464170809583e+002	 -5.5345119830665080e+003	
  5.3100000000000000e+003	 -8.0014464170809583e+002	 -5.5345119830665080e+003	
  5.3400000000000000e+003	 -8.0014464170809583e+002	 -5.5345119830665080e+003	
  5.3700000000000000e+003	 -8.0014464170809583e+002	 -5.5345119830665080e+003	
  5.4000000000000000e+003	 -8.0014464170809583e+002	 -5.5345119830665080e+003	
  5.4300000000000000e+003	 -8.0014464170809583e+002	 -5.5345119830665080e+003	
  5.4600000000000000e+003	 -8.0014464170809583e+002	 -5.5345119830665080e+003	
  5.4900000000000000e+003	 -8.0014464170809583e+002	 -5.5345119830665080e+003	
  5.5200000000000000e+003	 -8.0014464170809583e+002	 -5.5345119830665080e+003	
  5.5500000000000000e+003	 -8.0014464170809583e+002	 -5.5345119830665080e+003	
  5.5800000000000000e+003	 -8.0014464170809583e+002	 -5.5345119830665080e+003	
  5.6100000000000000e+003	 -8.0014464170809583e+002	 -5.5345119830665080e+003	
  5.6400000000000000e+003	 -8.0014464170809583e+002	 -5.5345119830665080e+003	
  5.6700000000000000e+003	 -8.0014464170809583e+002	 -5.5345119830665080e+003	
  5.7000000000000000e+003	 -8.0014464170809583e+002	 -5.5345119830665080e+003	
  5.7300000000000000e+003	 -8.0014464170809583e+002	 -5.5345119830665080e+003	
  5.7600000000000000e+003	 -8.0014464170809583e+002	 -5.5345119830665080e+003	
  5.7900000000000000e+003	 -8.0014464170809583e+002	 -5.5345119830665080e+003	
  5.8200000000000000e+003	 -8.0014464170809583e+002	 -5.5345119830665080e+003	
  5.8500000000000000e+003	 -8.0014464170809583e+002	 -5.5345119830665080e+003	
  5.8800000000000000e+003	 -8.0014464170809583e+002	 -5.5345119830665080e+003	
  5.9100000000000000e+003	 -8.0014464170809583e+002	 -5.5345119830665080e+003	
  5.9400000000000000e+003	 -8.0014464170809583e+002	 -5.5345119830665080e+003	
  5.9700000000000000e+003	 -8.0014464170809583e+002	 -5.5345119830665080e+003	
  6.0000000000000000e+003	 -8.0014464170809583e+002	 -5.5345119830665080e+003	
  6.0300000000000000e+003	 -8.0014464170809583e+002	 -5.5345119830665080e+003	
  6.0600000000000000e+003	 -8.0014464170809583e+002	 -5.5345119830665080e+003	
  6.0900000000000000e+003	 -8.0014464170809583e+002	 -5.5345119830665080e+003	
  6.1200000000000000e+003	 -8.0014464170809583e+002	 -5.5345119830665080e+003	
  6.1500000000000000e+003	 -8.0014464170809583e+002	 -5.5345119830665080e+003	
  6.1800000000000000e+003	 -8.0014464170809583e+002	 -5.5345119830665080e+003	
  6.2100000000000000e+003	 -8.0014464170809583e+002	 -5.5345119830665080e+003	
  6.2400000000000000e+003	 -8.0014464170809583e+002	 -5.5345119830665080e+003	
  6.2700000000000000e+003	 -8.0014464170809583e+002	 -5.5345119830665080e+003	
  6.3000000000000000e+003	 -8.0014464170809583e+002	 -5.5345119830665080e+003	
  6.3300000000000000e+003	 -8.0014464170809583e+002	 -5.5345119830665080e+003	
  6.3600000000000000e+003	 -8.0014464170809583e+002	 -5.5345119830665080e+003	
  6.3900000000000000e+003	 -8.0014464170809583e+002	 -5.5345119830665080e+003	
  6.4200000000000000e+003	 -8.0014464170809583e+002	 -5.5345119830665080e+003	
  6.4500000000000000e+003	 -8.0014464170809583e+002	 -5.5345119830665080e+003	
  6.4800000000000000e+003	 -8.0014464170809583e+002	 -5.5345119830665080e+003	
  6.5100000000000000e+003	 -8.0014464170809583e+002	 -5.5345119830665080e+003	
  6.5400000000000000e+003	 -8.0014464170809583e+002	 -5.5345119830665080e+003	
  6.5700000000000000e+003	 -7.9665974447085864e+002	 -5.5434021710391044e+003	
  6.6000000000000000e+003	 -7.9973072820618461e+002	 -5.5444647429929601e+003	
  6.6300000000000000e+003	 -7.6983437767804890e+002	 -5.5057921710828396e+003	
  6.6600000000000000e+003	 -7.7781992427453326e+002	 -5.5337327635966067e+003	
  6.6900000000000000e+003	 -7.7644911056139460e+002	 -5.5243941608908444e+003	
  6.7200000000000000e+003	 -7.8379276529373067e+002	 -5.5216413194477836e+003	
  6.7500000000000000e+003	 -7.9113642002606684e+002	 -5.5188884780047229e+003	
  6.7800000000000000e+003	 -7.8683321082259818e+002	 -5.5113081242668641e+003	
  6.8100000000000000e+003	 -7.7685596697342703e+002	 -5.4782584619373902e+003	
  6.8400000000000000e+003	 -7.6892361195430226e+002	 -5.4535526463668630e+003	
  6.8700000000000000e+003	 -7.6140727606892926e+002	 -5.4454890117114037e+003	
  6.9000000000000000e+003	 -7.4659959375418555e+002	 -5.4214305071582148e+003	
  6.9300000000000000e+003	 -7.4609079612777202e+002	 -5.4286040699625046e+003	
  6.9600000000000000e+003	 -7.4867467408379730e+002	 -5.4477753480134352e+003	
  6.9900000000000000e+003	 -7.5125855203982235e+002	 -5.4669466260643658e+003	
  7.0200000000000000e+003	 -7.5384242999584762e+002	 -5.4861179041152955e+003	
  7.0500000000000000e+003	 -7.7242370103688415e+002	 -5.5130154142371412e+003	
  7.0800000000000000e+003	 -7.6783254805732065e+002	 -5.4875361670359416e+003	
  7.1100000000000000e+003	 -7.4772724542800245e+002	 -5.4618887069818111e+003	
  7.1400000000000000e+003	 -7.5155247978162822e+002	 -5.4468831626314995e+003	
  7.1700000000000000e+003	 -7.6406280977138738e+002	 -5.4269907964837676e+003	
  7.2000000000000000e+003	 -7.7291913359569821e+002	 -5.4027924569395518e+003	
  7.2300000000000000e+003	 -7.7728766885139817e+002	 -5.3866942917778761e+003	
  7.2600000000000000e+003	 -7.6926456662548242e+002	 -5.3633480278749785e+003	
  7.2900000000000000e+003	 -7.6745746453966001e+002	 -5.3529537935332155e+003	
  7.3200000000000000e+003	 -7.6605652320454669e+002	 -5.3429352544407966e+003	
  7.3500000000000000e+003	 -7.6339698899394352e+002	 -5.3413322878908757e+003	
  7.3800000000000000e+003	 -7.6042280656446781e+002	 -5.3418332144765782e+003	
  7.4100000000000000e+003	 -7.5990140668536606e+002	 -5.3436031566858474e+003	
  7.4400000000000000e+003	 -7.6208274009473962e+002	 -5.3552852680977039e+003	
  7.4700000000000000e+003	 -7.5698869990901733e+002	 -5.3506980226061560e+003	
  7.5000000000000000e+003	 -7.6066896948636941e+002	 -5.3498151629274689e+003	
  7.5300000000000000e+003	 -7.6434923906372137e+002	 -5.3489323032487819e+003	
  7.5600000000000000e+003	 -7.6901841782849306e+002	 -5.3461057304366605e+003	
  7.5900000000000000e+003	 -7.7877779827192705e+002	 -5.3320842573201253e+003	
  7.6200000000000000e+003	 -7.9009198978095276e+002	 -5.3159470409175847e+003	
  7.6500000000000000e+003	 -8.2139228710210443e+002	 -5.3126570030802877e+003	
  7.6800000000000000e+003	 -8.4396179673877396e+002	 -5.3267942746125509e+003	
  7.7100000000000000e+003	 -8.6372941815371337e+002	 -5.3359650914551066e+003	
  7.7400000000000000e+003	 -8.6508516855280061e+002	 -5.3408459181371145e+003	
  7.7700000000000000e+003	 -8.6591816598496325e+002	 -5.3436649999114506e+003	
  7.8000000000000000e+003	 -8.6584822647425608e+002	 -5.3429228859361720e+003	
  7.8300000000000000e+003	 -8.6577828696354902e+002	 -5.3421807719608933e+003	
  7.8600000000000000e+003	 -8.6570834745284185e+002	 -5.3414386579856155e+003	
  7.8900000000000000e+003	 -8.6574102428714696e+002	 -5.3408780172254246e+003	
  7.9200000000000000e+003	 -8.6628678284651346e+002	 -5.3412247425406767e+003	
  7.9500000000000000e+003	 -8.6683254140588008e+002	 -5.3415714678559289e+003	
  7.9800000000000000e+003	 -8.6737829996524647e+002	 -5.3419181931711801e+003	
  8.0100000000000000e+003	 -8.6792405852461297e+002	 -5.3422649184864313e+003	
  8.0400000000000000e+003	 -8.6846981708397948e+002	 -5.3426116438016834e+003	
  8.0700000000000000e+003	 -8.6884582415290197e+002	 -5.3427586821543600e+003	
  8.1000000000000000e+003	 -8.6684531035560929e+002	 -5.3401101030309883e+003	
  8.1300000000000000e+003	 -8.6484479655831672e+002	 -5.3374615239076165e+003	
  8.1600000000000000e+003	 -8.6284428276102403e+002	 -5.3348129447842448e+003	
  8.1900000000000000e+003	 -8.6156209766173015e+002	 -5.3325827641950027e+003	
  8.2200000000000000e+003	 -8.6302487678796581e+002	 -5.3334763092236008e+003	
  8.2500000000000000e+003	 -8.6374516772163611e+002	 -5.3363574259859761e+003	
  8.2800000000000000e+003	 -8.6171564694097106e+002	 -5.3383004153073161e+003	
  8.3100000000000000e+003	 -8.5968612616030555e+002	 -5.3402434046286562e+003	
  8.3400000000000000e+003	 -8.5765660537964038e+002	 -5.3421863939499972e+003	
  8.3700000000000000e+003	 -8.5562708459897510e+002	 -5.3441293832713372e+003	
  8.4000000000000000e+003	 -8.5359756381830982e+002	 -5.3460723725926773e+003	
  8.4300000000000000e+003	 -8.6034630842173522e+002	 -5.3422673516963923e+003	
  8.4600000000000000e+003	 -8.7339657593079278e+002	 -5.3340998566654898e+003	
  8.4900000000000000e+003	 -8.8898799770289418e+002	 -5.3240839456765971e+003	
  8.5200000000000000e+003	 -9.0379791888877696e+002	 -5.3130354807421500e+003	
  8.5500000000000000e+003	 -9.2264697422839299e+002	 -5.2972875668592724e+003	
  8.5800000000000000e+003	 -9.3998567836430527e+002	 -5.2808810298530516e+003	
  8.6100000000000000e+003	 -9.4911597331005237e+002	 -5.2744116286305334e+003	
  8.6400000000000000e+003	 -9.5042838850580938e+002	 -5.2724845312429661e+003	
  8.6700000000000000e+003	 -9.5160766265726045e+002	 -5.2706807066558995e+003	
  8.7000000000000000e+003	 -9.5278693680871163e+002	 -5.2688768820688319e+003	
  8.7300000000000000e+003	 -9.5396621096016293e+002	 -5.2670730574817644e+003	
  8.7600000000000000e+003	 -9.5434228912662081e+002	 -5.2660296582357059e+003	
  8.7900000000000000e+003	 -9.5070238736811211e+002	 -5.2687883856946937e+003	
  8.8200000000000000e+003	 -9.5081116451677326e+002	 -5.2668461779818699e+003	
  8.8500000000000000e+003	 -9.5309022945379547e+002	 -5.2621823762222102e+003	
  8.8800000000000000e+003	 -9.5122814948165433e+002	 -5.2630095761794337e+003	
  8.9100000000000000e+003	 -9.5427105902073595e+002	 -5.2709216532444716e+003	
  8.9400000000000000e+003	 -9.6616025471270916e+002	 -5.2748568957707103e+003	
  8.9700000000000000e+003	 -9.7347001634066032e+002	 -5.2523830745064433e+003	
  9.0000000000000000e+003	 -9.7991736729291551e+002	 -5.2262272266865411e+003	
  9.0300000000000000e+003	 -9.7752908424941734e+002	 -5.2175776806194408e+003	
  9.0600000000000000e+003	 -9.7592696255585258e+002	 -5.2137009416311466e+003	
  9.0900000000000000e+003	 -9.7711897631558998e+002	 -5.2141365297437214e+003	
  9.1200000000000000e+003	 -9.7831099007532725e+002	 -5.2145721178562944e+003	
  9.1500000000000000e+003	 -9.7842678278071469e+002	 -5.2134913569374867e+003	
  9.1800000000000000e+003	 -9.7850546441526262e+002	 -5.2123583081210445e+003	
  9.2100000000000000e+003	 -9.7858414604981056e+002	 -5.2112252593046014e+003	
  9.2400000000000000e+003	 -9.7873793338222708e+002	 -5.2098075928112476e+003	
  9.2700000000000000e+003	 -9.7913849657906951e+002	 -5.2074547539508931e+003	
  9.3000000000000000e+003	 -9.8406970958735303e+002	 -5.2127849493422009e+003	
  9.3300000000000000e+003	 -9.8581718891924072e+002	 -5.2153771775904215e+003	
  9.3600000000000000e+003	 -9.8686272562077932e+002	 -5.2171884393901310e+003	
  9.3900000000000000e+003	 -9.9101557334593349e+002	 -5.2226053078346695e+003	
  9.4200000000000000e+003	 -9.9311497113436519e+002	 -5.2282945441512766e+003	
  9.4500000000000000e+003	 -9.8860736033605826e+002	 -5.2457762982131035e+003	
  9.4800000000000000e+003	 -9.8787299467280297e+002	 -5.2603170942484057e+003	
  9.5100000000000000e+003	 -1.0136180790912817e+003	 -5.2532642703796264e+003	
  9.5400000000000000e+003	 -1.0248997181979762e+003	 -5.2506533788448451e+003	
  9.5700000000000000e+003	 -1.0277001018516064e+003	 -5.2481850421322224e+003	
  9.6000000000000000e+003	 -1.0351571325727571e+003	 -5.2505537793325784e+003	
  9.6300000000000000e+003	 -1.0372849298833419e+003	 -5.2522612924233208e+003	
  9.6600000000000000e+003	 -1.0316674860507678e+003	 -5.2527725260650041e+003	
  9.6900000000000000e+003	 -1.0324979555579550e+003	 -5.2541042082319827e+003	
  9.7200000000000000e+003	 -1.0344562606357476e+003	 -5.2545216482051919e+003	
  9.7500000000000000e+003	 -1.0360585132625770e+003	 -5.2554400137244693e+003	
  9.7800000000000000e+003	 -1.0317413351818823e+003	 -5.2591316938947748e+003	
  9.8100000000000000e+003	 -1.0274686619762369e+003	 -5.2642320411099681e+003	
  9.8400000000000000e+003	 -1.0355931679059900e+003	 -5.2499792918814128e+003	
  9.8700000000000000e+003	 -1.0444792388647438e+003	 -5.2377203553555664e+003	
  9.9000000000000000e+003	 -1.0538043496633197e+003	 -5.2375624879186989e+003	
  9.9300000000000000e+003	 -1.0594246975227561e+003	 -5.2438630355739469e+003	
  9.9600000000000000e+003	 -1.0594246975227561e+003	 -5.2438630355739469e+003	
  9.9900000000000000e+003	 -1.0594246975227561e+003	 -5.2438630355739469e+003	
  1.0020000000000000e+004	 -1.0594246975227561e+003	 -5.2438630355739469e+003	
  1.0050000000000000e+004	 -1.0594246975227561e+003	 -5.2438630355739469e+003	
  1.0080000000000000e+004	 -1.0594246975227561e+003	 -5.2438630355739469e+003	
  1.0110000000000000e+004	 -1.0594246975227561e+003	 -5.2438630355739469e+003	
  1.0140000000000000e+004	 -1.0594246975227561e+003	 -5.2438630355739469e+003	
  1.0170000000000000e+004	 -1.0594246975227561e+003	 -5.2438630355739469e+003	
  1.0200000000000000e+004	 -1.0594246975227561e+003	 -5.2438630355739469e+003	
  1.0230000000000000e+004	 -1.0594246975227561e+003	 -5.2438630355739469e+003	
  1.0260000000000000e+004	 -1.0594246975227561e+003	 -5.2438630355739469e+003	
  1.0290000000000000e+004	 -1.0594246975227561e+003	 -5.2438630355739469e+003	
  1.0320000000000000e+004	 -1.0594246975227561e+003	 -5.2438630355739469e+003	
  1.0350000000000000e+004	 -1.0594246975227561e+003	 -5.2438630355739469e+003	
  1.0380000000000000e+004	 -1.0594246975227561e+003	 -5.2438630355739469e+003	
  1.0410000000000000e+004	 -1.0594246975227561e+003	 -5.2438630355739469e+003	
  1.0440000000000000e+004	 -1.0594246975227561e+003	 -5.2438630355739469e+003	
  1.0470000000000000e+004	 -1.0594246975227561e+003	 -5.2438630355739469e+003	
  1.0500000000000000e+004	 -1.0594246975227561e+003	 -5.2438630355739469e+003	
  1.0530000000000000e+004	 -1.0594246975227561e+003	 -5.2438630355739469e+003	
  1.0560000000000000e+004	 -1.0594246975227561e+003	 -5.2438630355739469e+003	
  1.0590000000000000e+004	 -1.0594246975227561e+003	 -5.2438630355739469e+003	
  1.0620000000000000e+004	 -1.0594246975227561e+003	 -5.2438630355739469e+003	
  1.0650000000000000e+004	 -1.0594246975227561e+003	 -5.2438630355739469e+003	
  1.0680000000000000e+004	 -1.0594246975227561e+003	 -5.2438630355739469e+003	
  1.0710000000000000e+004	 -1.0594246975227561e+003	 -5.2438630355739469e+003	
  1.0740000000000000e+004	 -1.0594246975227561e+003	 -5.2438630355739469e+003	
  1.0770000000000000e+004	 -1.0594246975227561e+003	 -5.2438630355739469e+003	
  1.0800000000000000e+004	 -1.0594246975227561e+003	 -5.2438630355739469e+003	
  1.0830000000000000e+004	 -1.0554614811671008e+003	 -5.2396735610616743e+003	
  1.0860000000000000e+004	 -1.0304333381932252e+003	 -5.2124557112399289e+003	
  1.0890000000000000e+004	 -1.0222923683017585e+003	 -5.1981435126287934e+003	
  1.0920000000000000e+004	 -1.0142649146840649e+003	 -5.1981386931972911e+003	
  1.0950000000000000e+004	 -1.0072268721881536e+003	 -5.2035763653683125e+003	
  1.0980000000000000e+004	 -9.9200013436909182e+002	 -5.2091766267177500e+003	
  1.1010000000000000e+004	 -9.8124167405223375e+002	 -5.2085616006010769e+003	
  1.1040000000000000e+004	 -9.6684799049683227e+002	 -5.2086232217704128e+003	
  1.1070000000000000e+004	 -9.5827805745731064e+002	 -5.2209317123917535e+003	
  1.1100000000000000e+004	 -9.5579100877593385e+002	 -5.2449168374654082e+003	
  1.1130000000000000e+004	 -9.6588282776707251e+002	 -5.2708017737285500e+003	
  1.1160000000000000e+004	 -9.8716311294988850e+002	 -5.2921746568169483e+003	
  1.1190000000000000e+004	 -1.0042411946819133e+003	 -5.3083712951592797e+003	
  1.1220000000000000e+004	 -1.0327147678955819e+003	 -5.2977484637642274e+003	
  1.1250000000000000e+004	 -1.0578776326351478e+003	 -5.3031282592976477e+003	
  1.1280000000000000e+004	 -1.0796519620197332e+003	 -5.3222185558017554e+003	
  1.1310000000000000e+004	 -1.0971844453963351e+003	 -5.3482177561816361e+003	
  1.1340000000000000e+004	 -1.1097532262942220e+003	 -5.3855697034964815e+003	
  1.1370000000000000e+004	 -1.1164114718626377e+003	 -5.4191874676811058e+003	
  1.1400000000000000e+004	 -1.1153833590731731e+003	 -5.4456809377497648e+003	
  1.1430000000000000e+004	 -1.1322248130970490e+003	 -5.4664230238445807e+003	
  1.1460000000000000e+004	 -1.1508874985287580e+003	 -5.4758367395232617e+003	
  1.1490000000000000e+004	 -1.1563218046846550e+003	 -5.4846864494838028e+003	
  1.1520000000000000e+004	 -1.1573401248442958e+003	 -5.4954174178337562e+003	
  1.1550000000000000e+004	 -1.1641941999037033e+003	 -5.5158107096998838e+003	
  1.1580000000000000e+004	 -1.1834882064868004e+003	 -5.5248857033957747e+003	
  1.1610000000000000e+004	 -1.2023275800579190e+003	 -5.5238177969074741e+003	
  1.1640000000000000e+004	 -1.2053672150018872e+003	 -5.5227723843988078e+003	
  1.1670000000000000e+004	 -1.2084068499458556e+003	 -5.5217269718901425e+003	
  1.1700000000000000e+004	 -1.2114464848898238e+003	 -5.5206815593814772e+003	
  1.1730000000000000e+004	 -1.2115293181033296e+003	 -5.5200844917247869e+003	
  1.1760000000000000e+004	 -1.2096409501631936e+003	 -5.5197863206360807e+003	
  1.1790000000000000e+004	 -1.2104045254599907e+003	 -5.5202110095836033e+003	
  1.1820000000000000e+004	 -1.2121324437520361e+003	 -5.5208985567261188e+003	
  1.1850000000000000e+004	 -1.2128694676336413e+003	 -5.5210454685700724e+003	
  1.1880000000000000e+004	 -1.2124740407604575e+003	 -5.5205745115013860e+003	
  1.1910000000000000e+004	 -1.2120786138872736e+003	 -5.5201035544326987e+003	
  1.1940000000000000e+004	 -1.2116831870140900e+003	 -5.5196325973640123e+003	
  1.1970000000000000e+004	 -1.2112877601409059e+003	 -5.5191616402953250e+003	
  1.2000000000000000e+004	 -1.2100794012670808e+003	 -5.5192768942043258e+003	
  1.2030000000000000e+004	 -1.2066354793914918e+003	 -5.5210042283019666e+003	
  1.2060000000000000e+004	 -1.2049853562037270e+003	 -5.5221794689231119e+003	
  1.2090000000000000e+004	 -1.2069228303916111e+003	 -5.5222505225912655e+003	
  1.2120000000000000e+004	 -1.2088603045794955e+003	 -5.5223215762594200e+003	
  1.2150000000000000e+004	 -1.2106061150059629e+003	 -5.5225486687769135e+003	
  1.2180000000000000e+004	 -1.2115852703867636e+003	 -5.5233999166917674e+003	
  1.2210000000000000e+004	 -1.2138671976607120e+003	 -5.5224953959324766e+003	
  1.2240000000000000e+004	 -1.2174518968278078e+003	 -5.5198351064990438e+003	
  1.2270000000000000e+004	 -1.2185475713013673e+003	 -5.5173437618686949e+003	
  1.2300000000000000e+004	 -1.2174653491680826e+003	 -5.5150002439410428e+003	
  1.2330000000000000e+004	 -1.2163831270347978e+003	 -5.5126567260133925e+003	
  1.2360000000000000e+004	 -1.2153009049015129e+003	 -5.5103132080857404e+003	
  1.2390000000000000e+004	 -1.2161546575629020e+003	 -5.5015992270186989e+003	
  1.2420000000000000e+004	 -1.2079208594518623e+003	 -5.5045170845607663e+003	
  1.2450000000000000e+004	 -1.2131403971352731e+003	 -5.4985434636224618e+003	
  1.2480000000000000e+004	 -1.2104621237558158e+003	 -5.4988381261304048e+003	
  1.2510000000000000e+004	 -1.2077502517430348e+003	 -5.4991997244959721e+003	
  1.2540000000000000e+004	 -1.2045679988637221e+003	 -5.5004984248682704e+003	
  1.2570000000000000e+004	 -1.2027007348268571e+003	 -5.4981112910894517e+003	
  1.2600000000000000e+004	 -1.2023420540705392e+003	 -5.5000927358507815e+003	
  1.2630000000000000e+004	 -1.2073517646433370e+003	 -5.5023393177904391e+003	
  1.2660000000000000e+004	 -1.2074763844987763e+003	 -5.5014083016745299e+003	
  1.2690000000000000e+004	 -1.2076010043542155e+003	 -5.5004772855586216e+003	
  1.2720000000000000e+004	 -1.2077256242096548e+003	 -5.4995462694427124e+003	
  1.2750000000000000e+004	 -1.2078502440650939e+003	 -5.4986152533268050e+003	
  1.2780000000000000e+004	 -1.2076047970711388e+003	 -5.4982129275339412e+003	
  1.2810000000000000e+004	 -1.2025387343492598e+003	 -5.5053275430427339e+003	
  1.2840000000000000e+004	 -1.1987850529081368e+003	 -5.5063689960032225e+003	
  1.2870000000000000e+004	 -1.2048430935908800e+003	 -5.5027389018363583e+003	
  1.2900000000000000e+004	 -1.2082953115424370e+003	 -5.4961743735726286e+003	
  1.2930000000000000e+004	 -1.2089415533071224e+003	 -5.4904607709239544e+003	
  1.2960000000000000e+004	 -1.2069832452988742e+003	 -5.4852997055683682e+003	
  1.2990000000000000e+004	 -1.2039968258857514e+003	 -5.4936474755875515e+003	
  1.3020000000000000e+004	 -1.2044174171794284e+003	 -5.4977558354889006e+003	
  1.3050000000000000e+004	 -1.2064869927075276e+003	 -5.4975660906790790e+003	
  1.3080000000000000e+004	 -1.2085565682356269e+003	 -5.4973763458692565e+003	
  1.3110000000000000e+004	 -1.2030868857084829e+003	 -5.4982533170010192e+003	
  1.3140000000000000e+004	 -1.2041707096246682e+003	 -5.5007061315528108e+003	
  1.3170000000000000e+004	 -1.1990241174018342e+003	 -5.5032742844057766e+003	
  1.3200000000000000e+004	 -1.2008705240530660e+003	 -5.5015430377444518e+003	
  1.3230000000000000e+004	 -1.2076068121822263e+003	 -5.4979413854101340e+003	
  1.3260000000000000e+004	 -1.2062153834606986e+003	 -5.4982929138122372e+003	
  1.3290000000000000e+004	 -1.2047588095422964e+003	 -5.5053354858424973e+003	
  1.3320000000000000e+004	 -1.2036962370411100e+003	 -5.5138277498305197e+003	
  1.3350000000000000e+004	 -1.2038541649542217e+003	 -5.5122357955431680e+003	
  1.3380000000000000e+004	 -1.2040120928673336e+003	 -5.5106438412558155e+003	
  1.3410000000000000e+004	 -1.2041700207804456e+003	 -5.5090518869684647e+003	
  1.3440000000000000e+004	 -1.2043279486935576e+003	 -5.5074599326811131e+003	
  1.3470000000000000e+004	 -1.2044858766066698e+003	 -5.5058679783937614e+003	
  1.3500000000000000e+004	 -1.2046438045197815e+003	 -5.5042760241064088e+003	
  1.3530000000000000e+004	 -1.2048017324328935e+003	 -5.5026840698190581e+003	
  1.3560000000000000e+004	 -1.2049596603460056e+003	 -5.5010921155317064e+003	
  1.3590000000000000e+004	 -1.2051175882591174e+003	 -5.4995001612443548e+003	
  1.3620000000000000e+004	 -1.2071879774960432e+003	 -5.4946781703215520e+003	
  1.3650000000000000e+004	 -1.2139046409501993e+003	 -5.4917059198776715e+003	
  1.3680000000000000e+004	 -1.2126195011679335e+003	 -5.4899897812598610e+003	
  1.3710000000000000e+004	 -1.2113343613856678e+003	 -5.4882736426420515e+003	
  1.3740000000000000e+004	 -1.2100492216034022e+003	 -5.4865575040242420e+003	
  1.3770000000000000e+004	 -1.2087640818211364e+003	 -5.4848413654064316e+003	
  1.3800000000000000e+004	 -1.2077058612309993e+003	 -5.4865053707355728e+003	
  1.3830000000000000e+004	 -1.2071771187558286e+003	 -5.4960563786075973e+003	
  1.3860000000000000e+004	 -1.2064476785475258e+003	 -5.4999750104180894e+003	
  1.3890000000000000e+004	 -1.2056020449147782e+003	 -5.5006327929297995e+003	
  1.3920000000000000e+004	 -1.2045261811261616e+003	 -5.4982469594554786e+003	
  1.3950000000000000e+004	 -1.2091292230560746e+003	 -5.5085008880011010e+003	
  1.3980000000000000e+004	 -1.2108439085762200e+003	 -5.5247319805287698e+003	
  1.4010000000000000e+004	 -1.2096771119089497e+003	 -5.5211132053642605e+003	
  1.4040000000000000e+004	 -1.2071695225929516e+003	 -5.5148007114738903e+003	
  1.4070000000000000e+004	 -1.2048633287699747e+003	 -5.5087771991775089e+003	
  1.4100000000000000e+004	 -1.2053766718492927e+003	 -5.5067994291969726e+003	
  1.4130000000000000e+004	 -1.2058900149286112e+003	 -5.5048216592164372e+003	
  1.4160000000000000e+004	 -1.2064033580079295e+003	 -5.5028438892359009e+003	
  1.4190000000000000e+004	 -1.2069167010872477e+003	 -5.5008661192553645e+003	
  1.4220000000000000e+004	 -1.2074300441665659e+003	 -5.4988883492748291e+003	
  1.4250000000000000e+004	 -1.2079433872458844e+003	 -5.4969105792942928e+003	
  1.4280000000000000e+004	 -1.2086058443944194e+003	 -5.4953283633098645e+003	
  1.4310000000000000e+004	 -1.2079763878085691e+003	 -5.4995425115700455e+003	
  1.4340000000000000e+004	 -1.2076686541502986e+003	 -5.4964415339132502e+003	
  1.4370000000000000e+004	 -1.2076686541502986e+003	 -5.4964415339132502e+003	
  1.4400000000000000e+004	 -1.2076686541502986e+003	 -5.4964415339132502e+003	
  1.4430000000000000e+004	 -1.2076686541502986e+003	 -5.4964415339132502e+003	
  1.4460000000000000e+004	 -1.2076686541502986e+003	 -5.4964415339132502e+003	
  1.4490000000000000e+004	 -1.2076686541502986e+003	 -5.4964415339132502e+003	
  1.4520000000000000e+004	 -1.2076686541502986e+003	 -5.4964415339132502e+003	
  1.4550000000000000e+004	 -1.2076686541502986e+003	 -5.4964415339132502e+003	
  1.4580000000000000e+004	 -1.2076686541502986e+003	 -5.4964415339132502e+003	
  1.4610000000000000e+004	 -1.2076686541502986e+003	 -5.4964415339132502e+003	
  1.4640000000000000e+004	 -1.2076686541502986e+003	 -5.4964415339132502e+003	
  1.4670000000000000e+004	 -1.2076686541502986e+003	 -5.4964415339132502e+003	
  1.4700000000000000e+004	 -1.2076686541502986e+003	 -5.4964415339132502e+003	
  1.4730000000000000e+004	 -1.2046885088340116e+003	 -5.5052384394559631e+003	
  1.4760000000000000e+004	 -1.2061949006537661e+003	 -5.4992444423946545e+003	
  1.4790000000000000e+004	 -1.2051228517252175e+003	 -5.4947287697030742e+003	
  1.4820000000000000e+004	 -1.2036541196046228e+003	 -5.4904405315299136e+003	
  1.4850000000000000e+004	 -1.2021853874840276e+003	 -5.4861522933567530e+003	
  1.4880000000000000e+004	 -1.2001291631369431e+003	 -5.4846196592031056e+003	
  1.4910000000000000e+004	 -1.1930265304114121e+003	 -5.4780999019047777e+003	
  1.4940000000000000e+004	 -1.1846605675564706e+003	 -5.4733733839825809e+003	
  1.4970000000000000e+004	 -1.1796730007434153e+003	 -5.4722950000248020e+003	
  1.5000000000000000e+004	 -1.1746854339303597e+003	 -5.4712166160670213e+003	
  1.5030000000000000e+004	 -1.1688859846666512e+003	 -5.4703840573364650e+003	
  1.5060000000000000e+004	 -1.1578092994736992e+003	 -5.4711493625828616e+003	
  1.5090000000000000e+004	 -1.1448939818313822e+003	 -5.4756623429814572e+003	
  1.5120000000000000e+004	 -1.1316210041496734e+003	 -5.4691174681539896e+003	
  1.5150000000000000e+004	 -1.1209689900061653e+003	 -5.4560435474327369e+003	
  1.5180000000000000e+004	 -1.1138771945836793e+003	 -5.4368803381687785e+003	
  1.5210000000000000e+004	 -1.1155791939367475e+003	 -5.4126197576847890e+003	
  1.5240000000000000e+004	 -1.1092378796019150e+003	 -5.3859798192503540e+003	
  1.5270000000000000e+004	 -1.1002227886601372e+003	 -5.3637886568307877e+003	
  1.5300000000000000e+004	 -1.0868410142282182e+003	 -5.3428656814548904e+003	
  1.5330000000000000e+004	 -1.0737629182367348e+003	 -5.3191230753289301e+003	
  1.5360000000000000e+004	 -1.0716768950474682e+003	 -5.3020963985871731e+003	
  1.5390000000000000e+004	 -1.0834874132483485e+003	 -5.2865531434219283e+003	
  1.5420000000000000e+004	 -1.0928731206482378e+003	 -5.2764467216215480e+003	
  1.5450000000000000e+004	 -1.0955786809924298e+003	 -5.2775891862840872e+003	
  1.5480000000000000e+004	 -1.0971710941076219e+003	 -5.2780039899611102e+003	
  1.5510000000000000e+004	 -1.0984395416732264e+003	 -5.2755782884738965e+003	
  1.5540000000000000e+004	 -1.0991587749345404e+003	 -5.2737341836590595e+003	
  1.5570000000000000e+004	 -1.1015908284246761e+003	 -5.2731844330455287e+003	
  1.5600000000000000e+004	 -1.1046126662239385e+003	 -5.2732260125623689e+003	
  1.5630000000000000e+004	 -1.1009408368866195e+003	 -5.2728549565991116e+003	
  1.5660000000000000e+004	 -1.0993602014463524e+003	 -5.2686708465534493e+003	
  1.5690000000000000e+004	 -1.0974850735814637e+003	 -5.2662333202655846e+003	
  1.5720000000000000e+004	 -1.0955659303906730e+003	 -5.2639624516536333e+003	
  1.5750000000000000e+004	 -1.0926645329466544e+003	 -5.2614817499155624e+003	
  1.5780000000000000e+004	 -1.0893159822601131e+003	 -5.2591620311833231e+003	
  1.5810000000000000e+004	 -1.0935034293711667e+003	 -5.2607607339878932e+003	
  1.5840000000000000e+004	 -1.0976908764822203e+003	 -5.2623594367924643e+003	
  1.5870000000000000e+004	 -1.1018783235932738e+003	 -5.2639581395970354e+003	
  1.5900000000000000e+004	 -1.1134062257514377e+003	 -5.2431095042059005e+003	
  1.5930000000000000e+004	 -1.1240776758356665e+003	 -5.2143181674766856e+003	
  1.5960000000000000e+004	 -1.1303742121886960e+003	 -5.1919224765448516e+003	
  1.5990000000000000e+004	 -1.1394215985911587e+003	 -5.1699484826233684e+003	
  1.6020000000000000e+004	 -1.1406945020334658e+003	 -5.1658297486264628e+003	
  1.6050000000000000e+004	 -1.1429198500299131e+003	 -5.1659309459862616e+003	
  1.6080000000000000e+004	 -1.1421436474966499e+003	 -5.1658074848171618e+003	
  1.6110000000000000e+004	 -1.1416246960338103e+003	 -5.1656349431508106e+003	
  1.6140000000000000e+004	 -1.1419958265765176e+003	 -5.1655676143365918e+003	
  1.6170000000000000e+004	 -1.1414262877481262e+003	 -5.1649802229760944e+003	
  1.6200000000000000e+004	 -1.1400467500599943e+003	 -5.1639887352077985e+003	
  1.6230000000000000e+004	 -1.1383445316791592e+003	 -5.1631581390934562e+003	
  1.6260000000000000e+004	 -1.1378855552974112e+003	 -5.1620101803646594e+003	
  1.6290000000000000e+004	 -1.1383387720783137e+003	 -5.1622086683908265e+003	
  1.6320000000000000e+004	 -1.1393405657054423e+003	 -5.1609202803828011e+003	
  1.6350000000000000e+004	 -1.1387253147982640e+003	 -5.1598588231094218e+003	
  1.6380000000000000e+004	 -1.1380725425695609e+003	 -5.1580963024227121e+003	
  1.6410000000000000e+004	 -1.1458980066240258e+003	 -5.1492753060975465e+003	
  1.6440000000000000e+004	 -1.1556143653894742e+003	 -5.1316345272195213e+003	
  1.6470000000000000e+004	 -1.1664571351666773e+003	 -5.1117481910901306e+003	
  1.6500000000000000e+004	 -1.1751150345332485e+003	 -5.0964272477910627e+003	
  1.6530000000000000e+004	 -1.1791624916733977e+003	 -5.0900373235586230e+003	
  1.6560000000000000e+004	 -1.1722059876405528e+003	 -5.0818115304874873e+003	
  1.6590000000000000e+004	 -1.1658587637122896e+003	 -5.0712102142600988e+003	
  1.6620000000000000e+004	 -1.1526529531386905e+003	 -5.0647828605864315e+003	
  1.6650000000000000e+004	 -1.1346764686597794e+003	 -5.0552148034707416e+003	
  1.6680000000000000e+004	 -1.1205116838214694e+003	 -5.0356861435344053e+003	
  1.6710000000000000e+004	 -1.1062870211969057e+003	 -5.0127019464084915e+003	
  1.6740000000000000e+004	 -1.0973713760361566e+003	 -5.0172315404346946e+003	
  1.6770000000000000e+004	 -1.1006470905008232e+003	 -5.0155640328487189e+003	
  1.6800000000000000e+004	 -1.0997332146611229e+003	 -5.0155145582338328e+003	
  1.6830000000000000e+004	 -1.0993490503481617e+003	 -5.0172289416366275e+003	
  1.6860000000000000e+004	 -1.1000238723645793e+003	 -5.0179058696509892e+003	
  1.6890000000000000e+004	 -1.0985721166013923e+003	 -5.0189338088274981e+003	
  1.6920000000000000e+004	 -1.0934471810370703e+003	 -5.0205680400113488e+003	
  1.6950000000000000e+004	 -1.0903224541331774e+003	 -5.0209278685675126e+003	
  1.6980000000000000e+004	 -1.0874529877870787e+003	 -5.0216184461634912e+003	
  1.7010000000000000e+004	 -1.0804765132401292e+003	 -5.0269060086889558e+003	
  1.7040000000000000e+004	 -1.0515608645259433e+003	 -5.0569616258264305e+003	
  1.7070000000000000e+004	 -1.0911431736853774e+003	 -5.0248188113741417e+003	
  1.7100000000000000e+004	 -1.1000805812572055e+003	 -5.0097711259657945e+003	
  1.7130000000000000e+004	 -1.1027173032201276e+003	 -4.9701342877664156e+003	
  1.7160000000000000e+004	 -1.1499556660783464e+003	 -4.9033161980436898e+003	
  1.7190000000000000e+004	 -1.1540466051463284e+003	 -4.8114264613700288e+003	
  1.7220000000000000e+004	 -1.1240209026103150e+003	 -4.7327903283003006e+003	
  1.7250000000000000e+004	 -1.0811423382109906e+003	 -4.6616300765976694e+003	
  1.7280000000000000e+004	 -1.0294462564483940e+003	 -4.5785856657509603e+003	
  1.7310000000000000e+004	 -9.9156930424669940e+002	 -4.4884651970986797e+003	
  1.7340000000000000e+004	 -9.2649471271595382e+002	 -4.5190848200913542e+003	
  1.7370000000000000e+004	 -9.4019634555767857e+002	 -4.5643092472072858e+003	
  1.7400000000000000e+004	 -9.5428800763267100e+002	 -4.5754595113718306e+003	
  1.7430000000000000e+004	 -9.6256329983895478e+002	 -4.5775581655823207e+003	
  1.7460000000000000e+004	 -9.6253738115094257e+002	 -4.5766839980505874e+003	
  1.7490000000000000e+004	 -9.6044137991706680e+002	 -4.5796721672609829e+003	
  1.7520000000000000e+004	 -9.5327406486422728e+002	 -4.5822234890364916e+003	
  1.7550000000000000e+004	 -9.5687664663220198e+002	 -4.5840309267655184e+003	
  1.7580000000000000e+004	 -9.5990998323104884e+002	 -4.5794112675962406e+003	
  1.7610000000000000e+004	 -9.7227996209374362e+002	 -4.5909882454691196e+003	
  1.7640000000000000e+004	 -9.9803172061497287e+002	 -4.6513221134189716e+003	
  1.7670000000000000e+004	 -1.0280134285173044e+003	 -4.7071253762367505e+003	
  1.7700000000000000e+004	 -1.0881139174617583e+003	 -4.7698098904334483e+003	
  1.7730000000000000e+004	 -1.1019199920424433e+003	 -4.8719154998798140e+003	
  1.7760000000000000e+004	 -1.0638760830244130e+003	 -4.9530942091043717e+003	
  1.7790000000000000e+004	 -9.9719499043889471e+002	 -5.0294055829406252e+003	
  1.7820000000000000e+004	 -1.0244362509911441e+003	 -5.0938539667513041e+003	
  1.7850000000000000e+004	 -1.0771097288385163e+003	 -5.0704652448929846e+003	
  1.7880000000000000e+004	 -1.0828264814093138e+003	 -5.0421246452235628e+003	
  1.7910000000000000e+004	 -1.1029317838509771e+003	 -5.0415998663611344e+003	
  1.7940000000000000e+004	 -1.1170508038342618e+003	 -5.0362828372494505e+003	
  1.7970000000000000e+004	 -1.1311333459989876e+003	 -5.0598558700449830e+003	
  1.8000000000000000e+004	 -1.1431097486603385e+003	 -5.0832695664589692e+003	
  1.8030000000000000e+004	 -1.1555837639890201e+003	 -5.0982811407033096e+003	
  1.8060000000000000e+004	 -1.1573261337437539e+003	 -5.1131767607220945e+003	
  1.8090000000000000e+004	 -1.1519180538809492e+003	 -5.1244267443732660e+003	
  1.8120000000000000e+004	 -1.1602775834690563e+003	 -5.1364420341713503e+003	
  1.8150000000000000e+004	 -1.1592915817225153e+003	 -5.1340366504890699e+003	
  1.8180000000000000e+004	 -1.1583055799759748e+003	 -5.1316312668067885e+003	
  1.8210000000000000e+004	 -1.1573195782294338e+003	 -5.1292258831245081e+003	
  1.8240000000000000e+004	 -1.1563335764828930e+003	 -5.1268204994422267e+003	
  1.8270000000000000e+004	 -1.1556218629655425e+003	 -5.1257304557321231e+003	
  1.8300000000000000e+004	 -1.1554167859887566e+003	 -5.1284590081355518e+003	
  1.8330000000000000e+004	 -1.1516806111262008e+003	 -5.1316108727059418e+003	
  1.8360000000000000e+004	 -1.1401804443154601e+003	 -5.1464884025129595e+003	
  1.8390000000000000e+004	 -1.1115856420334246e+003	 -5.1473829145108675e+003	
  1.8420000000000000e+004	 -1.0822194080232775e+003	 -5.1507128867683996e+003	
  1.8450000000000000e+004	 -1.0520810367436929e+003	 -5.1548650143773202e+003	
  1.8480000000000000e+004	 -1.0427399057135535e+003	 -5.1554104675953840e+003	
  1.8510000000000000e+004	 -1.0424461576071305e+003	 -5.1549095402499979e+003	
  1.8540000000000000e+004	 -1.0422224986546332e+003	 -5.1549968369660364e+003	
  1.8570000000000000e+004	 -1.0420163619906175e+003	 -5.1552311896974306e+003	
  1.8600000000000000e+004	 -1.0444839527223050e+003	 -5.1556966185167030e+003	
  1.8630000000000000e+004	 -1.0417872855815456e+003	 -5.1548201280264448e+003	
  1.8660000000000000e+004	 -1.0412048928361676e+003	 -5.1522148108602914e+003	
  1.8690000000000000e+004	 -1.0328756288500765e+003	 -5.1422146210813298e+003	
  1.8720000000000000e+004	 -1.0139593015791055e+003	 -5.1377221807422620e+003	
  1.8750000000000000e+004	 -9.8476418234417929e+002	 -5.1385014009231591e+003	
  1.8780000000000000e+004	 -9.5612391866218684e+002	 -5.1400469958253661e+003	
  1.8810000000000000e+004	 -9.3481099271767937e+002	 -5.1559596320305773e+003	
  1.8840000000000000e+004	 -9.4148179585011110e+002	 -5.1718579979372244e+003	
  1.8870000000000000e+004	 -9.4868234499709001e+002	 -5.1944382428007375e+003	
  1.8900000000000000e+004	 -9.4712036382167230e+002	 -5.2203645261103411e+003	
  1.8930000000000000e+004	 -9.4475960934736827e+002	 -5.2495471648913372e+003	
  1.8960000000000000e+004	 -9.4345250948851537e+002	 -5.2730019232989216e+003	
  1.8990000000000000e+004	 -9.2739438244187011e+002	 -5.2915394934328433e+003	
  1.9020000000000000e+004	 -9.1059324931622348e+002	 -5.3049761236133299e+003	
  1.9050000000000000e+004	 -8.8601647328268905e+002	 -5.3217850054696355e+003	
  1.9080000000000000e+004	 -8.5951810982042582e+002	 -5.3332576231162011e+003	
  1.9110000000000000e+004	 -8.3987033072951431e+002	 -5.3114961238014048e+003	
  1.9140000000000000e+004	 -8.0795340225375821e+002	 -5.3037516342470044e+003	
  1.9170000000000000e+004	 -7.7906018927818957e+002	 -5.3097627584236161e+003	
  1.9200000000000000e+004	 -7.5492869651452679e+002	 -5.3135395892354727e+003	
  1.9230000000000000e+004	 -7.3771910637650649e+002	 -5.3059678574021418e+003	
  1.9260000000000000e+004	 -7.3090691691686777e+002	 -5.2843235274001008e+003	
  1.9290000000000000e+004	 -7.1265463020969094e+002	 -5.2645855921581924e+003	
  1.9320000000000000e+004	 -6.9532617968942247e+002	 -5.2485940116914007e+003	
  1.9350000000000000e+004	 -6.9248217708886807e+002	 -5.2357976052464564e+003	
  1.9380000000000000e+004	 -6.9132796429562472e+002	 -5.2080189299270787e+003	
  1.9410000000000000e+004	 -6.9372456062525328e+002	 -5.1947880976250308e+003	
  1.9440000000000000e+004	 -7.0369794668844406e+002	 -5.1825273130753876e+003	
  1.9470000000000000e+004	 -7.1229818448119067e+002	 -5.1703473677696193e+003	
  1.9500000000000000e+004	 -7.1337758679841284e+002	 -5.1665400576802476e+003	
  1.9530000000000000e+004	 -7.1190652123439190e+002	 -5.1702638797558575e+003	
  1.9560000000000000e+004	 -6.9970069800595161e+002	 -5.1815974891294745e+003	
  1.9590000000000000e+004	 -6.8555911119516327e+002	 -5.1732879946738185e+003	
  1.9620000000000000e+004	 -6.8480026320098466e+002	 -5.1540301357737435e+003	
  1.9650000000000000e+004	 -6.8480026320098466e+002	 -5.1540301357737435e+003	
  1.9680000000000000e+004	 -6.8480026320098466e+002	 -5.1540301357737435e+003	
  1.9710000000000000e+004	 -6.8480026320098466e+002	 -5.1540301357737435e+003	
  1.9740000000000000e+004	 -6.8480026320098466e+002	 -5.1540301357737435e+003	
  1.9770000000000000e+004	 -6.8480026320098466e+002	 -5.1540301357737435e+003	
  1.9800000000000000e+004	 -6.8480026320098466e+002	 -5.1540301357737435e+003	
  1.9830000000000000e+004	 -6.8480026320098466e+002	 -5.1540301357737435e+003	
  1.9860000000000000e+004	 -6.8480026320098466e+002	 -5.1540301357737435e+003	
  1.9890000000000000e+004	 -6.8480026320098466e+002	 -5.1540301357737435e+003	
  1.9920000000000000e+004	 -6.8480026320098466e+002	 -5.1540301357737435e+003	
  1.9950000000000000e+004	 -6.7609395644958067e+002	 -5.1689837328415742e+003	
  1.9980000000000000e+004	 -6.7642150619083111e+002	 -5.1799431664733174e+003	
  2.0010000000000000e+004	 -6.7386507207044440e+002	 -5.1817213775588025e+003	
  2.0040000000000000e+004	 -6.7378478322979106e+002	 -5.1839744360974391e+003	
  2.0070000000000000e+004	 -6.7286175322437668e+002	 -5.1847210754926873e+003	
  2.0100000000000000e+004	 -6.6820479748442312e+002	 -5.1825218833957479e+003	
  2.0130000000000000e+004	 -6.6803146214298533e+002	 -5.1809042382208008e+003	
  2.0160000000000000e+004	 -6.6897903190117677e+002	 -5.1794319797763528e+003	
  2.0190000000000000e+004	 -6.6992660165936798e+002	 -5.1779597213319039e+003	
  2.0220000000000000e+004	 -6.7102560406241821e+002	 -5.1779591117422151e+003	
  2.0250000000000000e+004	 -6.7218950617040775e+002	 -5.1785892088045675e+003	
  2.0280000000000000e+004	 -6.7109787245137875e+002	 -5.1779895050813957e+003	
  2.0310000000000000e+004	 -6.6984512903041957e+002	 -5.1773019584449730e+003	
  2.0340000000000000e+004	 -6.7755452802739376e+002	 -5.1777777842396181e+003	
  2.0370000000000000e+004	 -6.5108938609668496e+002	 -5.1765479947523490e+003	
  2.0400000000000000e+004	 -6.5810432732105244e+002	 -5.1756960782777023e+003	
  2.0430000000000000e+004	 -6.7174254807907425e+002	 -5.1745374719416986e+003	
  2.0460000000000000e+004	 -6.8538076883709596e+002	 -5.1733788656056940e+003	
  2.0490000000000000e+004	 -6.9533682233790421e+002	 -5.1680560904249005e+003	
  2.0520000000000000e+004	 -6.9591367111049863e+002	 -5.1662193586283338e+003	
  2.0550000000000000e+004	 -6.9161238584981470e+002	 -5.1718249690185403e+003	
  2.0580000000000000e+004	 -6.9268246277180026e+002	 -5.1927777636786514e+003	
  2.0610000000000000e+004	 -6.9152379416295059e+002	 -5.2183120508737256e+003	
  2.0640000000000000e+004	 -6.9097505758586590e+002	 -5.2437586756953569e+003	
  2.0670000000000000e+004	 -7.0061361586153862e+002	 -5.2626632561125853e+003	
  2.0700000000000000e+004	 -7.1197777175695012e+002	 -5.2696370167267469e+003	
  2.0730000000000000e+004	 -7.1613320634534978e+002	 -5.2731394324267676e+003	
  2.0760000000000000e+004	 -7.2028864093374955e+002	 -5.2766418481267883e+003	
  2.0790000000000000e+004	 -7.2643880830117860e+002	 -5.2868105640159720e+003	
  2.0820000000000000e+004	 -7.3642840715133070e+002	 -5.3107342535971602e+003	
  2.0850000000000000e+004	 -7.5822532199728505e+002	 -5.3233041556355392e+003	
  2.0880000000000000e+004	 -7.7296934731804879e+002	 -5.3404006497772107e+003	
  2.0910000000000000e+004	 -7.6875575546473908e+002	 -5.3597282333701605e+003	
  2.0940000000000000e+004	 -7.6238489345041660e+002	 -5.3867840712816869e+003	
  2.0970000000000000e+004	 -7.5289433084619873e+002	 -5.3916886648041254e+003	
  2.1000000000000000e+004	 -7.3826724658963940e+002	 -5.3852572349923203e+003	
  2.1030000000000000e+004	 -7.3888565915863035e+002	 -5.3900614463881602e+003	
  2.1060000000000000e+004	 -7.3893563143875349e+002	 -5.3913716858597527e+003	
  2.1090000000000000e+004	 -7.3791938626991828e+002	 -5.3864443383085845e+003	
  2.1120000000000000e+004	 -7.4345943873148133e+002	 -5.4038613289183068e+003	
  2.1150000000000000e+004	 -7.4296203440285956e+002	 -5.4024156907744418e+003	
  2.1180000000000000e+004	 -7.3669544998617357e+002	 -5.4085845146291076e+003	
  2.1210000000000000e+004	 -7.2684631217271522e+002	 -5.4146251038308692e+003	
  2.1240000000000000e+004	 -7.1466447368391528e+002	 -5.4296735381323151e+003	
  2.1270000000000000e+004	 -7.3356215342099745e+002	 -5.3877361049079882e+003	
  2.1300000000000000e+004	 -7.2882304388382340e+002	 -5.3884194212376433e+003	
  2.1330000000000000e+004	 -7.2849081282075224e+002	 -5.3930509805269357e+003	
  2.1360000000000000e+004	 -7.2688214226444734e+002	 -5.3950563937179295e+003	
  2.1390000000000000e+004	 -7.2281185091176678e+002	 -5.3884036511134409e+003	
  2.1420000000000000e+004	 -7.2168174542680708e+002	 -5.3976587403235008e+003	
  2.1450000000000000e+004	 -7.2371035749206067e+002	 -5.3901936441968228e+003	
  2.1480000000000000e+004	 -7.1628871640384580e+002	 -5.3987378617069999e+003	
  2.1510000000000000e+004	 -7.2804908535226900e+002	 -5.3944363528534313e+003	
  2.1540000000000000e+004	 -7.3256273719684316e+002	 -5.3857155678088711e+003	
  2.1570000000000000e+004	 -7.3230950565443663e+002	 -5.3803032534534177e+003	
  2.1600000000000000e+004	 -7.2601690445462179e+002	 -5.3913974808048433e+003	
  2.1630000000000000e+004	 -7.2586355208297050e+002	 -5.3924157054756506e+003	
  2.1660000000000000e+004	 -7.2414016211163539e+002	 -5.3922559106896488e+003	
  2.1690000000000000e+004	 -7.1938616953876806e+002	 -5.3898987016500596e+003	
  2.1720000000000000e+004	 -7.2963574052604122e+002	 -5.3808164639684301e+003	
  2.1750000000000000e+004	 -7.2755667321319640e+002	 -5.3805233280613038e+003	
  2.1780000000000000e+004	 -7.1956024559435627e+002	 -5.3727264929792063e+003	
  2.1810000000000000e+004	 -7.1184450819984318e+002	 -5.3757292728426419e+003	
  2.1840000000000000e+004	 -7.1185756297311434e+002	 -5.3779259284980499e+003	
  2.1870000000000000e+004	 -7.1243592219706011e+002	 -5.3786903055241846e+003	
  2.1900000000000000e+004	 -7.3872719077299803e+002	 -5.3817570931113542e+003	
  2.1930000000000000e+004	 -7.4386285724019137e+002	 -5.3701634173516923e+003	
  2.1960000000000000e+004	 -7.1363636266996355e+002	 -5.3762747260502147e+003	
  2.1990000000000000e+004	 -7.2558204598729412e+002	 -5.3758979597244115e+003	
  2.2020000000000000e+004	 -7.2696059356086369e+002	 -5.3796054501823937e+003	
  2.2050000000000000e+004	 -7.3916168885842603e+002	 -5.3816388184765856e+003	
  2.2080000000000000e+004	 -7.4660270801864749e+002	 -5.3745391906370323e+003	
  2.2110000000000000e+004	 -7.5451605279815703e+002	 -5.3758109048043543e+003	
  2.2140000000000000e+004	 -7.7201571863832839e+002	 -5.3616117895649213e+003	
  2.2170000000000000e+004	 -7.5897903981441948e+002	 -5.3600914459752667e+003	
  2.2200000000000000e+004	 -7.4916791639259554e+002	 -5.3575534164381388e+003	
  2.2230000000000000e+004	 -7.5118405133855754e+002	 -5.3614793732050539e+003	
  2.2260000000000000e+004	 -7.5320181136344297e+002	 -5.3672122760435150e+003	
  2.2290000000000000e+004	 -7.5313653306029175e+002	 -5.3728523422931648e+003	
  2.2320000000000000e+004	 -7.5307125475714042e+002	 -5.3784924085428147e+003	
  2.2350000000000000e+004	 -7.5896675841635954e+002	 -5.3838291077381682e+003	
  2.2380000000000000e+004	 -7.6745335055544251e+002	 -5.3923640951633743e+003	
  2.2410000000000000e+004	 -7.6782720877163649e+002	 -5.3924855311722986e+003	
  2.2440000000000000e+004	 -7.6692038866868506e+002	 -5.3913874859038806e+003	
  2.2470000000000000e+004	 -7.6213861936450144e+002	 -5.3783610776939568e+003	
  2.2500000000000000e+004	 -7.7487493299710945e+002	 -5.3574578544885007e+003	
  2.2530000000000000e+004	 -7.9559769553354590e+002	 -5.3188420589783927e+003	
  2.2560000000000000e+004	 -8.1823179672506069e+002	 -5.3088722215065009e+003	
  2.2590000000000000e+004	 -8.4304940365151242e+002	 -5.3169275325496938e+003	
  2.2620000000000000e+004	 -8.4915419954338813e+002	 -5.3451223081064227e+003	
  2.2650000000000000e+004	 -8.6026471456787681e+002	 -5.3401523262996034e+003	
  2.2680000000000000e+004	 -8.8286219896965201e+002	 -5.3275814447800285e+003	
  2.2710000000000000e+004	 -9.1102407065858563e+002	 -5.3122339979911767e+003	
  2.2740000000000000e+004	 -9.3957621355180595e+002	 -5.3014824784577795e+003	
  2.2770000000000000e+004	 -9.6248842105516655e+002	 -5.2908388515600036e+003	
  2.2800000000000000e+004	 -9.7445714486519671e+002	 -5.2920109547238026e+003	
  2.2830000000000000e+004	 -9.7805697399306712e+002	 -5.2992989506838767e+003	
  2.2860000000000000e+004	 -9.7776322824689044e+002	 -5.2937330962865008e+003	
  2.2890000000000000e+004	 -9.7348758828494636e+002	 -5.2957739091626981e+003	
  2.2920000000000000e+004	 -9.7147216237362966e+002	 -5.2952080479594415e+003	
  2.2950000000000000e+004	 -9.6960954258004426e+002	 -5.2963237491300733e+003	
  2.2980000000000000e+004	 -9.6813738801980514e+002	 -5.3058752228148205e+003	
  2.3010000000000000e+004	 -9.6172290219685601e+002	 -5.2980643444269463e+003	
  2.3040000000000000e+004	 -9.7041957358065690e+002	 -5.2921746568169483e+003	
  2.3070000000000000e+004	 -9.6580248221764259e+002	 -5.3000011052668469e+003	
  2.3100000000000000e+004	 -9.7345494868391472e+002	 -5.2976692695562342e+003	
  2.3130000000000000e+004	 -9.7607607529570475e+002	 -5.2969955431894641e+003	
  2.3160000000000000e+004	 -9.7283290081429550e+002	 -5.2928294628192443e+003	
  2.3190000000000000e+004	 -9.7251035506587459e+002	 -5.2930651934404159e+003	
  2.3220000000000000e+004	 -9.7335464825227109e+002	 -5.2989677154524024e+003	
  2.3250000000000000e+004	 -9.7316120397471434e+002	 -5.2949019264330846e+003	
  2.3280000000000000e+004	 -9.8083532752746305e+002	 -5.2860522166059282e+003	
  2.3310000000000000e+004	 -9.7957614886412171e+002	 -5.2830668943904648e+003	
  2.3340000000000000e+004	 -9.7878644688898657e+002	 -5.2814214252202391e+003	
  2.3370000000000000e+004	 -9.8128818451773077e+002	 -5.2827312560814735e+003	
  2.3400000000000000e+004	 -9.7975269166925307e+002	 -5.2855310500788046e+003	
  2.3430000000000000e+004	 -9.7936827517951144e+002	 -5.2874273098826689e+003	
  2.3460000000000000e+004	 -9.7891373866779816e+002	 -5.2905685095965528e+003	
  2.3490000000000000e+004	 -9.7854655571287446e+002	 -5.2881831435196509e+003	
  2.3520000000000000e+004	 -9.7802026043813532e+002	 -5.2867340336789339e+003	
  2.3550000000000000e+004	 -9.7685751588413495e+002	 -5.2890299487829552e+003	
  2.3580000000000000e+004	 -9.7560393870467635e+002	 -5.2927429603252504e+003	
  2.3610000000000000e+004	 -9.7564691816466393e+002	 -5.2950967313885540e+003	
  2.3640000000000000e+004	 -9.7838410413793429e+002	 -5.2925920960414633e+003	
  2.3670000000000000e+004	 -9.8798409214239814e+002	 -5.3010543361673126e+003	
  2.3700000000000000e+004	 -9.9746288251622070e+002	 -5.3292061454526793e+003	
  2.3730000000000000e+004	 -9.9725355312864770e+002	 -5.3578986149291914e+003	
  2.3760000000000000e+004	 -9.9623427604241465e+002	 -5.3850449221608460e+003	
  2.3790000000000000e+004	 -1.0113331600879673e+003	 -5.4053841467257453e+003	
  2.3820000000000000e+004	 -1.0166030152218477e+003	 -5.4330278940411426e+003	
  2.3850000000000000e+004	 -1.0140245772723873e+003	 -5.4506778382024777e+003	
  2.3880000000000000e+004	 -1.0024379154252615e+003	 -5.4735016492096574e+003	
  2.3910000000000000e+004	 -1.0020182777452777e+003	 -5.4840853358733166e+003	
  2.3940000000000000e+004	 -1.0018224463116511e+003	 -5.4849949558411590e+003	
  2.3970000000000000e+004	 -9.9871713094060794e+002	 -5.4864452591151803e+003	
  2.4000000000000000e+004	 -9.9571782683985316e+002	 -5.4866280528556763e+003	
  2.4030000000000000e+004	 -9.9512769509037980e+002	 -5.4867243659792503e+003	
  2.4060000000000000e+004	 -9.9459455602114986e+002	 -5.4832331845495428e+003	
  2.4090000000000000e+004	 -9.9545067286371307e+002	 -5.4848022188767673e+003	
  2.4120000000000000e+004	 -9.8850595149714263e+002	 -5.5056013414806785e+003	
  2.4150000000000000e+004	 -9.8045916855505129e+002	 -5.5289832333257309e+003	
  2.4180000000000000e+004	 -9.7394452602284241e+002	 -5.5502076939716526e+003	
  2.4210000000000000e+004	 -9.7235068151850908e+002	 -5.5575298850326635e+003	
  2.4240000000000000e+004	 -9.6937242403077107e+002	 -5.5565867822729697e+003	
  2.4270000000000000e+004	 -9.7096023673941261e+002	 -5.5551540448856631e+003	
  2.4300000000000000e+004	 -9.7151296036514680e+002	 -5.5552818984960895e+003	
  2.4330000000000000e+004	 -9.6989327788105425e+002	 -5.5740573827657990e+003	
