  0.0000000000000000e+000	  3.0032821823240179e+003	 -3.1770384447455485e+003	
  3.0000000000000000e+001	  3.0046529988579300e+003	 -3.1808232269773334e+003	
  6.0000000000000000e+001	  3.0080800373993084e+003	 -3.1795987375584618e+003	
  9.0000000000000000e+001	  3.0150320340175017e+003	 -3.1784855679380762e+003	
  1.2000000000000000e+002	  3.0038696756917379e+003	 -3.2085411823603904e+003	
  1.5000000000000000e+002	  3.0116049944641022e+003	 -3.2197842110702295e+003	
  1.8000000000000000e+002	  3.0083737840696590e+003	 -3.1986339636376701e+003	
  2.1000000000000000e+002	  3.0175778351629720e+003	 -3.2172239187454384e+003	
  2.4000000000000000e+002	  3.0145424559764779e+003	 -3.2365930946539593e+003	
  2.7000000000000000e+002	  3.0341255402950178e+003	 -3.2604149533381787e+003	
  3.0000000000000000e+002	  3.0393150593034884e+003	 -3.2934761314100292e+003	
  3.3000000000000000e+002	  3.0392171441676960e+003	 -3.3503591687522189e+003	
  3.6000000000000000e+002	  3.0278589545650370e+003	 -3.3928823002203558e+003	
  3.9000000000000000e+002	  3.0235506755781635e+003	 -3.4241624057532567e+003	
  4.2000000000000000e+002	  3.0415671135026882e+003	 -3.4393015324939379e+003	
  4.5000000000000000e+002	  3.0144445407149187e+003	 -3.4161475764084857e+003	
  4.8000000000000000e+002	  3.1128495434290880e+003	 -3.4443108022626229e+003	
  5.1000000000000000e+002	  3.1344888530141702e+003	 -3.4612309992407654e+003	
  5.4000000000000000e+002	  3.1665071976568793e+003	 -3.4881697385696689e+003	
  5.7000000000000000e+002	  3.1837403116989049e+003	 -3.5103218416292593e+003	
  6.0000000000000000e+002	  3.1843278054876778e+003	 -3.5138839864478905e+003	
  6.3000000000000000e+002	  3.1878527612859602e+003	 -3.5171121833606944e+003	
  6.6000000000000000e+002	  3.1671926055773583e+003	 -3.5195611605906711e+003	
  6.9000000000000000e+002	  3.1268514506481415e+003	 -3.5204516981439742e+003	
  7.2000000000000000e+002	  3.1340971923959446e+003	 -3.4897281777919702e+003	
  7.5000000000000000e+002	  3.1463366206660344e+003	 -3.4735871977590441e+003	
  7.8000000000000000e+002	  3.1377091835486503e+003	 -3.4596725622996883e+003	
  8.1000000000000000e+002	  3.1316982637276815e+003	 -3.4625111478495282e+003	
  8.4000000000000000e+002	  3.1691998724669111e+003	 -3.4948487650785623e+003	
  8.7000000000000000e+002	  3.1822226228521818e+003	 -3.5148301835370366e+003	
  9.0000000000000000e+002	  3.1760049939577511e+003	 -3.5109897448600154e+003	
  9.3000000000000000e+002	  3.1776205980471991e+003	 -3.5109897444777062e+003	
  9.6000000000000000e+002	  3.1778164298133420e+003	 -3.5084294508009616e+003	
  9.9000000000000000e+002	  3.1761029087352231e+003	 -3.5048673032350925e+003	
  1.0200000000000000e+003	  3.1802643146470919e+003	 -3.5048116451149981e+003	
  1.0500000000000000e+003	  3.1844257204944793e+003	 -3.5092643295112989e+003	
  1.0800000000000000e+003	  3.1826142857642235e+003	 -3.5154980869357632e+003	
  1.1100000000000000e+003	  3.1836423979726410e+003	 -3.5166669162892126e+003	
  1.1400000000000000e+003	  3.1822226236835404e+003	 -3.5132717458059951e+003	
  1.1700000000000000e+003	  3.1843278061217411e+003	 -3.5252383324307607e+003	
  1.2000000000000000e+003	  3.1865798602467148e+003	 -3.5152197939841039e+003	
  1.2300000000000000e+003	  3.1852090445199970e+003	 -3.5206186731602429e+003	
  1.2600000000000000e+003	  3.1756133319862884e+003	 -3.5132717451146527e+003	
  1.2900000000000000e+003	  3.1721862925616092e+003	 -3.5146632087960606e+003	
  1.3200000000000000e+003	  3.1736550239878952e+003	 -3.5170565254158018e+003	
  1.3500000000000000e+003	  3.1734102353055700e+003	 -3.5144405738817063e+003	
  1.3800000000000000e+003	  3.1715987993407534e+003	 -3.5093756460865625e+003	
  1.4100000000000000e+003	  3.1712071385924364e+003	 -3.5092086700434265e+003	
  1.4400000000000000e+003	  3.1808028499581169e+003	 -3.5118246216447296e+003	
  1.4700000000000000e+003	  3.1855027905646057e+003	 -3.5055352074689554e+003	
  1.5000000000000000e+003	  3.1843767631387809e+003	 -3.5098765730772443e+003	
  1.5300000000000000e+003	  3.1856007059052581e+003	 -3.5288004794765757e+003	
  1.5600000000000000e+003	  3.1963224455700038e+003	 -3.5224554057029336e+003	
  1.5900000000000000e+003	  3.1890277454825350e+003	 -3.5068710113545685e+003	
  1.6200000000000000e+003	  3.1558833743970290e+003	 -3.5095426218638604e+003	
  1.6500000000000000e+003	  3.1769351905517128e+003	 -3.5124925256305273e+003	
  1.6800000000000000e+003	  3.1892725343450875e+003	 -3.5147745255812943e+003	
  1.7100000000000000e+003	  3.2013161326329609e+003	 -3.5487262408081174e+003	
  1.7400000000000000e+003	  3.1973015990558929e+003	 -3.5122698902722504e+003	
  1.7700000000000000e+003	  3.1966651490520653e+003	 -3.5007485711558925e+003	
  1.8000000000000000e+003	  3.1929933206686487e+003	 -3.5076502317475506e+003	
  1.8300000000000000e+003	  3.1855517485229648e+003	 -3.5136056963286801e+003	
  1.8600000000000000e+003	  3.1632270312344472e+003	 -3.5109340843329601e+003	
  1.8900000000000000e+003	  3.1668499015294260e+003	 -3.5274646745510850e+003	
  1.9200000000000000e+003	  3.1766904023259594e+003	 -3.5058691577161690e+003	
  1.9500000000000000e+003	  3.1787466265240928e+003	 -3.4913979340358369e+003	
  1.9800000000000000e+003	  3.1779633027035043e+003	 -3.4995240828181500e+003	
  2.0100000000000000e+003	  3.1909370962161420e+003	 -3.5241808211919169e+003	
  2.0400000000000000e+003	  3.1830059475202420e+003	 -3.5244591132591609e+003	
  2.0700000000000000e+003	  3.1881465064600789e+003	 -3.5146075499686785e+003	
  2.1000000000000000e+003	  3.1744873049652988e+003	 -3.5067596943089143e+003	
  2.1300000000000000e+003	  3.1809497230714846e+003	 -3.5124925241840547e+003	
  2.1600000000000000e+003	  3.1776695564261986e+003	 -3.5034201812733763e+003	
  2.1900000000000000e+003	  3.1829569889459785e+003	 -3.5164999403485735e+003	
  2.2200000000000000e+003	  3.1836913544538593e+003	 -3.4981882772886629e+003	
  2.2500000000000000e+003	  3.1854048750005836e+003	 -3.5104888175152764e+003	
  2.2800000000000000e+003	  3.1797257803348220e+003	 -3.5049229624565864e+003	
  2.3100000000000000e+003	  3.1809007649820824e+003	 -3.5172235023566986e+003	
  2.3400000000000000e+003	  3.2044004674033717e+003	 -3.5317503836793721e+003	
  2.3700000000000000e+003	  3.1929933200851174e+003	 -3.5191158921510914e+003	
  2.4000000000000000e+003	  3.1894194070786193e+003	 -3.5227893564126425e+003	
  2.4300000000000000e+003	  3.1783549645256544e+003	 -3.5019174000803091e+003	
  2.4600000000000000e+003	  3.1919652094204125e+003	 -3.5150528181750133e+003	
  2.4900000000000000e+003	  3.1963224462184216e+003	 -3.5166669167051195e+003	
  2.5200000000000000e+003	  3.1964693181078801e+003	 -3.5164999409879833e+003	
  2.5500000000000000e+003	  3.1801174414521261e+003	 -3.5198951107710636e+003	
  2.5800000000000000e+003	  3.1792851609742816e+003	 -3.5057578399798122e+003	
  2.6100000000000000e+003	  3.1620030875619645e+003	 -3.4544406574084910e+003	
  2.6400000000000000e+003	  3.1871673532896457e+003	 -3.4773719794906719e+003	
  2.6700000000000000e+003	  3.1700321534993218e+003	 -3.4880584217511559e+003	
  2.7000000000000000e+003	  3.1700321534993218e+003	 -3.4880584217511559e+003	
  2.7300000000000000e+003	  3.1700321534993218e+003	 -3.4880584217511559e+003	
  2.7600000000000000e+003	  3.1700321534993218e+003	 -3.4880584217511559e+003	
  2.7900000000000000e+003	  3.1700321534993218e+003	 -3.4880584217511559e+003	
  2.8200000000000000e+003	  3.1700321534993218e+003	 -3.4880584217511559e+003	
  2.8500000000000000e+003	  3.1700321534993218e+003	 -3.4880584217511559e+003	
  2.8800000000000000e+003	  3.1700321534993218e+003	 -3.4880584217511559e+003	
  2.9100000000000000e+003	  3.1700321534993218e+003	 -3.4880584217511559e+003	
  2.9400000000000000e+003	  3.1700321534993218e+003	 -3.4880584217511559e+003	
  2.9700000000000000e+003	  3.1700321534993218e+003	 -3.4880584217511559e+003	
  3.0000000000000000e+003	  3.1700321534993218e+003	 -3.4880584217511559e+003	
  3.0300000000000000e+003	  3.1784235044444913e+003	 -3.4962402286954443e+003	
  3.0600000000000000e+003	  3.1930520705124627e+003	 -3.5043663765104648e+003	
  3.0900000000000000e+003	  3.1872946425672299e+003	 -3.5015055273459338e+003	
  3.1200000000000000e+003	  3.2005621828321064e+003	 -3.5316056715696309e+003	
  3.1500000000000000e+003	  3.2047333795536133e+003	 -3.5259618934969867e+003	
  3.1800000000000000e+003	  3.1884402537884130e+003	 -3.5050899371929891e+003	
  3.2100000000000000e+003	  3.1783647559672040e+003	 -3.5086966120450525e+003	
  3.2400000000000000e+003	  3.1719708780395599e+003	 -3.5024294588230164e+003	
  3.2700000000000000e+003	  3.1871575607580744e+003	 -3.4925445011254415e+003	
  3.3000000000000000e+003	  3.2042731776194769e+003	 -3.5278431537143742e+003	
  3.3300000000000000e+003	  3.1690236242900146e+003	 -3.4948821595154163e+003	
  3.3600000000000000e+003	  3.1650972160198412e+003	 -3.4845185368400662e+003	
  3.3900000000000000e+003	  3.2004838515441161e+003	 -3.4912866160120552e+003	
  3.4200000000000000e+003	  3.2076512591786136e+003	 -3.5245704299917038e+003	
  3.4500000000000000e+003	  3.1965966077172698e+003	 -3.5004591459712856e+003	
  3.4800000000000000e+003	  3.1814001338508119e+003	 -3.5068376165028108e+003	
  3.5100000000000000e+003	  3.1701496516556017e+003	 -3.5114684075436016e+003	
  3.5400000000000000e+003	  3.1681717607602855e+003	 -3.5110899306378205e+003	
  3.5700000000000000e+003	  3.1823694973101738e+003	 -3.5107671094619327e+003	
  3.6000000000000000e+003	  3.1776108068282047e+003	 -3.4845074064945061e+003	
  3.6300000000000000e+003	  3.1881954645125907e+003	 -3.5295351723280837e+003	
  3.6600000000000000e+003	  3.1857084132083828e+003	 -3.5171344474432235e+003	
  3.6900000000000000e+003	  3.1772681032391638e+003	 -3.5224331423188660e+003	
  3.7200000000000000e+003	  3.1524661260760040e+003	 -3.5248375916348423e+003	
  3.7500000000000000e+003	  3.1284866375187430e+003	 -3.5205964098727081e+003	
  3.7800000000000000e+003	  3.1260485432797132e+003	 -3.5009155461479340e+003	
  3.8100000000000000e+003	  3.1378571443011278e+003	 -3.4775946145576281e+003	
  3.8400000000000000e+003	  3.1512715569803845e+003	 -3.4493979923920369e+003	
  3.8700000000000000e+003	  3.1775618499189063e+003	 -3.4472829674297573e+003	
  3.9000000000000000e+003	  3.2110978829661026e+003	 -3.4505668227880319e+003	
  3.9300000000000000e+003	  3.2308376325787358e+003	 -3.4475278654387089e+003	
  3.9600000000000000e+003	  3.2331876021484086e+003	 -3.4426967035953967e+003	
  3.9900000000000000e+003	  3.2459851487894530e+003	 -3.4386892873363213e+003	
  4.0200000000000000e+003	  3.2355081988877878e+003	 -3.4423627532295823e+003	
  4.0500000000000000e+003	  3.2373783829147096e+003	 -3.4334573836148315e+003	
  4.0800000000000000e+003	  3.2360369418459004e+003	 -3.4338581255563504e+003	
  4.1100000000000000e+003	  3.2291926526849666e+003	 -3.4362737063694208e+003	
  4.1400000000000000e+003	  3.2282918306688771e+003	 -3.4528154278971242e+003	
  4.1700000000000000e+003	  3.2319832435772491e+003	 -3.4581363848095862e+003	
  4.2000000000000000e+003	  3.2287324510127887e+003	 -3.4649378599881938e+003	
  4.2300000000000000e+003	  3.2377210864473636e+003	 -3.4539731251144708e+003	
  4.2600000000000000e+003	  3.2363698546255100e+003	 -3.4545408425837877e+003	
  4.2900000000000000e+003	  3.2516740348229810e+003	 -3.4485074555918100e+003	
  4.3200000000000000e+003	  3.2229946071830072e+003	 -3.4435872401504116e+003	
  4.3500000000000000e+003	  3.2044788005248847e+003	 -3.4415835323515103e+003	
  4.3800000000000000e+003	  3.2053796221506445e+003	 -3.4347041365814634e+003	
  4.4100000000000000e+003	  3.2182163337850825e+003	 -3.4247857817319527e+003	
  4.4400000000000000e+003	  3.2201550592654944e+003	 -3.4662068746930790e+003	
  4.4700000000000000e+003	  3.2264020635825905e+003	 -3.4673868365602443e+003	
  4.5000000000000000e+003	  3.2246983353226146e+003	 -3.4609749705575391e+003	
  4.5300000000000000e+003	  3.2194500689669753e+003	 -3.4660621630238629e+003	
  4.5600000000000000e+003	  3.2095997769075157e+003	 -3.4503219248181604e+003	
  4.5900000000000000e+003	  3.2142997175309392e+003	 -3.4424184099604777e+003	
  4.6200000000000000e+003	  3.2155334512230602e+003	 -3.4473052317736119e+003	
  4.6500000000000000e+003	  3.1997103191739507e+003	 -3.4460139539611541e+003	
  4.6800000000000000e+003	  3.1980742797379512e+003	 -3.4457676050656501e+003	
  4.7100000000000000e+003	  3.2043323526724853e+003	 -3.4347326924777508e+003	
  4.7400000000000000e+003	  3.2105904256070203e+003	 -3.4236977798898515e+003	
  4.7700000000000000e+003	  3.2168484985415553e+003	 -3.4126628673019522e+003	
  4.8000000000000000e+003	  3.2231065714760903e+003	 -3.4016279547140525e+003	
  4.8300000000000000e+003	  3.2293646444106253e+003	 -3.3905930421261533e+003	
  4.8600000000000000e+003	  3.2356227173451598e+003	 -3.3795581295382535e+003	
  4.8900000000000000e+003	  3.2418807902796948e+003	 -3.3685232169503543e+003	
  4.9200000000000000e+003	  3.2481388632142289e+003	 -3.3574883043624550e+003	
  4.9500000000000000e+003	  3.2482665785893864e+003	 -3.3984481569814193e+003	
  4.9800000000000000e+003	  3.2527706882052576e+003	 -3.4155909890842613e+003	
  5.0100000000000000e+003	  3.2527706882052576e+003	 -3.4155909890842613e+003	
  5.0400000000000000e+003	  3.2527706882052576e+003	 -3.4155909890842613e+003	
  5.0700000000000000e+003	  3.2527706882052576e+003	 -3.4155909890842613e+003	
  5.1000000000000000e+003	  3.2527706882052576e+003	 -3.4155909890842613e+003	
  5.1300000000000000e+003	  3.2527706882052576e+003	 -3.4155909890842613e+003	
  5.1600000000000000e+003	  3.2527706882052576e+003	 -3.4155909890842613e+003	
  5.1900000000000000e+003	  3.2527706882052576e+003	 -3.4155909890842613e+003	
  5.2200000000000000e+003	  3.2527706882052576e+003	 -3.4155909890842613e+003	
  5.2500000000000000e+003	  3.2527706882052576e+003	 -3.4155909890842613e+003	
  5.2800000000000000e+003	  3.2527706882052576e+003	 -3.4155909890842613e+003	
  5.3100000000000000e+003	  3.2527706882052576e+003	 -3.4155909890842613e+003	
  5.3400000000000000e+003	  3.2527706882052576e+003	 -3.4155909890842613e+003	
  5.3700000000000000e+003	  3.2527706882052576e+003	 -3.4155909890842613e+003	
  5.4000000000000000e+003	  3.2527706882052576e+003	 -3.4155909890842613e+003	
  5.4300000000000000e+003	  3.2527706882052576e+003	 -3.4155909890842613e+003	
  5.4600000000000000e+003	  3.2527706882052576e+003	 -3.4155909890842613e+003	
  5.4900000000000000e+003	  3.2527706882052576e+003	 -3.4155909890842613e+003	
  5.5200000000000000e+003	  3.2527706882052576e+003	 -3.4155909890842613e+003	
  5.5500000000000000e+003	  3.2527706882052576e+003	 -3.4155909890842613e+003	
  5.5800000000000000e+003	  3.2527706882052576e+003	 -3.4155909890842613e+003	
  5.6100000000000000e+003	  3.2527706882052576e+003	 -3.4155909890842613e+003	
  5.6400000000000000e+003	  3.2527706882052576e+003	 -3.4155909890842613e+003	
  5.6700000000000000e+003	  3.2527706882052576e+003	 -3.4155909890842613e+003	
  5.7000000000000000e+003	  3.2527706882052576e+003	 -3.4155909890842613e+003	
  5.7300000000000000e+003	  3.2527706882052576e+003	 -3.4155909890842613e+003	
  5.7600000000000000e+003	  3.2527706882052576e+003	 -3.4155909890842613e+003	
  5.7900000000000000e+003	  3.2527706882052576e+003	 -3.4155909890842613e+003	
  5.8200000000000000e+003	  3.2527706882052576e+003	 -3.4155909890842613e+003	
  5.8500000000000000e+003	  3.2527706882052576e+003	 -3.4155909890842613e+003	
  5.8800000000000000e+003	  3.2527706882052576e+003	 -3.4155909890842613e+003	
  5.9100000000000000e+003	  3.2527706882052576e+003	 -3.4155909890842613e+003	
  5.9400000000000000e+003	  3.2527706882052576e+003	 -3.4155909890842613e+003	
  5.9700000000000000e+003	  3.2527706882052576e+003	 -3.4155909890842613e+003	
  6.0000000000000000e+003	  3.2527706882052576e+003	 -3.4155909890842613e+003	
  6.0300000000000000e+003	  3.2527706882052576e+003	 -3.4155909890842613e+003	
  6.0600000000000000e+003	  3.2527706882052576e+003	 -3.4155909890842613e+003	
  6.0900000000000000e+003	  3.2527706882052576e+003	 -3.4155909890842613e+003	
  6.1200000000000000e+003	  3.2527706882052576e+003	 -3.4155909890842613e+003	
  6.1500000000000000e+003	  3.2527706882052576e+003	 -3.4155909890842613e+003	
  6.1800000000000000e+003	  3.2527706882052576e+003	 -3.4155909890842613e+003	
  6.2100000000000000e+003	  3.2527706882052576e+003	 -3.4155909890842613e+003	
  6.2400000000000000e+003	  3.2527706882052576e+003	 -3.4155909890842613e+003	
  6.2700000000000000e+003	  3.2527706882052576e+003	 -3.4155909890842613e+003	
  6.3000000000000000e+003	  3.2527706882052576e+003	 -3.4155909890842613e+003	
  6.3300000000000000e+003	  3.2527706882052576e+003	 -3.4155909890842613e+003	
  6.3600000000000000e+003	  3.2527706882052576e+003	 -3.4155909890842613e+003	
  6.3900000000000000e+003	  3.2527706882052576e+003	 -3.4155909890842613e+003	
  6.4200000000000000e+003	  3.2527706882052576e+003	 -3.4155909890842613e+003	
  6.4500000000000000e+003	  3.2527706882052576e+003	 -3.4155909890842613e+003	
  6.4800000000000000e+003	  3.2527706882052576e+003	 -3.4155909890842613e+003	
  6.5100000000000000e+003	  3.2527706882052576e+003	 -3.4155909890842613e+003	
  6.5400000000000000e+003	  3.2527706882052576e+003	 -3.4155909890842613e+003	
  6.5700000000000000e+003	  3.2527706882052576e+003	 -3.4155909890842613e+003	
  6.6000000000000000e+003	  3.2527706882052576e+003	 -3.4155909890842613e+003	
  6.6300000000000000e+003	  3.2527706882052576e+003	 -3.4155909890842613e+003	
  6.6600000000000000e+003	  3.2527706882052576e+003	 -3.4155909890842613e+003	
  6.6900000000000000e+003	  3.2314740826781881e+003	 -3.4112830184907107e+003	
  6.7200000000000000e+003	  3.2191661133877974e+003	 -3.4266670415638555e+003	
  6.7500000000000000e+003	  3.2091787405426494e+003	 -3.4406707327781355e+003	
  6.7800000000000000e+003	  3.2077981325416645e+003	 -3.4398915121632272e+003	
  6.8100000000000000e+003	  3.1946187167726189e+003	 -3.4362291801628589e+003	
  6.8400000000000000e+003	  3.1698559057296156e+003	 -3.4439211906085975e+003	
  6.8700000000000000e+003	  3.1431445770383270e+003	 -3.4433200785792969e+003	
  6.9000000000000000e+003	  3.1270766552921496e+003	 -3.4882031328145822e+003	
  6.9300000000000000e+003	  3.1212311048712813e+003	 -3.5111344569165585e+003	
  6.9600000000000000e+003	  3.1182348918502839e+003	 -3.5379284831400714e+003	
  6.9900000000000000e+003	  3.1182348918502839e+003	 -3.5379284831400714e+003	
  7.0200000000000000e+003	  3.1182348918502839e+003	 -3.5379284831400714e+003	
  7.0500000000000000e+003	  3.1182348918502839e+003	 -3.5379284831400714e+003	
  7.0800000000000000e+003	  3.1182348918502839e+003	 -3.5379284831400714e+003	
  7.1100000000000000e+003	  3.1182348918502839e+003	 -3.5379284831400714e+003	
  7.1400000000000000e+003	  3.1182348918502839e+003	 -3.5379284831400714e+003	
  7.1700000000000000e+003	  3.1182348918502839e+003	 -3.5379284831400714e+003	
  7.2000000000000000e+003	  3.1182348918502839e+003	 -3.5379284831400714e+003	
  7.2300000000000000e+003	  3.1182348918502839e+003	 -3.5379284831400714e+003	
  7.2600000000000000e+003	  3.1182348918502839e+003	 -3.5379284831400714e+003	
  7.2900000000000000e+003	  3.1182348918502839e+003	 -3.5379284831400714e+003	
  7.3200000000000000e+003	  3.1182348918502839e+003	 -3.5379284831400714e+003	
  7.3500000000000000e+003	  3.1182348918502839e+003	 -3.5379284831400714e+003	
  7.3800000000000000e+003	  3.1182348918502839e+003	 -3.5379284831400714e+003	
  7.4100000000000000e+003	  3.1182348918502839e+003	 -3.5379284831400714e+003	
  7.4400000000000000e+003	  3.1182348918502839e+003	 -3.5379284831400714e+003	
  7.4700000000000000e+003	  3.1182348918502839e+003	 -3.5379284831400714e+003	
  7.5000000000000000e+003	  3.1182348918502839e+003	 -3.5379284831400714e+003	
  7.5300000000000000e+003	  3.1182348918502839e+003	 -3.5379284831400714e+003	
  7.5600000000000000e+003	  3.1182348918502839e+003	 -3.5379284831400714e+003	
  7.5900000000000000e+003	  3.1182348918502839e+003	 -3.5379284831400714e+003	
  7.6200000000000000e+003	  3.1182348918502839e+003	 -3.5379284831400714e+003	
  7.6500000000000000e+003	  3.1182348918502839e+003	 -3.5379284831400714e+003	
  7.6800000000000000e+003	  3.1182348918502839e+003	 -3.5379284831400714e+003	
  7.7100000000000000e+003	  3.1182348918502839e+003	 -3.5379284831400714e+003	
  7.7400000000000000e+003	  3.1182348918502839e+003	 -3.5379284831400714e+003	
  7.7700000000000000e+003	  3.1182348918502839e+003	 -3.5379284831400714e+003	
  7.8000000000000000e+003	  3.1182348918502839e+003	 -3.5379284831400714e+003	
  7.8300000000000000e+003	  3.1182348918502839e+003	 -3.5379284831400714e+003	
  7.8600000000000000e+003	  3.1182348918502839e+003	 -3.5379284831400714e+003	
  7.8900000000000000e+003	  3.1182348918502839e+003	 -3.5379284831400714e+003	
  7.9200000000000000e+003	  3.1182348918502839e+003	 -3.5379284831400714e+003	
  7.9500000000000000e+003	  3.1182348918502839e+003	 -3.5379284831400714e+003	
  7.9800000000000000e+003	  3.1182348918502839e+003	 -3.5379284831400714e+003	
  8.0100000000000000e+003	  3.1182348918502839e+003	 -3.5379284831400714e+003	
  8.0400000000000000e+003	  3.1182348918502839e+003	 -3.5379284831400714e+003	
  8.0700000000000000e+003	  3.1182348918502839e+003	 -3.5379284831400714e+003	
  8.1000000000000000e+003	  3.1182348918502839e+003	 -3.5379284831400714e+003	
  8.1300000000000000e+003	  3.1182348918502839e+003	 -3.5379284831400714e+003	
  8.1600000000000000e+003	  3.1182348918502839e+003	 -3.5379284831400714e+003	
  8.1900000000000000e+003	  3.1182348918502839e+003	 -3.5379284831400714e+003	
  8.2200000000000000e+003	  3.1182348918502839e+003	 -3.5379284831400714e+003	
  8.2500000000000000e+003	  3.1182348918502839e+003	 -3.5379284831400714e+003	
  8.2800000000000000e+003	  3.1182348918502839e+003	 -3.5379284831400714e+003	
  8.3100000000000000e+003	  3.1182348918502839e+003	 -3.5379284831400714e+003	
  8.3400000000000000e+003	  3.1182348918502839e+003	 -3.5379284831400714e+003	
  8.3700000000000000e+003	  3.1182348918502839e+003	 -3.5379284831400714e+003	
  8.4000000000000000e+003	  3.1182348918502839e+003	 -3.5379284831400714e+003	
  8.4300000000000000e+003	  3.1182348918502839e+003	 -3.5379284831400714e+003	
  8.4600000000000000e+003	  3.1182348918502839e+003	 -3.5379284831400714e+003	
  8.4900000000000000e+003	  3.1182348918502839e+003	 -3.5379284831400714e+003	
  8.5200000000000000e+003	  3.1182348918502839e+003	 -3.5379284831400714e+003	
  8.5500000000000000e+003	  3.1182348918502839e+003	 -3.5379284831400714e+003	
  8.5800000000000000e+003	  3.1182348918502839e+003	 -3.5379284831400714e+003	
  8.6100000000000000e+003	  3.1182348918502839e+003	 -3.5379284831400714e+003	
  8.6400000000000000e+003	  3.1182348918502839e+003	 -3.5379284831400714e+003	
  8.6700000000000000e+003	  3.1182348918502839e+003	 -3.5379284831400714e+003	
  8.7000000000000000e+003	  3.1182348918502839e+003	 -3.5379284831400714e+003	
  8.7300000000000000e+003	  3.1182348918502839e+003	 -3.5379284831400714e+003	
  8.7600000000000000e+003	  3.1182348918502839e+003	 -3.5379284831400714e+003	
  8.7900000000000000e+003	  3.1182348918502839e+003	 -3.5379284831400714e+003	
  8.8200000000000000e+003	  3.1182348918502839e+003	 -3.5379284831400714e+003	
  8.8500000000000000e+003	  3.1182348918502839e+003	 -3.5379284831400714e+003	
  8.8800000000000000e+003	  3.1182348918502839e+003	 -3.5379284831400714e+003	
  8.9100000000000000e+003	  3.1182348918502839e+003	 -3.5379284831400714e+003	
  8.9400000000000000e+003	  3.1182348918502839e+003	 -3.5379284831400714e+003	
  8.9700000000000000e+003	  3.1118904862180952e+003	 -3.5287741947275149e+003	
  9.0000000000000000e+003	  3.0889916046433527e+003	 -3.4957335951169453e+003	
  9.0300000000000000e+003	  3.0660927230686107e+003	 -3.4626929955063765e+003	
  9.0600000000000000e+003	  3.0414887808785693e+003	 -3.4349935588625399e+003	
  9.0900000000000000e+003	  3.0405781676105735e+003	 -3.4389898440996708e+003	
  9.1200000000000000e+003	  3.0781385253494109e+003	 -3.4518803630236530e+003	
  9.1500000000000000e+003	  3.0390213134498326e+003	 -3.4414722162830558e+003	
  9.1800000000000000e+003	  3.0315307826616090e+003	 -3.4460918745458448e+003	
  9.2100000000000000e+003	  3.0461691386143202e+003	 -3.4448117287520167e+003	
  9.2400000000000000e+003	  3.0353984417945262e+003	 -3.4497096804064508e+003	
  9.2700000000000000e+003	  3.0200746782503511e+003	 -3.4389675810837957e+003	
  9.3000000000000000e+003	  3.0282506160436897e+003	 -3.4466484609548120e+003	
  9.3300000000000000e+003	  3.0255089840233304e+003	 -3.4366299207794896e+003	
  9.3600000000000000e+003	  3.0250194071450273e+003	 -3.4361846530797848e+003	
  9.3900000000000000e+003	  3.0348109485125042e+003	 -3.4500992908381463e+003	
  9.4200000000000000e+003	  3.0403921287016556e+003	 -3.4578358296955762e+003	
  9.4500000000000000e+003	  3.0358880200994381e+003	 -3.4597838785433296e+003	
  9.4800000000000000e+003	  3.0375525827008760e+003	 -3.4620102209821989e+003	
  9.5100000000000000e+003	  3.0375525827008760e+003	 -3.4620102209821989e+003	
  9.5400000000000000e+003	  3.0375525827008760e+003	 -3.4620102209821989e+003	
  9.5700000000000000e+003	  3.0375525827008760e+003	 -3.4620102209821989e+003	
  9.6000000000000000e+003	  3.0375525827008760e+003	 -3.4620102209821989e+003	
  9.6300000000000000e+003	  3.0375525827008760e+003	 -3.4620102209821989e+003	
  9.6600000000000000e+003	  3.0375525827008760e+003	 -3.4620102209821989e+003	
  9.6900000000000000e+003	  3.0375525827008760e+003	 -3.4620102209821989e+003	
  9.7200000000000000e+003	  3.0375525827008760e+003	 -3.4620102209821989e+003	
  9.7500000000000000e+003	  3.0375525827008760e+003	 -3.4620102209821989e+003	
  9.7800000000000000e+003	  3.0375525827008760e+003	 -3.4620102209821989e+003	
  9.8100000000000000e+003	  3.0375525827008760e+003	 -3.4620102209821989e+003	
  9.8400000000000000e+003	  3.0375525827008760e+003	 -3.4620102209821989e+003	
  9.8700000000000000e+003	  3.0375525827008760e+003	 -3.4620102209821989e+003	
  9.9000000000000000e+003	  3.0375525827008760e+003	 -3.4620102209821989e+003	
  9.9300000000000000e+003	  3.0375525827008760e+003	 -3.4620102209821989e+003	
  9.9600000000000000e+003	  3.0375525827008760e+003	 -3.4620102209821989e+003	
  9.9900000000000000e+003	  3.0375525827008760e+003	 -3.4620102209821989e+003	
  1.0020000000000000e+004	  3.0375525827008760e+003	 -3.4620102209821989e+003	
  1.0050000000000000e+004	  3.0375525827008760e+003	 -3.4620102209821989e+003	
  1.0080000000000000e+004	  3.0375525827008760e+003	 -3.4620102209821989e+003	
  1.0110000000000000e+004	  3.0375525827008760e+003	 -3.4620102209821989e+003	
  1.0140000000000000e+004	  3.0375525827008760e+003	 -3.4620102209821989e+003	
  1.0170000000000000e+004	  3.0375525827008760e+003	 -3.4620102209821989e+003	
  1.0200000000000000e+004	  3.0375525827008760e+003	 -3.4620102209821989e+003	
  1.0230000000000000e+004	  3.0375525827008760e+003	 -3.4620102209821989e+003	
  1.0260000000000000e+004	  3.0375525827008760e+003	 -3.4620102209821989e+003	
  1.0290000000000000e+004	  3.0375525827008760e+003	 -3.4620102209821989e+003	
  1.0320000000000000e+004	  3.0375525827008760e+003	 -3.4620102209821989e+003	
  1.0350000000000000e+004	  3.0375525827008760e+003	 -3.4620102209821989e+003	
  1.0380000000000000e+004	  3.0375525827008760e+003	 -3.4620102209821989e+003	
  1.0410000000000000e+004	  3.0375525827008760e+003	 -3.4620102209821989e+003	
  1.0440000000000000e+004	  3.0375525827008760e+003	 -3.4620102209821989e+003	
  1.0470000000000000e+004	  3.0375525827008760e+003	 -3.4620102209821989e+003	
  1.0500000000000000e+004	  3.0375525827008760e+003	 -3.4620102209821989e+003	
  1.0530000000000000e+004	  3.0375525827008760e+003	 -3.4620102209821989e+003	
  1.0560000000000000e+004	  3.0375525827008760e+003	 -3.4620102209821989e+003	
  1.0590000000000000e+004	  3.0375525827008760e+003	 -3.4620102209821989e+003	
  1.0620000000000000e+004	  3.0375525827008760e+003	 -3.4620102209821989e+003	
  1.0650000000000000e+004	  3.0375525827008760e+003	 -3.4620102209821989e+003	
  1.0680000000000000e+004	  3.0375525827008760e+003	 -3.4620102209821989e+003	
  1.0710000000000000e+004	  3.0375525827008760e+003	 -3.4620102209821989e+003	
  1.0740000000000000e+004	  3.0375525827008760e+003	 -3.4620102209821989e+003	
  1.0770000000000000e+004	  3.0375525827008760e+003	 -3.4620102209821989e+003	
  1.0800000000000000e+004	  3.0375525827008760e+003	 -3.4620102209821989e+003	
  1.0830000000000000e+004	  3.0375525827008760e+003	 -3.4620102209821989e+003	
  1.0860000000000000e+004	  3.0375525827008760e+003	 -3.4620102209821989e+003	
  1.0890000000000000e+004	  3.0375525827008760e+003	 -3.4620102209821989e+003	
  1.0920000000000000e+004	  3.0375525827008760e+003	 -3.4620102209821989e+003	
  1.0950000000000000e+004	  3.0375525827008760e+003	 -3.4620102209821989e+003	
  1.0980000000000000e+004	  3.0375525827008760e+003	 -3.4620102209821989e+003	
  1.1010000000000000e+004	  3.0375525827008760e+003	 -3.4620102209821989e+003	
  1.1040000000000000e+004	  3.0375525827008760e+003	 -3.4620102209821989e+003	
  1.1070000000000000e+004	  3.0375525827008760e+003	 -3.4620102209821989e+003	
  1.1100000000000000e+004	  3.0375525827008760e+003	 -3.4620102209821989e+003	
  1.1130000000000000e+004	  3.0375525827008760e+003	 -3.4620102209821989e+003	
  1.1160000000000000e+004	  3.0375525827008760e+003	 -3.4620102209821989e+003	
  1.1190000000000000e+004	  3.0375525827008760e+003	 -3.4620102209821989e+003	
  1.1220000000000000e+004	  3.0375525827008760e+003	 -3.4620102209821989e+003	
  1.1250000000000000e+004	  3.0375525827008760e+003	 -3.4620102209821989e+003	
  1.1280000000000000e+004	  3.0375525827008760e+003	 -3.4620102209821989e+003	
  1.1310000000000000e+004	  3.0375525827008760e+003	 -3.4620102209821989e+003	
  1.1340000000000000e+004	  3.0375525827008760e+003	 -3.4620102209821989e+003	
  1.1370000000000000e+004	  3.0375525827008760e+003	 -3.4620102209821989e+003	
  1.1400000000000000e+004	  3.0375525827008760e+003	 -3.4620102209821989e+003	
  1.1430000000000000e+004	  3.0375525827008760e+003	 -3.4620102209821989e+003	
  1.1460000000000000e+004	  3.0375525827008760e+003	 -3.4620102209821989e+003	
  1.1490000000000000e+004	  3.0375525827008760e+003	 -3.4620102209821989e+003	
  1.1520000000000000e+004	  3.0375525827008760e+003	 -3.4620102209821989e+003	
  1.1550000000000000e+004	  3.0375525827008760e+003	 -3.4620102209821989e+003	
  1.1580000000000000e+004	  3.0375525827008760e+003	 -3.4620102209821989e+003	
  1.1610000000000000e+004	  3.0375525827008760e+003	 -3.4620102209821989e+003	
  1.1640000000000000e+004	  3.0375525827008760e+003	 -3.4620102209821989e+003	
  1.1670000000000000e+004	  3.0375525827008760e+003	 -3.4620102209821989e+003	
  1.1700000000000000e+004	  3.0375525827008760e+003	 -3.4620102209821989e+003	
  1.1730000000000000e+004	  3.0375525827008760e+003	 -3.4620102209821989e+003	
  1.1760000000000000e+004	  3.0375525827008760e+003	 -3.4620102209821989e+003	
  1.1790000000000000e+004	  3.0375525827008760e+003	 -3.4620102209821989e+003	
  1.1820000000000000e+004	  3.0375525827008760e+003	 -3.4620102209821989e+003	
  1.1850000000000000e+004	  3.0375525827008760e+003	 -3.4620102209821989e+003	
  1.1880000000000000e+004	  3.0375525827008760e+003	 -3.4620102209821989e+003	
  1.1910000000000000e+004	  3.0375525827008760e+003	 -3.4620102209821989e+003	
  1.1940000000000000e+004	  3.0375525827008760e+003	 -3.4620102209821989e+003	
  1.1970000000000000e+004	  3.0375525827008760e+003	 -3.4620102209821989e+003	
  1.2000000000000000e+004	  3.0375525827008760e+003	 -3.4620102209821989e+003	
  1.2030000000000000e+004	  3.0375525827008760e+003	 -3.4620102209821989e+003	
  1.2060000000000000e+004	  3.0375525827008760e+003	 -3.4620102209821989e+003	
  1.2090000000000000e+004	  3.0375525827008760e+003	 -3.4620102209821989e+003	
  1.2120000000000000e+004	  3.0375525827008760e+003	 -3.4620102209821989e+003	
  1.2150000000000000e+004	  3.0375525827008760e+003	 -3.4620102209821989e+003	
  1.2180000000000000e+004	  3.0375525827008760e+003	 -3.4620102209821989e+003	
  1.2210000000000000e+004	  3.0375525827008760e+003	 -3.4620102209821989e+003	
  1.2240000000000000e+004	  3.0375525827008760e+003	 -3.4620102209821989e+003	
  1.2270000000000000e+004	  3.0375525827008760e+003	 -3.4620102209821989e+003	
  1.2300000000000000e+004	  3.0375525827008760e+003	 -3.4620102209821989e+003	
  1.2330000000000000e+004	  3.0375525827008760e+003	 -3.4620102209821989e+003	
  1.2360000000000000e+004	  3.0375525827008760e+003	 -3.4620102209821989e+003	
  1.2390000000000000e+004	  3.0375525827008760e+003	 -3.4620102209821989e+003	
  1.2420000000000000e+004	  3.0375525827008760e+003	 -3.4620102209821989e+003	
  1.2450000000000000e+004	  3.0375525827008760e+003	 -3.4620102209821989e+003	
  1.2480000000000000e+004	  3.0375525827008760e+003	 -3.4620102209821989e+003	
  1.2510000000000000e+004	  3.0375525827008760e+003	 -3.4620102209821989e+003	
  1.2540000000000000e+004	  3.0375525827008760e+003	 -3.4620102209821989e+003	
  1.2570000000000000e+004	  3.0375525827008760e+003	 -3.4620102209821989e+003	
  1.2600000000000000e+004	  3.0375525827008760e+003	 -3.4620102209821989e+003	
  1.2630000000000000e+004	  3.0375525827008760e+003	 -3.4620102209821989e+003	
  1.2660000000000000e+004	  3.0375525827008760e+003	 -3.4620102209821989e+003	
  1.2690000000000000e+004	  3.0375525827008760e+003	 -3.4620102209821989e+003	
  1.2720000000000000e+004	  3.0375525827008760e+003	 -3.4620102209821989e+003	
  1.2750000000000000e+004	  3.0375525827008760e+003	 -3.4620102209821989e+003	
  1.2780000000000000e+004	  3.0375525827008760e+003	 -3.4620102209821989e+003	
  1.2810000000000000e+004	  3.0375525827008760e+003	 -3.4620102209821989e+003	
  1.2840000000000000e+004	  3.0375525827008760e+003	 -3.4620102209821989e+003	
  1.2870000000000000e+004	  3.0375525827008760e+003	 -3.4620102209821989e+003	
  1.2900000000000000e+004	  3.0375525827008760e+003	 -3.4620102209821989e+003	
  1.2930000000000000e+004	  3.0375525827008760e+003	 -3.4620102209821989e+003	
  1.2960000000000000e+004	  3.0301994828056227e+003	 -3.4324830363058963e+003	
  1.2990000000000000e+004	  3.0203488413410887e+003	 -3.3952088284276324e+003	
  1.3020000000000000e+004	  3.0081289961340599e+003	 -3.4086670664523722e+003	
  1.3050000000000000e+004	  3.0081289958726966e+003	 -3.4112830188139801e+003	
  1.3080000000000000e+004	  3.0180772018872590e+003	 -3.3961661562961708e+003	
  1.3110000000000000e+004	  3.0239619203659877e+003	 -3.4031568710059460e+003	
  1.3140000000000000e+004	  3.0290437298843999e+003	 -3.4066744895777069e+003	
  1.3170000000000000e+004	  3.0268700087920329e+003	 -3.3998396206548232e+003	
  1.3200000000000000e+004	  3.0213182038634181e+003	 -3.4296280765494789e+003	
  1.3230000000000000e+004	  3.0216315328181236e+003	 -3.4461364026917058e+003	
  1.3260000000000000e+004	  3.0283974900891581e+003	 -3.4592272934977350e+003	
  1.3290000000000000e+004	  3.0211713319877463e+003	 -3.4918432036880013e+003	
  1.3320000000000000e+004	  3.0091669003810098e+003	 -3.5315500127586201e+003	
  1.3350000000000000e+004	  3.0017057438706001e+003	 -3.5508190018157052e+003	
  1.3380000000000000e+004	  3.0028807286100418e+003	 -3.5550713157264240e+003	
  1.3410000000000000e+004	  3.0076492103415694e+003	 -3.5634757563801350e+003	
  1.3440000000000000e+004	  3.0168140942650070e+003	 -3.5622735320308520e+003	
  1.3470000000000000e+004	  3.0104202160662935e+003	 -3.5599247412724835e+003	
  1.3500000000000000e+004	  3.0077079605404956e+003	 -3.5680508904717403e+003	
  1.3530000000000000e+004	  3.0113797889334023e+003	 -3.5727039431711105e+003	
  1.3560000000000000e+004	  3.0048782032167601e+003	 -3.5840137612464459e+003	
  1.3590000000000000e+004	  2.9976520449184159e+003	 -3.5829228547715270e+003	
  1.3620000000000000e+004	  3.0037815514256654e+003	 -3.5957020577136886e+003	
  1.3650000000000000e+004	  3.0032821823240183e+003	 -3.6164738290993819e+003	
  1.3680000000000000e+004	  3.0030961430282528e+003	 -3.6445368683814568e+003	
  1.3710000000000000e+004	  2.9901419328071524e+003	 -3.6699950896486343e+003	
  1.3740000000000000e+004	  2.9611883407806004e+003	 -3.6889523914971701e+003	
  1.3770000000000000e+004	  2.9449833383019854e+003	 -3.6900099049512405e+003	
  1.3800000000000000e+004	  2.9408806814663681e+003	 -3.6898429281362723e+003	
  1.3830000000000000e+004	  2.9416640037792849e+003	 -3.6827408984491458e+003	
  1.3860000000000000e+004	  2.9402050645891673e+003	 -3.6711082607430608e+003	
  1.3890000000000000e+004	  2.9388636229142408e+003	 -3.6846110249977937e+003	
  1.3920000000000000e+004	  2.9381782144302920e+003	 -3.6843327323515505e+003	
  1.3950000000000000e+004	  2.9395490315110737e+003	 -3.6891416306693764e+003	
  1.3980000000000000e+004	  2.9381096737752014e+003	 -3.6829969259259769e+003	
  1.4010000000000000e+004	  2.9380998820238119e+003	 -3.6788447982353478e+003	
  1.4040000000000000e+004	  2.9383055043542463e+003	 -3.6827965561101614e+003	
  1.4070000000000000e+004	  2.9250281727508300e+003	 -3.6948967248160370e+003	
  1.4100000000000000e+004	  2.9056898770753623e+003	 -3.7022993117187389e+003	
  1.4130000000000000e+004	  2.8764621218135121e+003	 -3.7081211962934271e+003	
  1.4160000000000000e+004	  2.8465293762928081e+003	 -3.7141211867800803e+003	
  1.4190000000000000e+004	  2.8405957014988517e+003	 -3.7133864944849702e+003	
  1.4220000000000000e+004	  2.8389703060558959e+003	 -3.7095683182791449e+003	
  1.4250000000000000e+004	  2.8380792757813324e+003	 -3.7078874311260115e+003	
  1.4280000000000000e+004	  2.8177716166358978e+003	 -3.7143883486334853e+003	
  1.4310000000000000e+004	  2.7965925083678999e+003	 -3.7053271365643132e+003	
  1.4340000000000000e+004	  2.7868597159525575e+003	 -3.7008521893826683e+003	
  1.4370000000000000e+004	  2.7790558550335095e+003	 -3.7009746381892328e+003	
  1.4400000000000000e+004	  2.7762946410581535e+003	 -3.6985479253620515e+003	
  1.4430000000000000e+004	  2.7772444192401940e+003	 -3.6997501506613908e+003	
  1.4460000000000000e+004	  2.7295498173566471e+003	 -3.6227298501363425e+003	
  1.4490000000000000e+004	  2.7027405717909596e+003	 -3.6264589724839157e+003	
  1.4520000000000000e+004	  2.7795258499288020e+003	 -3.6977241778219986e+003	
  1.4550000000000000e+004	  2.7652791562025031e+003	 -3.6849561063362112e+003	
  1.4580000000000000e+004	  2.7791146064966306e+003	 -3.6912455243128388e+003	
  1.4610000000000000e+004	  2.8169882924245640e+003	 -3.6867149186065531e+003	
  1.4640000000000000e+004	  2.8392444694100350e+003	 -3.6824292099876739e+003	
  1.4670000000000000e+004	  2.8429946288735414e+003	 -3.7038354883214297e+003	
  1.4700000000000000e+004	  2.8327428832452692e+003	 -3.7330116989037933e+003	
  1.4730000000000000e+004	  2.8307062431049576e+003	 -3.7368410067951349e+003	
  1.4760000000000000e+004	  2.8251152740002753e+003	 -3.7316981580716179e+003	
  1.4790000000000000e+004	  2.8241850768319368e+003	 -3.7425181793067231e+003	
  1.4820000000000000e+004	  2.8223638488942838e+003	 -3.7488743856120336e+003	
  1.4850000000000000e+004	  2.8240284105399364e+003	 -3.7524142711738227e+003	
  1.4880000000000000e+004	  2.8225988455647107e+003	 -3.7518688150597250e+003	
  1.4910000000000000e+004	  2.8221876011735681e+003	 -3.7521137154085613e+003	
  1.4940000000000000e+004	  2.8068540458890880e+003	 -3.7761804714438731e+003	
  1.4970000000000000e+004	  2.7894740587490696e+003	 -3.8000802524389146e+003	
  1.5000000000000000e+004	  2.7788306501135316e+003	 -3.8125588997661202e+003	
  1.5030000000000000e+004	  2.7672962132523130e+003	 -3.8195718764366256e+003	
  1.5060000000000000e+004	  2.7500630982129992e+003	 -3.8172676116391317e+003	
  1.5090000000000000e+004	  2.7367661833540715e+003	 -3.8035867396220719e+003	
  1.5120000000000000e+004	  2.8682731297061423e+003	 -3.6982251058972843e+003	
  1.5150000000000000e+004	  2.7453729490485912e+003	 -3.7873344449799488e+003	
  1.5180000000000000e+004	  2.7518843258366060e+003	 -3.7854420530288744e+003	
  1.5210000000000000e+004	  2.6783498410806301e+003	 -3.8047555706181943e+003	
  1.5240000000000000e+004	  2.7790068986891238e+003	 -3.7837166381732241e+003	
  1.5270000000000000e+004	  2.7312241695452731e+003	 -3.8252379169011633e+003	
  1.5300000000000000e+004	  2.7459726021570164e+003	 -3.8404039609865713e+003	
  1.5330000000000000e+004	  2.7413456182064315e+003	 -3.8312148435530876e+003	
  1.5360000000000000e+004	  2.7367186342558462e+003	 -3.8220257261196043e+003	
  1.5390000000000000e+004	  2.7320916503052617e+003	 -3.8128366086861215e+003	
  1.5420000000000000e+004	  2.7274646663546764e+003	 -3.8036474912526378e+003	
  1.5450000000000000e+004	  2.7267298526100044e+003	 -3.8013270027986669e+003	
  1.5480000000000000e+004	  2.7285902456703652e+003	 -3.8251043357281387e+003	
  1.5510000000000000e+004	  2.7213640867504955e+003	 -3.8151080612331643e+003	
  1.5540000000000000e+004	  2.7184462080888679e+003	 -3.8092973075284617e+003	
  1.5570000000000000e+004	  2.7246932123004181e+003	 -3.8065143809373849e+003	
  1.5600000000000000e+004	  2.7213445046534575e+003	 -3.8029077052657753e+003	
  1.5630000000000000e+004	  2.7168795605262967e+003	 -3.8033529750256448e+003	
  1.5660000000000000e+004	  2.7208745097835890e+003	 -3.7929782200489217e+003	
  1.5690000000000000e+004	  2.7223236570053509e+003	 -3.8057796868774676e+003	
  1.5720000000000000e+004	  2.7279440034191603e+003	 -3.8098316301215077e+003	
  1.5750000000000000e+004	  2.7184853734308790e+003	 -3.8075384972111437e+003	
  1.5780000000000000e+004	  2.7156654098210161e+003	 -3.8065811717065867e+003	
  1.5810000000000000e+004	  2.7191120333685694e+003	 -3.8072268100219021e+003	
  1.5840000000000000e+004	  2.7263969393579482e+003	 -3.8158204903425467e+003	
  1.5870000000000000e+004	  2.7400659328257257e+003	 -3.8129485083412583e+003	
  1.5900000000000000e+004	  2.7672668391057409e+003	 -3.8164438660647479e+003	
  1.5930000000000000e+004	  2.7787425262745942e+003	 -3.8044884097423055e+003	
  1.5960000000000000e+004	  2.7846650123372092e+003	 -3.8094547426410841e+003	
  1.5990000000000000e+004	  2.8351809787530415e+003	 -3.8444957735329358e+003	
  1.6020000000000000e+004	  2.7783704493859782e+003	 -3.8171117686438329e+003	
  1.6050000000000000e+004	  2.7629977268347707e+003	 -3.8253937607031753e+003	
  1.6080000000000000e+004	  2.7520507820219159e+003	 -3.8210078673891198e+003	
  1.6110000000000000e+004	  2.7521682809843128e+003	 -3.8098761569617091e+003	
  1.6140000000000000e+004	  2.7388126163780717e+003	 -3.8122360794558758e+003	
  1.6170000000000000e+004	  2.7436692214936606e+003	 -3.8159095443230153e+003	
  1.6200000000000000e+004	  2.7601777623873595e+003	 -3.8237685311842483e+003	
  1.6230000000000000e+004	  2.7583173693436279e+003	 -3.8464549556112956e+003	
  1.6260000000000000e+004	  2.7589831935476395e+003	 -3.8480133945077869e+003	
  1.6290000000000000e+004	  2.7655826935528589e+003	 -3.8367035783987985e+003	
  1.6320000000000000e+004	  2.7630760596045375e+003	 -3.8235904242594406e+003	
  1.6350000000000000e+004	  2.7320760344578221e+003	 -3.8179355149904636e+003	
  1.6380000000000000e+004	  2.7275327592965805e+003	 -3.8123919236155971e+003	
  1.6410000000000000e+004	  2.7244190483702500e+003	 -3.8143288420614031e+003	
  1.6440000000000000e+004	  2.7352093275879643e+003	 -3.8198056420424473e+003	
  1.6470000000000000e+004	  2.7410255049616821e+003	 -3.8216757689707310e+003	
  1.6500000000000000e+004	  2.7585327843011605e+003	 -3.8211637106682306e+003	
  1.6530000000000000e+004	  2.7633306385386218e+003	 -3.8209633406553526e+003	
  1.6560000000000000e+004	  2.7664443497942830e+003	 -3.8397759306443791e+003	
  1.6590000000000000e+004	  2.7444525441188025e+003	 -3.8626627255057056e+003	
  1.6620000000000000e+004	  2.7359926508713511e+003	 -3.8886218727760597e+003	
  1.6650000000000000e+004	  2.7357576540705682e+003	 -3.8936756690101561e+003	
  1.6680000000000000e+004	  2.7400659338196519e+003	 -3.8959020110448764e+003	
  1.6710000000000000e+004	  2.7492504010484508e+003	 -3.9218834218687457e+003	
  1.6740000000000000e+004	  2.7368738913709631e+003	 -3.9461728149391470e+003	
  1.6770000000000000e+004	  2.7150779178349221e+003	 -3.9607998816847712e+003	
  1.6800000000000000e+004	  2.7088504950806205e+003	 -3.9669223207579598e+003	
  1.6830000000000000e+004	  2.6860362021166943e+003	 -3.9833749881543745e+003	
  1.6860000000000000e+004	  2.6827658265931759e+003	 -4.0069742142131863e+003	
  1.6890000000000000e+004	  2.6782617169130799e+003	 -4.0158350554155904e+003	
  1.6920000000000000e+004	  2.7019964161785392e+003	 -4.0287923655553145e+003	
  1.6950000000000000e+004	  2.7154891615810025e+003	 -4.0472264769345502e+003	
  1.6980000000000000e+004	  2.5866520437043232e+003	 -4.2231742846131501e+003	
  1.7010000000000000e+004	  2.6291277539808416e+003	 -4.0762579767975308e+003	
  1.7040000000000000e+004	  2.6447158900391046e+003	 -4.0257200134925974e+003	
  1.7070000000000000e+004	  2.6496256495615612e+003	 -4.0254814767936336e+003	
  1.7100000000000000e+004	  2.6548861061927646e+003	 -4.0252259017590300e+003	
  1.7130000000000000e+004	  2.6601465628239680e+003	 -4.0249703267244258e+003	
  1.7160000000000000e+004	  2.6654070194551714e+003	 -4.0247147516898222e+003	
  1.7190000000000000e+004	  2.6706674760863748e+003	 -4.0244591766552185e+003	
  1.7220000000000000e+004	  2.6759279327175786e+003	 -4.0242036016206143e+003	
  1.7250000000000000e+004	  2.6742471839801647e+003	 -4.0219574957461546e+003	
  1.7280000000000000e+004	  2.6805921040521002e+003	 -4.0127849670043020e+003	
  1.7310000000000000e+004	  2.7008214318347154e+003	 -3.9946848067437531e+003	
  1.7340000000000000e+004	  2.7233615620623777e+003	 -4.0108925753418234e+003	
  1.7370000000000000e+004	  2.7487020743006237e+003	 -4.0346921716345905e+003	
  1.7400000000000000e+004	  2.7743754983666017e+003	 -4.0554194155951327e+003	
  1.7430000000000000e+004	  2.7876332468990113e+003	 -4.0773266214339369e+003	
  1.7460000000000000e+004	  2.7771954623315064e+003	 -4.0947366153524440e+003	
  1.7490000000000000e+004	  2.7648581195227152e+003	 -4.1023284409361731e+003	
  1.7520000000000000e+004	  2.7599427647568637e+003	 -4.1009035826671679e+003	
  1.7550000000000000e+004	  2.7597861012985609e+003	 -4.0931781751638518e+003	
  1.7580000000000000e+004	  2.7628606459287957e+003	 -4.0968071137458810e+003	
  1.7610000000000000e+004	  2.7633502213119395e+003	 -4.0938906056105943e+003	
  1.7640000000000000e+004	  2.7740621705987542e+003	 -4.0979202841307688e+003	
  1.7670000000000000e+004	  2.7790166892276529e+003	 -4.0967403231904218e+003	
  1.7700000000000000e+004	  2.7812099945416276e+003	 -4.0945585064886473e+003	
  1.7730000000000000e+004	  2.7818366542890290e+003	 -4.0961169469415936e+003	
  1.7760000000000000e+004	  2.7827570600756667e+003	 -4.0981206555654453e+003	
  1.7790000000000000e+004	  2.7827570585416829e+003	 -4.0922431115805325e+003	
  1.7820000000000000e+004	  2.7792516873082423e+003	 -4.0945362444683333e+003	
  1.7850000000000000e+004	  2.7766863023480537e+003	 -4.0976308602968975e+003	
  1.7880000000000000e+004	  2.7760596447900957e+003	 -4.1001688899421115e+003	
  1.7910000000000000e+004	  2.7732788473122664e+003	 -4.0984546070256065e+003	
  1.7940000000000000e+004	  2.7782529489553440e+003	 -4.1003692602656574e+003	
  1.7970000000000000e+004	  2.7848916155305365e+003	 -4.0935789164501375e+003	
  1.8000000000000000e+004	  2.7805245885877753e+003	 -4.0933785455498110e+003	
  1.8030000000000000e+004	  2.7776458741731003e+003	 -4.0912412591839952e+003	
  1.8060000000000000e+004	  2.7748454936877401e+003	 -4.0965622159483000e+003	
  1.8090000000000000e+004	  2.7722017760318804e+003	 -4.0958275227952754e+003	
  1.8120000000000000e+004	  2.7851266126612309e+003	 -4.0761689231796422e+003	
  1.8150000000000000e+004	  2.7878486614869116e+003	 -4.0702245899252439e+003	
  1.8180000000000000e+004	  2.7770192156768453e+003	 -4.0565325868561144e+003	
  1.8210000000000000e+004	  2.7987172739600001e+003	 -4.0725399847917965e+003	
  1.8240000000000000e+004	  2.8233136294765050e+003	 -4.0852969250062315e+003	
  1.8270000000000000e+004	  2.8565461240480467e+003	 -4.0952486743962536e+003	
  1.8300000000000000e+004	  2.8884665542255188e+003	 -4.1074935553362984e+003	
  1.8330000000000000e+004	  2.8958297934744869e+003	 -4.1213636656497483e+003	
  1.8360000000000000e+004	  2.8759725453570477e+003	 -4.1176902009606811e+003	
  1.8390000000000000e+004	  2.9738096376532617e+003	 -3.7060395659684027e+003	
  1.8420000000000000e+004	  2.9204653147191566e+003	 -3.9623360564366876e+003	
  1.8450000000000000e+004	  2.9254540151054593e+003	 -3.9799548570633642e+003	
  1.8480000000000000e+004	  2.9227354938242065e+003	 -4.0131425636490817e+003	
  1.8510000000000000e+004	  2.9200169725429541e+003	 -4.0463302702347983e+003	
  1.8540000000000000e+004	  2.9172984512617013e+003	 -4.0795179768205153e+003	
  1.8570000000000000e+004	  2.9145799299804494e+003	 -4.1127056834062323e+003	
  1.8600000000000000e+004	  2.9118614086991970e+003	 -4.1458933899919493e+003	
  1.8630000000000000e+004	  2.9057682088740153e+003	 -4.1504508238553844e+003	
  1.8660000000000000e+004	  2.9012053490976982e+003	 -4.1454304225670267e+003	
  1.8690000000000000e+004	  2.8963279065135939e+003	 -4.1300549615659156e+003	
  1.8720000000000000e+004	  2.8954090080125602e+003	 -4.1376587758386240e+003	
  1.8750000000000000e+004	  2.8944901095115270e+003	 -4.1452625901113315e+003	
  1.8780000000000000e+004	  2.8935712110104937e+003	 -4.1528664043840399e+003	
  1.8810000000000000e+004	  2.8926523125094604e+003	 -4.1604702186567492e+003	
  1.8840000000000000e+004	  2.8917334140084267e+003	 -4.1680740329294576e+003	
  1.8870000000000000e+004	  2.8908145155073939e+003	 -4.1756778472021651e+003	
  1.8900000000000000e+004	  2.9014305558041133e+003	 -4.1608589718796648e+003	
  1.8930000000000000e+004	  2.8983755950504828e+003	 -4.1485027743011351e+003	
  1.8960000000000000e+004	  2.8974747724999688e+003	 -4.1460983259923696e+003	
  1.8990000000000000e+004	  2.8982189308361885e+003	 -4.1465213300993173e+003	
  1.9020000000000000e+004	  2.8987868396266435e+003	 -4.1444730953645394e+003	
  1.9050000000000000e+004	  2.8964956188278520e+003	 -4.1485695642571281e+003	
  1.9080000000000000e+004	  2.8894652913620789e+003	 -4.1489035160293324e+003	
  1.9110000000000000e+004	  2.8996093288751472e+003	 -4.1446734658324249e+003	
  1.9140000000000000e+004	  2.9102821115436914e+003	 -4.1432708703037306e+003	
  1.9170000000000000e+004	  2.8943610622198030e+003	 -4.1264174619539508e+003	
  1.9200000000000000e+004	  2.9143553913923461e+003	 -4.1011262176081364e+003	
  1.9230000000000000e+004	  2.9343497216391065e+003	 -4.0978757582679555e+003	
  1.9260000000000000e+004	  2.9551273758326442e+003	 -4.0990557189482388e+003	
  1.9290000000000000e+004	  2.9551665414710105e+003	 -4.1002134162969214e+003	
  1.9320000000000000e+004	  2.9561065297401992e+003	 -4.0994341963124434e+003	
  1.9350000000000000e+004	  2.9586914966336949e+003	 -4.1001020985472151e+003	
  1.9380000000000000e+004	  2.9815449582864144e+003	 -4.1079610863076741e+003	
  1.9410000000000000e+004	  2.9909056720154922e+003	 -4.1104100625236661e+003	
  1.9440000000000000e+004	  2.9927856485181428e+003	 -4.1080501399617160e+003	
  1.9470000000000000e+004	  2.9943131294431428e+003	 -4.1061800134156183e+003	
  1.9500000000000000e+004	  2.9959972744009879e+003	 -4.1050891040064280e+003	
  1.9530000000000000e+004	  2.9987389066213022e+003	 -4.1086067261440840e+003	
  1.9560000000000000e+004	  2.9962322709589616e+003	 -4.1109889124550391e+003	
  1.9590000000000000e+004	  2.9959972737837647e+003	 -4.1123247165560233e+003	
  1.9620000000000000e+004	  2.9966043497010187e+003	 -4.1114341806715192e+003	
  1.9650000000000000e+004	  2.9968589291136605e+003	 -4.1100538484407152e+003	
  1.9680000000000000e+004	  2.9771779293703071e+003	 -4.1067365977201471e+003	
  1.9710000000000000e+004	  2.9526011575402895e+003	 -4.1054898471778051e+003	
  1.9740000000000000e+004	  2.9189378341181459e+003	 -4.1110557016253024e+003	
  1.9770000000000000e+004	  2.9090875418234705e+003	 -4.1042430954555275e+003	
  1.9800000000000000e+004	  2.9133958210566620e+003	 -4.0907514635443340e+003	
  1.9830000000000000e+004	  2.9138658157615428e+003	 -4.0896160283998602e+003	
  1.9860000000000000e+004	  2.9140616462272301e+003	 -4.0891262338629604e+003	
  1.9890000000000000e+004	  2.9136308177732221e+003	 -4.0897496094261733e+003	
  1.9920000000000000e+004	  2.9138266487287319e+003	 -4.0889926524789757e+003	
  1.9950000000000000e+004	  2.9135329024748125e+003	 -4.0885251214475734e+003	
  1.9980000000000000e+004	  2.9150407997563429e+003	 -4.0886809652724210e+003	
  2.0010000000000000e+004	  2.9153737131907210e+003	 -4.0886587017960860e+003	
  2.0040000000000000e+004	  2.9147666367781153e+003	 -4.0880353256226140e+003	
  2.0070000000000000e+004	  2.9149428841173876e+003	 -4.0875010028627521e+003	
  2.0100000000000000e+004	  2.9152170474382706e+003	 -4.0874119500498077e+003	
  2.0130000000000000e+004	  2.9145120568090178e+003	 -4.0877459002795249e+003	
  2.0160000000000000e+004	  2.9141203945087536e+003	 -4.0879017450351980e+003	
  2.0190000000000000e+004	  2.9141203957158059e+003	 -4.0880130609102962e+003	
  2.0220000000000000e+004	  2.9139637308367696e+003	 -4.0882134324377416e+003	
  2.0250000000000000e+004	  2.9139441484243093e+003	 -4.0890371799341797e+003	
  2.0280000000000000e+004	  2.9141987274539324e+003	 -4.0896828199496572e+003	
  2.0310000000000000e+004	  2.9149233012700415e+003	 -4.0910854147781984e+003	
  2.0340000000000000e+004	  2.9151582987006195e+003	 -4.0917533161710758e+003	
  2.0370000000000000e+004	  2.9152170484006042e+003	 -4.0914861550100877e+003	
  2.0400000000000000e+004	  2.9157457912961163e+003	 -4.0909740975815757e+003	
  2.0430000000000000e+004	  2.9156870421671483e+003	 -4.0903952486630928e+003	
  2.0460000000000000e+004	  2.9152170484006042e+003	 -4.0896382929238912e+003	
  2.0490000000000000e+004	  2.9096750346654485e+003	 -4.1000353097344796e+003	
  2.0520000000000000e+004	  2.8933427416248733e+003	 -4.1216085625098367e+003	
  2.0550000000000000e+004	  2.8991393346444029e+003	 -4.1233896367810767e+003	
  2.0580000000000000e+004	  2.9051121751472265e+003	 -4.1211855591545454e+003	
  2.0610000000000000e+004	  2.9029580369802052e+003	 -4.1207180257336277e+003	
  2.0640000000000000e+004	  2.8998247440748610e+003	 -4.1180686794230905e+003	
  2.0670000000000000e+004	  2.8990610018439488e+003	 -4.1166883474877413e+003	
  2.0700000000000000e+004	  2.8967893639770455e+003	 -4.1230111591227414e+003	
  2.0730000000000000e+004	  2.8939302337857202e+003	 -4.1238349050698716e+003	
  2.0760000000000000e+004	  2.8862340822403980e+003	 -4.1087848334034697e+003	
  2.0790000000000000e+004	  2.8674147360874495e+003	 -4.0972969074643815e+003	
  2.0820000000000000e+004	  2.8902681977973075e+003	 -4.0927106433563131e+003	
  2.0850000000000000e+004	  2.9255373334359210e+003	 -4.0951818837538858e+003	
  2.0880000000000000e+004	  2.9615506268523022e+003	 -4.0960946845556691e+003	
  2.0910000000000000e+004	  2.9998355589847974e+003	 -4.1049332615795784e+003	
  2.0940000000000000e+004	  3.0385121516305180e+003	 -4.1059128523041800e+003	
  2.0970000000000000e+004	  3.0745841955316764e+003	 -4.0981874456939886e+003	
  2.1000000000000000e+004	  3.1106170727392164e+003	 -4.0995232508916406e+003	
  2.1030000000000000e+004	  3.1207219454562537e+003	 -4.1106994883704110e+003	
  2.1060000000000000e+004	  3.1207219445573319e+003	 -4.1127477226241763e+003	
  2.1090000000000000e+004	  3.1217206818194372e+003	 -4.1125918780641296e+003	
  2.1120000000000000e+004	  3.1215444343288764e+003	 -4.1129035664706071e+003	
  2.1150000000000000e+004	  3.1212115220049909e+003	 -4.1131262002578924e+003	
  2.1180000000000000e+004	  3.1247364768231419e+003	 -4.1038423543104336e+003	
  2.1210000000000000e+004	  3.1527207051582436e+003	 -4.0905510927699497e+003	
  2.1240000000000000e+004	  3.1725387877478302e+003	 -4.0844509148190018e+003	
  2.1270000000000000e+004	  3.1794711998878438e+003	 -4.0833822722872583e+003	
  2.1300000000000000e+004	  3.1898306516376001e+003	 -4.0803099201571035e+003	
  2.1330000000000000e+004	  3.1983884607658501e+003	 -4.0759017625808419e+003	
  2.1360000000000000e+004	  3.2036758932864668e+003	 -4.0705362771032060e+003	
  2.1390000000000000e+004	  3.2085912484507903e+003	 -4.0737644735894983e+003	
  2.1420000000000000e+004	  3.2087087464337046e+003	 -4.0698015852367789e+003	
  2.1450000000000000e+004	  3.2249431242178098e+003	 -4.0725177228253742e+003	
  2.1480000000000000e+004	  3.2356550709885873e+003	 -4.0819128854011678e+003	
  2.1510000000000000e+004	  3.2423916523622479e+003	 -4.0710705997707714e+003	
  2.1540000000000000e+004	  3.2447807889566461e+003	 -4.0740538965802248e+003	
  2.1570000000000000e+004	  3.2431553936855044e+003	 -4.0736086296683980e+003	
  2.1600000000000000e+004	  3.2401200150594800e+003	 -4.0576234941644821e+003	
  2.1630000000000000e+004	  3.2593897709270932e+003	 -4.0389890109456255e+003	
  2.1660000000000000e+004	  3.2802653396535366e+003	 -4.0154565767511449e+003	
  2.1690000000000000e+004	  3.2991825992621075e+003	 -3.9926143075564760e+003	
  2.1720000000000000e+004	  3.2995742614104465e+003	 -3.9777200799024672e+003	
  2.1750000000000000e+004	  3.2918585259758283e+003	 -3.9578165828010024e+003	
  2.1780000000000000e+004	  3.2761528910816683e+003	 -3.9292971411260341e+003	
  2.1810000000000000e+004	  3.2621509853431030e+003	 -3.9028927257569862e+003	
  2.1840000000000000e+004	  3.2772495443741186e+003	 -3.8837461843721198e+003	
  2.1870000000000000e+004	  3.2944434936780149e+003	 -3.8797387687844121e+003	
  2.1900000000000000e+004	  3.3050771080681566e+003	 -3.8841914527233048e+003	
  2.1930000000000000e+004	  3.3026683891050016e+003	 -3.8973713970268459e+003	
  2.1960000000000000e+004	  3.3039021237132206e+003	 -3.8976385578296404e+003	
  2.1990000000000000e+004	  3.3021396461486775e+003	 -3.8946775233813473e+003	
  2.2020000000000000e+004	  3.3061541780661573e+003	 -3.8948333675219110e+003	
  2.2050000000000000e+004	  3.3003575842878731e+003	 -3.8890226145713227e+003	
  2.2080000000000000e+004	  3.3016696518479612e+003	 -3.8911821671337975e+003	
  2.2110000000000000e+004	  3.3067025046845229e+003	 -3.8931190848053025e+003	
  2.2140000000000000e+004	  3.2931705927310568e+003	 -3.8770003684091234e+003	
  2.2170000000000000e+004	  3.3094049703600949e+003	 -3.8828111211538758e+003	
  2.2200000000000000e+004	  3.3124011832325182e+003	 -3.8892452488092540e+003	
  2.2230000000000000e+004	  3.3124011832325177e+003	 -3.8892452488092536e+003	
  2.2260000000000000e+004	  3.3124011832325177e+003	 -3.8892452488092536e+003	
  2.2290000000000000e+004	  3.3124011832325177e+003	 -3.8892452488092536e+003	
  2.2320000000000000e+004	  3.3124011832325177e+003	 -3.8892452488092536e+003	
  2.2350000000000000e+004	  3.3124011832325177e+003	 -3.8892452488092536e+003	
  2.2380000000000000e+004	  3.3124011832325177e+003	 -3.8892452488092536e+003	
  2.2410000000000000e+004	  3.3124011832325177e+003	 -3.8892452488092536e+003	
  2.2440000000000000e+004	  3.3124011832325177e+003	 -3.8892452488092536e+003	
  2.2470000000000000e+004	  3.3124011832325177e+003	 -3.8892452488092536e+003	
  2.2500000000000000e+004	  3.3124011832325177e+003	 -3.8892452488092536e+003	
  2.2530000000000000e+004	  3.3124011832325177e+003	 -3.8892452488092536e+003	
  2.2560000000000000e+004	  3.3124011832325177e+003	 -3.8892452488092536e+003	
  2.2590000000000000e+004	  3.3124011832325177e+003	 -3.8892452488092536e+003	
  2.2620000000000000e+004	  3.3124011832325177e+003	 -3.8892452488092536e+003	
  2.2650000000000000e+004	  3.3124011832325177e+003	 -3.8892452488092536e+003	
  2.2680000000000000e+004	  3.3124011832325177e+003	 -3.8892452488092536e+003	
  2.2710000000000000e+004	  3.3124011832325177e+003	 -3.8892452488092536e+003	
  2.2740000000000000e+004	  3.3025146556262889e+003	 -3.8871753235268725e+003	
  2.2770000000000000e+004	  3.2631677929360012e+003	 -3.8789373385528875e+003	
  2.2800000000000000e+004	  3.3032950480864411e+003	 -3.8534568008666165e+003	
  2.2830000000000000e+004	  3.3057037668574667e+003	 -3.8654567854763650e+003	
  2.2860000000000000e+004	  3.3128711763690908e+003	 -3.8776126125090718e+003	
  2.2890000000000000e+004	  3.3036475429181178e+003	 -3.8781469335963093e+003	
  2.2920000000000000e+004	  3.3003282099512157e+003	 -3.8887665848211172e+003	
  2.2950000000000000e+004	  3.2755262332914535e+003	 -3.8960244595134463e+003	
  2.2980000000000000e+004	  3.2541023365837191e+003	 -3.8702211568046250e+003	
  2.3010000000000000e+004	  3.2443891269104047e+003	 -3.8422137737416560e+003	
  2.3040000000000000e+004	  3.2359488174892695e+003	 -3.8189707637042302e+003	
  2.3070000000000000e+004	  3.2252466610620859e+003	 -3.8057128977880884e+003	
  2.3100000000000000e+004	  3.2187059109925854e+003	 -3.7988112377376187e+003	
  2.3130000000000000e+004	  3.2170903070471372e+003	 -3.7966739484355589e+003	
  2.3160000000000000e+004	  3.2187157036247236e+003	 -3.7978984374990578e+003	
  2.3190000000000000e+004	  3.2158076150825923e+003	 -3.7843066192050437e+003	
  2.3220000000000000e+004	  3.2057125342591339e+003	 -3.7627890246865745e+003	
  2.3250000000000000e+004	  3.2032156902354518e+003	 -3.7582472867608290e+003	
  2.3280000000000000e+004	  3.1939626833566094e+003	 -3.7429745790967572e+003	
  2.3310000000000000e+004	  3.1779045536900239e+003	 -3.7256647709070430e+003	
  2.3340000000000000e+004	  3.1430172875486214e+003	 -3.7149115382585123e+003	
  2.3370000000000000e+004	  3.1479913915467391e+003	 -3.6850228983165680e+003	
  2.3400000000000000e+004	  3.1481872220220412e+003	 -3.6568040136450277e+003	
  2.3430000000000000e+004	  3.1457491282465512e+003	 -3.6547001200800455e+003	
  2.3460000000000000e+004	  3.1172347557135367e+003	 -3.6994615207505076e+003	
  2.3490000000000000e+004	  3.1582137616700084e+003	 -3.6435795431095371e+003	
  2.3520000000000000e+004	  3.1566862794874378e+003	 -3.6482103322566822e+003	
  2.3550000000000000e+004	  3.1558246248034511e+003	 -3.6495350062974967e+003	
  2.3580000000000000e+004	  3.1366332024329849e+003	 -3.6492455817606360e+003	
  2.3610000000000000e+004	  3.1162961672025544e+003	 -3.6133346860450706e+003	
  2.3640000000000000e+004	  3.1342440645760771e+003	 -3.5834126496862496e+003	
  2.3670000000000000e+004	  3.1307876496492563e+003	 -3.5552382912131930e+003	
  2.3700000000000000e+004	  3.1705608966589944e+003	 -3.5251158842296923e+003	
  2.3730000000000000e+004	  3.1944228848685339e+003	 -3.5203960385866694e+003	
  2.3760000000000000e+004	  3.1923666612978809e+003	 -3.5284887916903563e+003	
  2.3790000000000000e+004	  3.1814490912436263e+003	 -3.5111789829899412e+003	
  2.3820000000000000e+004	  3.1578416828133354e+003	 -3.4839953479113960e+003	
  2.3850000000000000e+004	  3.1354582160351538e+003	 -3.4510677499468925e+003	
  2.3880000000000000e+004	  3.1195665416735328e+003	 -3.4404926249833707e+003	
  2.3910000000000000e+004	  3.0837099130868419e+003	 -3.4403367808749185e+003	
  2.3940000000000000e+004	  3.0264000145210321e+003	 -3.4214573998782835e+003	
  2.3970000000000000e+004	  3.0250683642920476e+003	 -3.3906670892298243e+003	
  2.4000000000000000e+004	  3.0351438612114380e+003	 -3.3469306024907032e+003	
  2.4030000000000000e+004	  3.0337632550804055e+003	 -3.3049195284975744e+003	
  2.4060000000000000e+004	  3.0113895787991655e+003	 -3.2667155008230447e+003	
  2.4090000000000000e+004	  3.0039969640326062e+003	 -3.2361589578505600e+003	
  2.4120000000000000e+004	  3.0029296866629211e+003	 -3.2085523142586399e+003	
  2.4150000000000000e+004	  3.0023911523109755e+003	 -3.1678325214996248e+003	
  2.4180000000000000e+004	  3.0018428252796525e+003	 -3.1506562921851410e+003	
  2.4210000000000000e+004	  2.9973093416062316e+003	 -3.1036470807461496e+003	
  2.4240000000000000e+004	  2.9913169166370799e+003	 -3.0649977833119474e+003	
  2.4270000000000000e+004	  2.9909937955381474e+003	 -3.0223410725880422e+003	
  2.4300000000000000e+004	  2.9897796447626879e+003	 -2.9836806431211712e+003	
  2.4330000000000000e+004	  2.9919925327003502e+003	 -2.9405118723600690e+003	
  2.4360000000000000e+004	  2.9918848268394531e+003	 -2.8988347494307736e+003	
  2.4390000000000000e+004	  2.9880661256692588e+003	 -2.8552986302695044e+003	
  2.4420000000000000e+004	  2.9874100924593790e+003	 -2.8114174315187092e+003	
  2.4450000000000000e+004	  2.9700692696498004e+003	 -2.7870278549260101e+003	
  2.4480000000000000e+004	  2.9291308293995889e+003	 -2.7846234047673242e+003	
  2.4510000000000000e+004	  2.8904934025347184e+003	 -2.7762523602117335e+003	
  2.4540000000000000e+004	  2.8693436703738589e+003	 -2.7579406964324789e+003	
  2.4570000000000000e+004	  2.8502403704365183e+003	 -2.7722115474762104e+003	
  2.4600000000000000e+004	  2.8186626465592699e+003	 -2.7814397363792968e+003	
  2.4630000000000000e+004	  2.8125429318063839e+003	 -2.7873840687281790e+003	
  2.4660000000000000e+004	  2.8142270775494012e+003	 -2.7869499323262744e+003	
  2.4690000000000000e+004	  2.8119652305821501e+003	 -2.7825083795341984e+003	
  2.4720000000000000e+004	  2.8280037785047107e+003	 -2.7790798128534698e+003	
  2.4750000000000000e+004	  2.8560859210446406e+003	 -2.7793247104358534e+003	
  2.4780000000000000e+004	  2.8898177859884563e+003	 -2.7775547687286953e+003	
  2.4810000000000000e+004	  2.9268004426389571e+003	 -2.7798924292924535e+003	
  2.4840000000000000e+004	  2.9641258041721107e+003	 -2.7794471595266195e+003	
  2.4870000000000000e+004	  2.9907392166858363e+003	 -2.7789017052965369e+003	
  2.4900000000000000e+004	  2.9947047908719956e+003	 -2.7820297173279364e+003	
  2.4930000000000000e+004	  2.9992872335490924e+003	 -2.7582969114627376e+003	
  2.4960000000000000e+004	  2.9999138908289592e+003	 -2.7789351027228490e+003	
  2.4990000000000000e+004	  3.0026946898234719e+003	 -2.9486936779830617e+003	
  2.5020000000000000e+004	  2.9984157839147138e+003	 -3.0867491445113506e+003	
  2.5050000000000000e+004	  2.9122012527185007e+003	 -3.1042036680154661e+003	
  2.5080000000000000e+004	  2.9831409789209074e+003	 -3.1114392786225590e+003	
  2.5110000000000000e+004	  2.9810357959271582e+003	 -3.1482852400683928e+003	
  2.5140000000000000e+004	  2.9950866609661598e+003	 -3.1550199211903409e+003	
  2.5170000000000000e+004	  2.9952824921029760e+003	 -3.1864113446346082e+003	
  2.5200000000000000e+004	  2.9910721284423876e+003	 -3.1788083864650180e+003	
  2.5230000000000000e+004	  2.9973289242681481e+003	 -3.1973204213228951e+003	
  2.5260000000000000e+004	  2.9962714381569458e+003	 -3.2018955527398316e+003	
  2.5290000000000000e+004	  3.0024205260081553e+003	 -3.2183148251114917e+003	
  2.5320000000000000e+004	  3.0167455538148924e+003	 -3.2515207172538603e+003	
  2.5350000000000000e+004	  3.0249802411183100e+003	 -3.2856728027296203e+003	
  2.5380000000000000e+004	  3.0324609786928218e+003	 -3.3121885360344568e+003	
  2.5410000000000000e+004	  3.0333030526839020e+003	 -3.3549676969613874e+003	
  2.5440000000000000e+004	  3.0232960952185872e+003	 -3.3939064194024709e+003	
  2.5470000000000000e+004	  3.0279372869094286e+003	 -3.4253646313103172e+003	
  2.5500000000000000e+004	  3.0492143093326322e+003	 -3.4355278819032719e+003	
  2.5530000000000000e+004	  3.0846596935436851e+003	 -3.4304518211615223e+003	
  2.5560000000000000e+004	  3.1433404079348470e+003	 -3.4505556901490309e+003	
  2.5590000000000000e+004	  3.1683480064138153e+003	 -3.4897170467045462e+003	
  2.5620000000000000e+004	  3.1839948933624023e+003	 -3.5028190682296199e+003	
  2.5650000000000000e+004	  3.1896935705432143e+003	 -3.5063032947234269e+003	
  2.5680000000000000e+004	  3.1882150476455558e+003	 -3.5214869458806957e+003	
  2.5710000000000000e+004	  3.1902908554670557e+003	 -3.5135611691191880e+003	
  2.5740000000000000e+004	  3.1957055782726216e+003	 -3.5221771117779040e+003	
  2.5770000000000000e+004	  3.1947753818433353e+003	 -3.5217763699800694e+003	
  2.5800000000000000e+004	  3.1980653391047463e+003	 -3.5214869458806957e+003	
  2.5830000000000000e+004	  3.1941976804326846e+003	 -3.5098877035445739e+003	
  2.5860000000000000e+004	  3.1920533322578112e+003	 -3.5096094121554938e+003	
  2.5890000000000000e+004	  3.1903985615064094e+003	 -3.5044331671756954e+003	
  2.5920000000000000e+004	  3.1883031714307508e+003	 -3.5208524395691543e+003	
  2.5950000000000000e+004	  3.1959797402372328e+003	 -3.5134721153830660e+003	
  2.5980000000000000e+004	  3.1869029803368326e+003	 -3.5094424371285377e+003	
  2.6010000000000000e+004	  3.1933751917443674e+003	 -3.5109674823972719e+003	
  2.6040000000000000e+004	  3.1815470072836515e+003	 -3.5072272264088970e+003	
  2.6070000000000000e+004	  3.1692488296250840e+003	 -3.5204962241306748e+003	
  2.6100000000000000e+004	  3.1735962746250916e+003	 -3.5064146119395759e+003	
  2.6130000000000000e+004	  3.1815665897136614e+003	 -3.5030083076033734e+003	
  2.6160000000000000e+004	  3.1757797890958332e+003	 -3.5050676735843685e+003	
  2.6190000000000000e+004	  3.1678192644159999e+003	 -3.4992680532798818e+003	
  2.6220000000000000e+004	  3.1638438976820198e+003	 -3.5196390833102259e+003	
  2.6250000000000000e+004	  3.1653615882330023e+003	 -3.5291678268972719e+003	
  2.6280000000000000e+004	  3.1831724023070192e+003	 -3.5127485552041676e+003	
  2.6310000000000000e+004	  3.1899775241853613e+003	 -3.5408115948138047e+003	
  2.6340000000000000e+004	  3.1901048141307210e+003	 -3.5433830196511344e+003	
