  0.0000000000000000e+000	  3.1508407297669305e+003	 -3.3571495142425624e+003	
  3.0000000000000000e+001	  3.1392867088539015e+003	 -3.3685038570961628e+003	
  6.0000000000000000e+001	  3.1443783113543805e+003	 -3.3680585890779539e+003	
  9.0000000000000000e+001	  3.1437908193024227e+003	 -3.3709528329232744e+003	
  1.2000000000000000e+002	  3.1439866487770710e+003	 -3.3687264904852623e+003	
  1.5000000000000000e+002	  3.1437908193024227e+003	 -3.3690604418049015e+003	
  1.8000000000000000e+002	  3.1433012410903980e+003	 -3.3685038570961628e+003	
  2.1000000000000000e+002	  3.1433012410903980e+003	 -3.3685038570961628e+003	
  2.4000000000000000e+002	  3.1430074957804054e+003	 -3.3689491239079857e+003	
  2.7000000000000000e+002	  3.1425179191278212e+003	 -3.3697283443352935e+003	
  3.0000000000000000e+002	  3.1435949876852151e+003	 -3.3720660047281299e+003	
  3.3000000000000000e+002	  3.1430074957804054e+003	 -3.3718433694965815e+003	
  3.6000000000000000e+002	  3.1432033266425324e+003	 -3.3696170270584130e+003	
  3.9000000000000000e+002	  3.1432033266425324e+003	 -3.3680585890779539e+003	
  4.2000000000000000e+002	  3.1444762265575009e+003	 -3.3682812223998735e+003	
  4.5000000000000000e+002	  3.1445741415841717e+003	 -3.3695057114653155e+003	
  4.8000000000000000e+002	  3.1437908193024227e+003	 -3.3699509785791115e+003	
  5.1000000000000000e+002	  3.1427137488814824e+003	 -3.3705075641677067e+003	
  5.4000000000000000e+002	  3.1436929028637819e+003	 -3.3715094192234342e+003	
  5.7000000000000000e+002	  3.1443783113543805e+003	 -3.3700622968861812e+003	
  6.0000000000000000e+002	  3.1430074957804054e+003	 -3.3692830759481822e+003	
  6.3000000000000000e+002	  3.1427137488814824e+003	 -3.3695057114653155e+003	
  6.6000000000000000e+002	  3.1415387640763092e+003	 -3.3685038570961628e+003	
  6.9000000000000000e+002	  3.1431054120181821e+003	 -3.3702849305101554e+003	
  7.2000000000000000e+002	  3.1434970737668409e+003	 -3.3715094192234342e+003	
  7.5000000000000000e+002	  3.1440845646861558e+003	 -3.3711754666814304e+003	
  7.8000000000000000e+002	  3.1447699739804680e+003	 -3.3712867834056374e+003	
  8.1000000000000000e+002	  3.1441824804187245e+003	 -3.3705075641677067e+003	
  8.4000000000000000e+002	  3.1434970737668409e+003	 -3.3679472702505595e+003	
  8.7000000000000000e+002	  3.1409512714799071e+003	 -3.3626040501433895e+003	
  9.0000000000000000e+002	  3.1423220872306979e+003	 -3.3691717587047929e+003	
  9.3000000000000000e+002	  3.1413429329589671e+003	 -3.3686151736189231e+003	
  9.6000000000000000e+002	  3.1423220872306979e+003	 -3.3710641503005513e+003	
  9.9000000000000000e+002	  3.1421262560643681e+003	 -3.3701736141964961e+003	
  1.0200000000000000e+003	  3.1412450178541721e+003	 -3.3662775129813913e+003	
  1.0500000000000000e+003	  3.1417345944871272e+003	 -3.3678359531076812e+003	
  1.0800000000000000e+003	  3.1424200032675676e+003	 -3.3693943948754131e+003	
  1.1100000000000000e+003	  3.1427137488814824e+003	 -3.3716207369773751e+003	
  1.1400000000000000e+003	  3.1418325087088988e+003	 -3.3707301978588293e+003	
  1.1700000000000000e+003	  3.1404616935317094e+003	 -3.3698396606153892e+003	
  1.2000000000000000e+003	  3.1397762858991068e+003	 -3.3722886386537971e+003	
  1.2300000000000000e+003	  3.1371325691474544e+003	 -3.3709528329232744e+003	
  1.2600000000000000e+003	  3.1381117246183226e+003	 -3.3696170270584130e+003	
  1.2900000000000000e+003	  3.1398742022163265e+003	 -3.3701736141964961e+003	
  1.3200000000000000e+003	  3.1397762858991068e+003	 -3.3700622968861812e+003	
  1.3500000000000000e+003	  3.1404616935317094e+003	 -3.3703962471672371e+003	
  1.3800000000000000e+003	  3.1402658628412341e+003	 -3.3707301978588293e+003	
  1.4100000000000000e+003	  3.1400700328821799e+003	 -3.3706188815115315e+003	
  1.4400000000000000e+003	  3.1397762858991068e+003	 -3.3703962471672371e+003	
  1.4700000000000000e+003	  3.1397762858991068e+003	 -3.3699509785791115e+003	
  1.5000000000000000e+003	  3.1398742022163265e+003	 -3.3698396606153892e+003	
  1.5300000000000000e+003	  3.1400700328821799e+003	 -3.3693943948754131e+003	
  1.5600000000000000e+003	  3.1397762858991068e+003	 -3.3693943948754131e+003	
  1.5900000000000000e+003	  3.1395804556112544e+003	 -3.3692830759481822e+003	
  1.6200000000000000e+003	  3.1390908782371412e+003	 -3.3690604418049015e+003	
  1.6500000000000000e+003	  3.1398742022163265e+003	 -3.3697283443352935e+003	
  1.6800000000000000e+003	  3.1401679486691601e+003	 -3.3699509785791115e+003	
  1.7100000000000000e+003	  3.1399721169184550e+003	 -3.3698396606153892e+003	
  1.7400000000000000e+003	  3.1402658628412341e+003	 -3.3696170270584130e+003	
  1.7700000000000000e+003	  3.1401679486691601e+003	 -3.3693943948754131e+003	
  1.8000000000000000e+003	  3.1399721169184550e+003	 -3.3689491239079857e+003	
  1.8300000000000000e+003	  3.1410491871146592e+003	 -3.3691717587047929e+003	
  1.8600000000000000e+003	  3.1413429329589671e+003	 -3.3701736141964961e+003	
  1.8900000000000000e+003	  3.1414408478871419e+003	 -3.3705075641677067e+003	
  1.9200000000000000e+003	  3.1414408478871419e+003	 -3.3709528329232744e+003	
  1.9500000000000000e+003	  3.1416366786512499e+003	 -3.3702849305101554e+003	
  1.9800000000000000e+003	  3.1415387640763092e+003	 -3.3695057114653155e+003	
  2.0100000000000000e+003	  3.1411471025727424e+003	 -3.3696170270584130e+003	
  2.0400000000000000e+003	  3.1417345944871272e+003	 -3.3693943948754131e+003	
  2.0700000000000000e+003	  3.1416366786512499e+003	 -3.3689491239079857e+003	
  2.1000000000000000e+003	  3.1411471025727424e+003	 -3.3699509785791115e+003	
  2.1300000000000000e+003	  3.1412450178541721e+003	 -3.3703962471672371e+003	
  2.1600000000000000e+003	  3.1413429329589671e+003	 -3.3691717587047929e+003	
  2.1900000000000000e+003	  3.1403637782748192e+003	 -3.3663888306777026e+003	
  2.2200000000000000e+003	  3.1406575249534703e+003	 -3.3671680521029898e+003	
  2.2500000000000000e+003	  3.1410491871146592e+003	 -3.3671680521029898e+003	
  2.2800000000000000e+003	  3.1407554411182837e+003	 -3.3667227831459873e+003	
  2.3100000000000000e+003	  3.1402658628412341e+003	 -3.3676133211939668e+003	
  2.3400000000000000e+003	  3.1404616935317094e+003	 -3.3683925382354619e+003	
  2.3700000000000000e+003	  3.1411471025727424e+003	 -3.3698396606153892e+003	
  2.4000000000000000e+003	  3.1415387640763092e+003	 -3.3719546869407668e+003	
  2.4300000000000000e+003	  3.1412450178541721e+003	 -3.3709528329232744e+003	
  2.4600000000000000e+003	  3.1428116642120276e+003	 -3.3683925382354619e+003	
  2.4900000000000000e+003	  3.1410491871146592e+003	 -3.3713981018127188e+003	
  2.5200000000000000e+003	  3.1412450178541721e+003	 -3.3708415158893054e+003	
  2.5500000000000000e+003	  3.1424200032675676e+003	 -3.3681699055671006e+003	
  2.5800000000000000e+003	  3.1419304256289679e+003	 -3.3702849305101554e+003	
  2.6100000000000000e+003	  3.1417345944871272e+003	 -3.3692830759481822e+003	
  2.6400000000000000e+003	  3.1496657440667027e+003	 -3.3647190744988238e+003	
  2.6700000000000000e+003	  3.1461407881725486e+003	 -3.3691717587047929e+003	
  2.7000000000000000e+003	  3.1439866487770710e+003	 -3.3699509785791115e+003	
  2.7300000000000000e+003	  3.1521136302740156e+003	 -3.3875390811657508e+003	
  2.7600000000000000e+003	  3.1473157739867652e+003	 -3.4143665000773408e+003	
  2.7900000000000000e+003	  3.1375242308672296e+003	 -3.4350714802992302e+003	
  2.8200000000000000e+003	  3.1117724743239896e+003	 -3.4358507013567291e+003	
  2.8500000000000000e+003	  3.0984559764429291e+003	 -3.4282811389397102e+003	
  2.8800000000000000e+003	  3.0358880204780589e+003	 -3.4347375304658958e+003	
  2.9100000000000000e+003	  2.9909448384887146e+003	 -3.4390788965593269e+003	
  2.9400000000000000e+003	  2.9654868287843397e+003	 -3.4425297281807188e+003	
  2.9700000000000000e+003	  2.9074229784455097e+003	 -3.4524369479214820e+003	
  3.0000000000000000e+003	  2.8726630044664853e+003	 -3.4734758816812887e+003	
  3.0300000000000000e+003	  2.8563111273249788e+003	 -3.5129934513997346e+003	
  3.0600000000000000e+003	  2.8502403710728786e+003	 -3.5500620442686800e+003	
  3.0900000000000000e+003	  2.8358468024248432e+003	 -3.5304702370410591e+003	
  3.1200000000000000e+003	  2.8351613953237261e+003	 -3.5293570647014358e+003	
  3.1500000000000000e+003	  2.8340843263063398e+003	 -3.5286891624491773e+003	
  3.1800000000000000e+003	  2.8378051120179975e+003	 -3.5309155044098416e+003	
  3.2100000000000000e+003	  2.8418196453347350e+003	 -3.5280212604851026e+003	
  3.2400000000000000e+003	  2.8314406095129220e+003	 -3.5312494545409345e+003	
  3.2700000000000000e+003	  2.8339864103458240e+003	 -3.5251270155690977e+003	
  3.3000000000000000e+003	  2.8326155934299072e+003	 -3.5273533575290221e+003	
  3.3300000000000000e+003	  2.8307552012913666e+003	 -3.5303589197391707e+003	
  3.3600000000000000e+003	  2.8343780714196218e+003	 -3.5273533575290221e+003	
  3.3900000000000000e+003	  2.8333989184389307e+003	 -3.5283552119111032e+003	
  3.4200000000000000e+003	  2.8312447779773011e+003	 -3.5303589197391707e+003	
  3.4500000000000000e+003	  2.8308531173396550e+003	 -3.5318060420893271e+003	
  3.4800000000000000e+003	  2.8330072559073360e+003	 -3.5286891624491773e+003	
  3.5100000000000000e+003	  2.8331051722325778e+003	 -3.5269080899053183e+003	
  3.5400000000000000e+003	  2.8334968339806724e+003	 -3.5261288697912310e+003	
  3.5700000000000000e+003	  2.8336926644766618e+003	 -3.5265741371906824e+003	
  3.6000000000000000e+003	  2.8339864103458240e+003	 -3.5272420404510235e+003	
  3.6300000000000000e+003	  2.8336926644766618e+003	 -3.5276873094511566e+003	
  3.6600000000000000e+003	  2.8332030867678518e+003	 -3.5272420404510235e+003	
  3.6900000000000000e+003	  2.8336926644766618e+003	 -3.5270194059989226e+003	
  3.7200000000000000e+003	  2.8333010027013306e+003	 -3.5272420404510235e+003	
  3.7500000000000000e+003	  2.8337905794309499e+003	 -3.5266854548609695e+003	
  3.7800000000000000e+003	  2.8335947477327477e+003	 -3.5266854548609695e+003	
  3.8100000000000000e+003	  2.8337905794309499e+003	 -3.5275759913889628e+003	
  3.8400000000000000e+003	  2.8326155934299072e+003	 -3.5275759913889628e+003	
  3.8700000000000000e+003	  2.8327135105388638e+003	 -3.5271307237011388e+003	
  3.9000000000000000e+003	  2.8329093393861549e+003	 -3.5276873094511566e+003	
  3.9300000000000000e+003	  2.8357488868016344e+003	 -3.5254609670111831e+003	
  3.9600000000000000e+003	  2.8330072559073360e+003	 -3.5274646749351036e+003	
  3.9900000000000000e+003	  2.8363363791983611e+003	 -3.5240138445091725e+003	
  4.0200000000000000e+003	  2.8406446591805366e+003	 -3.5192272101029221e+003	
  4.0500000000000000e+003	  2.8366301267361791e+003	 -3.5218988211584578e+003	
  4.0800000000000000e+003	  2.8341822404775312e+003	 -3.5262401861487774e+003	
  4.1100000000000000e+003	  2.8347697325479480e+003	 -3.5269080899053183e+003	
  4.1400000000000000e+003	  2.8355530565608187e+003	 -3.5271307237011388e+003	
  4.1700000000000000e+003	  2.8341822404775312e+003	 -3.5290231146590736e+003	
  4.2000000000000000e+003	  2.8333010027013306e+003	 -3.5310268220714538e+003	
  4.2300000000000000e+003	  2.8344759881903419e+003	 -3.5289117965012510e+003	
  4.2600000000000000e+003	  2.8347697325479480e+003	 -3.5256836012391800e+003	
  4.2900000000000000e+003	  2.8345739031719290e+003	 -3.5262401861487774e+003	
  4.3200000000000000e+003	  2.8316364402645868e+003	 -3.5251270155690977e+003	
  4.3500000000000000e+003	  2.8317343561439238e+003	 -3.5262401861487774e+003	
  4.3800000000000000e+003	  2.8318322718272775e+003	 -3.5280212604851026e+003	
  4.4100000000000000e+003	  2.8314406095129220e+003	 -3.5225667223997693e+003	
  4.4400000000000000e+003	  2.8294823003515789e+003	 -3.5256836012391800e+003	
  4.4700000000000000e+003	  2.8261531763851599e+003	 -3.5250156986512798e+003	
  4.5000000000000000e+003	  2.8280135696732855e+003	 -3.5273533575290221e+003	
  4.5300000000000000e+003	  2.8264469228643516e+003	 -3.5280212604851026e+003	
  4.5600000000000000e+003	  2.8225303048630512e+003	 -3.5254609670111831e+003	
  4.5900000000000000e+003	  2.8241948661077149e+003	 -3.5275759913889628e+003	
  4.6200000000000000e+003	  2.8206699120042172e+003	 -3.5253496503896013e+003	
  4.6500000000000000e+003	  2.8216490677453548e+003	 -3.5254609670111831e+003	
  4.6800000000000000e+003	  2.8338884957831247e+003	 -3.5281325760190143e+003	
  4.7100000000000000e+003	  2.8378051120179975e+003	 -3.5272420404510235e+003	
  4.7400000000000000e+003	  2.8326155934299072e+003	 -3.5260175524811075e+003	
  4.7700000000000000e+003	  2.8345739031719290e+003	 -3.5211195981182136e+003	
  4.8000000000000000e+003	  2.8189074346112288e+003	 -3.5210082827718338e+003	
  4.8300000000000000e+003	  2.8171449575245565e+003	 -3.5210082827718338e+003	
  4.8600000000000000e+003	  2.8233136286667873e+003	 -3.5225667223997693e+003	
  4.8900000000000000e+003	  2.8357488868016344e+003	 -3.5257949188455314e+003	
  4.9200000000000000e+003	  2.8329093393861549e+003	 -3.5260175524811075e+003	
  4.9500000000000000e+003	  2.8378051120179975e+003	 -3.5279099439991769e+003	
  4.9800000000000000e+003	  2.8288948069904632e+003	 -3.5298023343090968e+003	
  5.0100000000000000e+003	  2.8327135105388638e+003	 -3.5288004799511482e+003	
  5.0400000000000000e+003	  2.8333989184389307e+003	 -3.5288004799511482e+003	
  5.0700000000000000e+003	  2.8347697325479480e+003	 -3.5290231146590736e+003	
  5.1000000000000000e+003	  2.8378051120179975e+003	 -3.5240138445091725e+003	
  5.1300000000000000e+003	  2.8329093393861549e+003	 -3.5259062354991975e+003	
  5.1600000000000000e+003	  2.8345739031719290e+003	 -3.5261288697912310e+003	
  5.1900000000000000e+003	  2.8368259574498779e+003	 -3.5220101365693517e+003	
  5.2200000000000000e+003	  2.8348676485355336e+003	 -3.5288004799511482e+003	
  5.2500000000000000e+003	  2.8335947477327477e+003	 -3.5288004799511482e+003	
  5.2800000000000000e+003	  2.8351613953237261e+003	 -3.5301362861188541e+003	
  5.3100000000000000e+003	  2.8395675896632679e+003	 -3.5298023343090968e+003	
  5.3400000000000000e+003	  2.8339864103458240e+003	 -3.5286891624491773e+003	
  5.3700000000000000e+003	  2.8400571658886643e+003	 -3.5382624338239434e+003	
  5.4000000000000000e+003	  2.8405467435903133e+003	 -3.5338097511797973e+003	
  5.4300000000000000e+003	  2.8356509741680688e+003	 -3.5264628198485339e+003	
  5.4600000000000000e+003	  2.8413300676119356e+003	 -3.5243477950702918e+003	
  5.4900000000000000e+003	  2.8513174400864791e+003	 -3.5304702370410591e+003	
  5.5200000000000000e+003	  2.8405467435903133e+003	 -3.5247930658006694e+003	
  5.5500000000000000e+003	  2.8406446591805366e+003	 -3.5244591138621572e+003	
  5.5800000000000000e+003	  2.8438758690004443e+003	 -3.5279099439991769e+003	
  5.6100000000000000e+003	  2.8452466846149664e+003	 -3.5332531635528107e+003	
  5.6400000000000000e+003	  2.8415258986511781e+003	 -3.5359247732039876e+003	
  5.6700000000000000e+003	  2.8547444807377187e+003	 -3.5100992070475390e+003	
  5.7000000000000000e+003	  2.8727609180101449e+003	 -3.4760361746537988e+003	
  5.7300000000000000e+003	  2.8890148790053631e+003	 -3.4525482660449966e+003	
  5.7600000000000000e+003	  2.9010584764486575e+003	 -3.4450900205387984e+003	
  5.7900000000000000e+003	  2.9510932608684593e+003	 -3.4112496225815376e+003	
  5.8200000000000000e+003	  2.9702846852462380e+003	 -3.4319546033833917e+003	
  5.8500000000000000e+003	  2.9943718786108852e+003	 -3.4420844580201056e+003	
  5.8800000000000000e+003	  3.0321672337421001e+003	 -3.4419731426325711e+003	
  5.9100000000000000e+003	  3.0602689599298460e+003	 -3.4388562645972384e+003	
  5.9400000000000000e+003	  3.0889581807688637e+003	 -3.4349601651042285e+003	
  5.9700000000000000e+003	  3.1291035042788553e+003	 -3.4355167497074140e+003	
  6.0000000000000000e+003	  3.1425179191278212e+003	 -3.4393015324939379e+003	
  6.0300000000000000e+003	  3.1546594308674967e+003	 -3.4401920686816034e+003	
  6.0600000000000000e+003	  3.1539740228191654e+003	 -3.4378544105041833e+003	
  6.0900000000000000e+003	  3.1565198238474291e+003	 -3.4429749958485968e+003	
  6.1200000000000000e+003	  3.1432033266425324e+003	 -3.4511011448129434e+003	
  6.1500000000000000e+003	  3.1354680072965812e+003	 -3.4784851515804075e+003	
  6.1800000000000000e+003	  3.1136328665839960e+003	 -3.5048673028323697e+003	
  6.2100000000000000e+003	  3.0924831369200087e+003	 -3.5249043820617935e+003	
  6.2400000000000000e+003	  3.0743687825224270e+003	 -3.5349229203232312e+003	
  6.2700000000000000e+003	  3.0765229217648916e+003	 -3.5372605791154219e+003	
  6.3000000000000000e+003	  3.0730958816634088e+003	 -3.5352568725955034e+003	
  6.3300000000000000e+003	  3.0743687825224270e+003	 -3.5395982391922621e+003	
  6.3600000000000000e+003	  3.0758375132175561e+003	 -3.5367039931261670e+003	
  6.3900000000000000e+003	  3.0463649700384308e+003	 -3.5433830196511344e+003	
  6.4200000000000000e+003	  3.0187528193656417e+003	 -3.5496167777842597e+003	
  6.4500000000000000e+003	  3.0205152984007882e+003	 -3.5588560978749174e+003	
  6.4800000000000000e+003	  3.0200257209640963e+003	 -3.5790044923618525e+003	
  6.5100000000000000e+003	  3.0133674711759613e+003	 -3.6050526940802615e+003	
  6.5400000000000000e+003	  3.0129758091784752e+003	 -3.6404515309250510e+003	
  6.5700000000000000e+003	  3.0206132127389396e+003	 -3.6578169986040793e+003	
  6.6000000000000000e+003	  3.0474420403635545e+003	 -3.6788559308678950e+003	
  6.6300000000000000e+003	  3.0804395371150331e+003	 -3.6946629587995567e+003	
  6.6600000000000000e+003	  3.0666334636004908e+003	 -3.7154792555497470e+003	
  6.6900000000000000e+003	  3.0671230404066050e+003	 -3.7106926207351826e+003	
  6.7200000000000000e+003	  3.0629126754791287e+003	 -3.7121397450764607e+003	
  6.7500000000000000e+003	  3.0671230404066050e+003	 -3.7163697930743656e+003	
  6.7800000000000000e+003	  3.0693750952413170e+003	 -3.7063512548157014e+003	
  6.8100000000000000e+003	  3.0692771796912421e+003	 -3.7105813036015697e+003	
  6.8400000000000000e+003	  3.0702563344134251e+003	 -3.7140321349330106e+003	
  6.8700000000000000e+003	  3.0700605034439182e+003	 -3.7147000383498998e+003	
  6.9000000000000000e+003	  3.0680042802172688e+003	 -3.7129189643954865e+003	
  6.9300000000000000e+003	  3.0722146425922297e+003	 -3.7173716486738113e+003	
  6.9600000000000000e+003	  3.0727042208433668e+003	 -3.7191527201995236e+003	
  6.9900000000000000e+003	  3.0718229796799365e+003	 -3.7159245260743960e+003	
  7.0200000000000000e+003	  3.0678084468158554e+003	 -3.7122510617081680e+003	
  7.0500000000000000e+003	  3.0676126171072742e+003	 -3.7119171090983864e+003	
  7.0800000000000000e+003	  3.0664376324950367e+003	 -3.7116944743672871e+003	
  7.1100000000000000e+003	  3.0656543096717273e+003	 -3.7104699867798540e+003	
  7.1400000000000000e+003	  3.0650668165813036e+003	 -3.7090228648343445e+003	
  7.1700000000000000e+003	  3.0650668165813036e+003	 -3.7086889137988710e+003	
  7.2000000000000000e+003	  3.0640876616815735e+003	 -3.7094681323795103e+003	
  7.2300000000000000e+003	  3.0653605624678253e+003	 -3.7100247177432798e+003	
  7.2600000000000000e+003	  3.0672209569920128e+003	 -3.7121397450764607e+003	
  7.2900000000000000e+003	  3.0713334035910807e+003	 -3.7123623786516441e+003	
  7.3200000000000000e+003	  3.0681021937025494e+003	 -3.7134755482009846e+003	
  7.3500000000000000e+003	  3.0693750952413170e+003	 -3.7142547681590108e+003	
  7.3800000000000000e+003	  3.0730958816634088e+003	 -3.7139208157473786e+003	
  7.4100000000000000e+003	  3.0664376324950367e+003	 -3.7108039381806657e+003	
  7.4400000000000000e+003	  3.0674167852028959e+003	 -3.7103586678356564e+003	
  7.4700000000000000e+003	  3.0673188704516751e+003	 -3.7096907668065401e+003	
  7.5000000000000000e+003	  3.0667313781454604e+003	 -3.7102473516377481e+003	
  7.5300000000000000e+003	  3.0665355474018661e+003	 -3.7093568174602751e+003	
  7.5600000000000000e+003	  3.0671230404066050e+003	 -3.7096907668065401e+003	
  7.5900000000000000e+003	  3.0671230404066050e+003	 -3.7114718408833878e+003	
  7.6200000000000000e+003	  3.0663397159344227e+003	 -3.7162584758572202e+003	
  7.6500000000000000e+003	  3.0650668165813036e+003	 -3.7147000383498998e+003	
  7.6800000000000000e+003	  3.0685917701924814e+003	 -3.7128076446770747e+003	
  7.7100000000000000e+003	  3.0698646717513634e+003	 -3.7090228648343445e+003	
  7.7400000000000000e+003	  3.0704521646600233e+003	 -3.7075757432622945e+003	
  7.7700000000000000e+003	  3.0662418021385620e+003	 -3.7150339875775139e+003	
  7.8000000000000000e+003	  3.0624230995336343e+003	 -3.7153679396089001e+003	
  7.8300000000000000e+003	  3.0636960005466403e+003	 -3.7167037441637681e+003	
  7.8600000000000000e+003	  3.0694730106106031e+003	 -3.7100247177432798e+003	
  7.8900000000000000e+003	  3.0706479956546364e+003	 -3.7105813036015697e+003	
  7.9200000000000000e+003	  3.0717250657055979e+003	 -3.7083549619185610e+003	
  7.9500000000000000e+003	  3.0719208949439062e+003	 -3.7075757432622945e+003	
  7.9800000000000000e+003	  3.0766208357113715e+003	 -3.7066852056758012e+003	
  8.0100000000000000e+003	  3.0687876021717784e+003	 -3.7123623786516441e+003	
  8.0400000000000000e+003	  3.0693750952413170e+003	 -3.7067965228474786e+003	
  8.0700000000000000e+003	  3.0715292342744910e+003	 -3.7100247177432798e+003	
  8.1000000000000000e+003	  3.0667313781454604e+003	 -3.7100247177432798e+003	
  8.1300000000000000e+003	  3.0688855186259648e+003	 -3.7089115475104836e+003	
  8.1600000000000000e+003	  3.0731937975192241e+003	 -3.7102473516377481e+003	
  8.1900000000000000e+003	  3.0718229796799365e+003	 -3.7113605227838943e+003	
  8.2200000000000000e+003	  3.0720188100272553e+003	 -3.7122510617081680e+003	
  8.2500000000000000e+003	  3.0722146425922297e+003	 -3.7047928152272020e+003	
  8.2800000000000000e+003	  3.0929727134580685e+003	 -3.6865368106445508e+003	
  8.3100000000000000e+003	  3.1300826579513882e+003	 -3.6859802244785674e+003	
  8.3400000000000000e+003	  3.1668988587472286e+003	 -3.6734013918552596e+003	
  8.3700000000000000e+003	  3.1738508543174780e+003	 -3.6670563190118150e+003	
  8.4000000000000000e+003	  3.1582823017549185e+003	 -3.6669450012007715e+003	
  8.4300000000000000e+003	  3.1733612769721540e+003	 -3.6637168061957714e+003	
  8.4600000000000000e+003	  3.1718925457471578e+003	 -3.6501361185481778e+003	
  8.4900000000000000e+003	  3.1959797403448133e+003	 -3.6155165023016743e+003	
  8.5200000000000000e+003	  3.2613872453195113e+003	 -3.7388558477319561e+003	
  8.5500000000000000e+003	  3.2613872453195113e+003	 -3.7388558477319561e+003	
  8.5800000000000000e+003	  3.2613872453195113e+003	 -3.7388558477319561e+003	
  8.6100000000000000e+003	  3.2613872453195113e+003	 -3.7388558477319561e+003	
  8.6400000000000000e+003	  3.2613872453195113e+003	 -3.7388558477319561e+003	
  8.6700000000000000e+003	  3.2613872453195113e+003	 -3.7388558477319561e+003	
  8.7000000000000000e+003	  3.2613872453195113e+003	 -3.7388558477319561e+003	
  8.7300000000000000e+003	  3.2613872453195113e+003	 -3.7388558477319561e+003	
  8.7600000000000000e+003	  3.2613872453195113e+003	 -3.7388558477319561e+003	
  8.7900000000000000e+003	  3.2613872453195113e+003	 -3.7388558477319561e+003	
  8.8200000000000000e+003	  3.2495656420006517e+003	 -3.7234716618759735e+003	
  8.8500000000000000e+003	  3.2250713955661759e+003	 -3.6915957792747477e+003	
  8.8800000000000000e+003	  3.1847488407741553e+003	 -3.6705850720211602e+003	
  8.9100000000000000e+003	  3.2326001095458178e+003	 -3.6508596813703653e+003	
  8.9400000000000000e+003	  3.2192346544960983e+003	 -3.6543105106992284e+003	
  8.9700000000000000e+003	  3.1825653281565474e+003	 -3.6535090261436490e+003	
  9.0000000000000000e+003	  3.1832996930197778e+003	 -3.6761509252188807e+003	
  9.0300000000000000e+003	  3.1919162509000007e+003	 -3.6895312405652994e+003	
  9.0600000000000000e+003	  3.1748006327185030e+003	 -3.6704180950158466e+003	
  9.0900000000000000e+003	  3.1739977279106729e+003	 -3.6557687634094136e+003	
  9.1200000000000000e+003	  3.1785703771279627e+003	 -3.6593086470555645e+003	
  9.1500000000000000e+003	  3.1663113669268191e+003	 -3.6370452285580368e+003	
  9.1800000000000000e+003	  3.1658707470488562e+003	 -3.6621361027800644e+003	
  9.2100000000000000e+003	  3.1830744869462437e+003	 -3.6522845382172504e+003	
  9.2400000000000000e+003	  3.1843767635926251e+003	 -3.6575609701658650e+003	
  9.2700000000000000e+003	  3.1573716890521141e+003	 -3.6501583824837412e+003	
  9.3000000000000000e+003	  3.1856202883253718e+003	 -3.6606110584556118e+003	
  9.3300000000000000e+003	  3.2026869490895187e+003	 -3.6486333386934989e+003	
  9.3600000000000000e+003	  3.1777185131646511e+003	 -3.6553346277452392e+003	
  9.3900000000000000e+003	  3.1658217890278288e+003	 -3.6582733990930674e+003	
  9.4200000000000000e+003	  3.1727835768265522e+003	 -3.6566704323706995e+003	
  9.4500000000000000e+003	  3.1721471266882040e+003	 -3.6361324283074878e+003	
  9.4800000000000000e+003	  3.1772289372999289e+003	 -3.6279840165714145e+003	
  9.5100000000000000e+003	  3.1845725941021551e+003	 -3.6446815819321332e+003	
  9.5400000000000000e+003	  3.1789032898807386e+003	 -3.6573049404466319e+003	
  9.5700000000000000e+003	  3.1578906388794467e+003	 -3.6494459525131597e+003	
  9.6000000000000000e+003	  3.1720198363241657e+003	 -3.6574607824951941e+003	
  9.6300000000000000e+003	  3.1684948811447653e+003	 -3.6561138477375216e+003	
  9.6600000000000000e+003	  3.1855811223974238e+003	 -3.6536426082291800e+003	
  9.6900000000000000e+003	  3.1895662801436288e+003	 -3.6547557785696758e+003	
  9.7200000000000000e+003	  3.1842886391953493e+003	 -3.6547335150108747e+003	
  9.7500000000000000e+003	  3.1857867450820108e+003	 -3.6470526349000311e+003	
  9.7800000000000000e+003	  3.1878331786977733e+003	 -3.6453606143836528e+003	
  9.8100000000000000e+003	  3.1888906645854127e+003	 -3.6384923493747519e+003	
  9.8400000000000000e+003	  3.1650678410890605e+003	 -3.6221621326079489e+003	
  9.8700000000000000e+003	  3.1574989789131423e+003	 -3.6189673324411283e+003	
  9.9000000000000000e+003	  3.1725371559945197e+003	 -3.6300712119535565e+003	
  9.9300000000000000e+003	  3.1842298898286472e+003	 -3.6517502169460618e+003	
  9.9600000000000000e+003	  3.1934339408092574e+003	 -3.6635498289804846e+003	
  9.9900000000000000e+003	  3.1786487105349370e+003	 -3.6549227537101506e+003	
  1.0020000000000000e+004	  3.1725779546585186e+003	 -3.6554793411510559e+003	
  1.0050000000000000e+004	  3.1788445405422608e+003	 -3.6672344243532730e+003	
  1.0080000000000000e+004	  3.1788445414529492e+003	 -3.6667223665254178e+003	
  1.0110000000000000e+004	  3.1788266648348099e+003	 -3.6655436063540451e+003	
  1.0140000000000000e+004	  3.1788022876282557e+003	 -3.6639362061203547e+003	
  1.0170000000000000e+004	  3.1787779104217011e+003	 -3.6623288058866651e+003	
  1.0200000000000000e+004	  3.1787535332151469e+003	 -3.6607214056529751e+003	
  1.0230000000000000e+004	  3.1787291560085932e+003	 -3.6591140054192851e+003	
  1.0260000000000000e+004	  3.1787047788020391e+003	 -3.6575066051855952e+003	
  1.0290000000000000e+004	  3.1786804015954849e+003	 -3.6558992049519052e+003	
  1.0320000000000000e+004	  3.1786560243889307e+003	 -3.6542918047182156e+003	
  1.0350000000000000e+004	  3.1964889009130961e+003	 -3.6481658058678577e+003	
  1.0380000000000000e+004	  3.1835346909032678e+003	 -3.6436685958466833e+003	
  1.0410000000000000e+004	  3.1910741785859218e+003	 -3.6678466693110649e+003	
  1.0440000000000000e+004	  3.1813903418877585e+003	 -3.6605999248644416e+003	
  1.0470000000000000e+004	  3.1859111178381468e+003	 -3.6616941484105046e+003	
  1.0500000000000000e+004	  3.1923693691958447e+003	 -3.6632573249048814e+003	
  1.0530000000000000e+004	  3.1988276205535431e+003	 -3.6648205013992570e+003	
  1.0560000000000000e+004	  3.2052858719112410e+003	 -3.6663836778936338e+003	
  1.0590000000000000e+004	  3.2117441232689389e+003	 -3.6679468543880098e+003	
  1.0620000000000000e+004	  3.1915735470540149e+003	 -3.6588188528845499e+003	
  1.0650000000000000e+004	  3.1907342719372691e+003	 -3.6671125882362530e+003	
  1.0680000000000000e+004	  3.1894753592621501e+003	 -3.6795531912638075e+003	
  1.0710000000000000e+004	  3.1882164465870319e+003	 -3.6919937942913621e+003	
  1.0740000000000000e+004	  3.2106768457193893e+003	 -3.7590153751834282e+003	
  1.0770000000000000e+004	  3.1792068278004986e+003	 -3.6493235039497836e+003	
  1.0800000000000000e+004	  3.1692390379139574e+003	 -3.6220842088722566e+003	
  1.0830000000000000e+004	  3.1684120974594475e+003	 -3.6227116327105628e+003	
  1.0860000000000000e+004	  3.1679076845553750e+003	 -3.6340794702261933e+003	
  1.0890000000000000e+004	  3.1674032716513016e+003	 -3.6454473077418229e+003	
  1.0920000000000000e+004	  3.1668988587472286e+003	 -3.6568151452574530e+003	
  1.0950000000000000e+004	  3.1585760477815993e+003	 -3.6555906572423155e+003	
  1.0980000000000000e+004	  3.1585760477815993e+003	 -3.6555906572423155e+003	
  1.1010000000000000e+004	  3.1585760477815993e+003	 -3.6555906572423155e+003	
  1.1040000000000000e+004	  3.1585760477815993e+003	 -3.6555906572423155e+003	
  1.1070000000000000e+004	  3.1585760477815993e+003	 -3.6555906572423155e+003	
  1.1100000000000000e+004	  3.1585760477815993e+003	 -3.6555906572423155e+003	
  1.1130000000000000e+004	  3.1585760477815993e+003	 -3.6555906572423155e+003	
  1.1160000000000000e+004	  3.1585760477815993e+003	 -3.6555906572423155e+003	
  1.1190000000000000e+004	  3.1585760477815993e+003	 -3.6555906572423155e+003	
  1.1220000000000000e+004	  3.1585760477815993e+003	 -3.6555906572423155e+003	
  1.1250000000000000e+004	  3.1585760477815993e+003	 -3.6555906572423155e+003	
  1.1280000000000000e+004	  3.1585760477815993e+003	 -3.6555906572423155e+003	
  1.1310000000000000e+004	  3.1585760477815993e+003	 -3.6555906572423155e+003	
  1.1340000000000000e+004	  3.1585760477815993e+003	 -3.6555906572423155e+003	
  1.1370000000000000e+004	  3.1585760477815993e+003	 -3.6555906572423155e+003	
  1.1400000000000000e+004	  3.1585760477815993e+003	 -3.6555906572423155e+003	
  1.1430000000000000e+004	  3.1585760477815993e+003	 -3.6555906572423155e+003	
  1.1460000000000000e+004	  3.1585760477815993e+003	 -3.6555906572423155e+003	
  1.1490000000000000e+004	  3.1585760477815993e+003	 -3.6555906572423155e+003	
  1.1520000000000000e+004	  3.1585760477815993e+003	 -3.6555906572423155e+003	
  1.1550000000000000e+004	  3.1585760477815993e+003	 -3.6555906572423155e+003	
  1.1580000000000000e+004	  3.1585760477815993e+003	 -3.6555906572423155e+003	
  1.1610000000000000e+004	  3.1585760477815993e+003	 -3.6555906572423155e+003	
  1.1640000000000000e+004	  3.1585760477815993e+003	 -3.6555906572423155e+003	
  1.1670000000000000e+004	  3.1585760477815993e+003	 -3.6555906572423155e+003	
  1.1700000000000000e+004	  3.1585760477815993e+003	 -3.6555906572423155e+003	
  1.1730000000000000e+004	  3.1585760477815993e+003	 -3.6555906572423155e+003	
  1.1760000000000000e+004	  3.1585760477815993e+003	 -3.6555906572423155e+003	
  1.1790000000000000e+004	  3.1573713126023545e+003	 -3.6363798278934059e+003	
  1.1820000000000000e+004	  3.1548552628139978e+003	 -3.5962586427979659e+003	
  1.1850000000000000e+004	  3.1776695567269048e+003	 -3.6637168061957714e+003	
  1.1880000000000000e+004	  3.1891256607003547e+003	 -3.6736240274519159e+003	
  1.1910000000000000e+004	  3.1858944518681124e+003	 -3.6790785641454854e+003	
  1.1940000000000000e+004	  3.1697384076521253e+003	 -3.6879839314683686e+003	
  1.1970000000000000e+004	  3.1720100446058741e+003	 -3.6365999596460679e+003	
  1.2000000000000000e+004	  3.1801761911482290e+003	 -3.6738466607587870e+003	
  1.2030000000000000e+004	  3.1772387277639486e+003	 -3.6739579790295129e+003	
  1.2060000000000000e+004	  3.1520548812722973e+003	 -3.6882288305160050e+003	
  1.2090000000000000e+004	  3.1368584052826591e+003	 -3.6978466283781140e+003	
  1.2120000000000000e+004	  3.1387187992182116e+003	 -3.6999171261110182e+003	
  1.2150000000000000e+004	  3.1380333919717968e+003	 -3.7030785317066270e+003	
  1.2180000000000000e+004	  3.1254414666519492e+003	 -3.7021879944363523e+003	
  1.2210000000000000e+004	  3.0940106159886700e+003	 -3.7009635062304997e+003	
  1.2240000000000000e+004	  3.0749758583595167e+003	 -3.6925034071252740e+003	
  1.2270000000000000e+004	  3.0737029577012886e+003	 -3.6829524007295286e+003	
  1.2300000000000000e+004	  3.0719992276758676e+003	 -3.6742696670637147e+003	
  1.2330000000000000e+004	  3.0734092102824789e+003	 -3.6738021345154702e+003	
  1.2360000000000000e+004	  3.0734092114881214e+003	 -3.6793011986813553e+003	
  1.2390000000000000e+004	  3.0749562740916331e+003	 -3.6825516592890608e+003	
  1.2420000000000000e+004	  3.0759550117258955e+003	 -3.6807483204603705e+003	
  1.2450000000000000e+004	  3.0755241836457089e+003	 -3.6822177070526513e+003	
  1.2480000000000000e+004	  3.0768558339422952e+003	 -3.6824848690350655e+003	
  1.2510000000000000e+004	  3.0728413012667143e+003	 -3.6853791121544100e+003	
  1.2540000000000000e+004	  3.0722342252887393e+003	 -3.6845998929511311e+003	
  1.2570000000000000e+004	  3.0724888063868157e+003	 -3.6868930250097246e+003	
  1.2600000000000000e+004	  3.0704129989688549e+003	 -3.6891416304604745e+003	
  1.2630000000000000e+004	  3.0784616467846186e+003	 -3.6854904303454214e+003	
  1.2660000000000000e+004	  3.1059954637263518e+003	 -3.6957538663929727e+003	
  1.2690000000000000e+004	  3.1331572035667773e+003	 -3.7038354872624086e+003	
  1.2720000000000000e+004	  3.1677409331457361e+003	 -3.7108262011812258e+003	
  1.2750000000000000e+004	  3.1836619805087385e+003	 -3.7180840764002583e+003	
  1.2780000000000000e+004	  3.1965672334537976e+003	 -3.7319764506061811e+003	
  1.2810000000000000e+004	  3.2072008494515680e+003	 -3.7513456258641500e+003	
  1.2840000000000000e+004	  3.2140745124741616e+003	 -3.7696906831935994e+003	
  1.2870000000000000e+004	  3.2269405982441190e+003	 -3.7941136555809671e+003	
  1.2900000000000000e+004	  3.2355179903623498e+003	 -3.8107444310574974e+003	
  1.2930000000000000e+004	  3.2483644937880536e+003	 -3.8174679826199849e+003	
  1.2960000000000000e+004	  3.2528490207082191e+003	 -3.8288000633998790e+003	
  1.2990000000000000e+004	  3.2530448514340374e+003	 -3.8277314203083042e+003	
  1.3020000000000000e+004	  3.2530644351449346e+003	 -3.8278872621314722e+003	
  1.3050000000000000e+004	  3.2520069475345399e+003	 -3.8230783652581931e+003	
  1.3080000000000000e+004	  3.2513802885169125e+003	 -3.8189151054211916e+003	
  1.3110000000000000e+004	  3.2505969664654685e+003	 -3.8163325487686334e+003	
  1.3140000000000000e+004	  3.2502640536758154e+003	 -3.8159540704692190e+003	
  1.3170000000000000e+004	  3.2524965245774652e+003	 -3.8259948731647069e+003	
  1.3200000000000000e+004	  3.2532602655294995e+003	 -3.8283770590508002e+003	
  1.3230000000000000e+004	  3.2523398597827545e+003	 -3.8240134289496391e+003	
  1.3260000000000000e+004	  3.2512823743228046e+003	 -3.8243473809257293e+003	
  1.3290000000000000e+004	  3.2446437073239490e+003	 -3.8289559087124208e+003	
  1.3320000000000000e+004	  3.2497940592714231e+003	 -3.8521098644244557e+003	
  1.3350000000000000e+004	  3.2579602060473071e+003	 -3.8762434122515197e+003	
  1.3380000000000000e+004	  3.2741162503987885e+003	 -3.8899131511956780e+003	
  1.3410000000000000e+004	  3.2896848036514589e+003	 -3.8812304183335559e+003	
  1.3440000000000000e+004	  3.3102470436458243e+003	 -3.8726590015275406e+003	
  1.3470000000000000e+004	  3.3302805394168709e+003	 -3.8663361900428695e+003	
  1.3500000000000000e+004	  3.3416778948561891e+003	 -3.8631302573849948e+003	
  1.3530000000000000e+004	  3.3394650066101262e+003	 -3.8621506660324558e+003	
  1.3560000000000000e+004	  3.3230543808292141e+003	 -3.8817647403815886e+003	
  1.3590000000000000e+004	  3.3124795152950646e+003	 -3.8939650934441875e+003	
  1.3620000000000000e+004	  3.3107562039645877e+003	 -3.9023138769281331e+003	
  1.3650000000000000e+004	  3.3143203253417078e+003	 -3.9000875331099078e+003	
  1.3680000000000000e+004	  3.3089761405314371e+003	 -3.8860852060067054e+003	
  1.3710000000000000e+004	  3.2722878302147510e+003	 -3.7201318561178123e+003	
  1.3740000000000000e+004	  3.2949232790808055e+003	 -3.7064403090105066e+003	
  1.3770000000000000e+004	  3.3162786332172050e+003	 -3.7721953195358656e+003	
  1.3800000000000000e+004	  3.3360673404664135e+003	 -3.9003880906781778e+003	
  1.3830000000000000e+004	  3.3087587291623263e+003	 -3.8906255811544106e+003	
  1.3860000000000000e+004	  3.2953443143007071e+003	 -3.9030485702107617e+003	
  1.3890000000000000e+004	  3.2366733915987511e+003	 -3.9169632056547443e+003	
  1.3920000000000000e+004	  3.3200092116513233e+003	 -3.8988519147796142e+003	
  1.3950000000000000e+004	  3.3183740233886683e+003	 -3.9123992056514012e+003	
  1.3980000000000000e+004	  3.3134880439397325e+003	 -3.9056199944047512e+003	
  1.4010000000000000e+004	  3.3005729982795483e+003	 -3.9234752558829678e+003	
  1.4040000000000000e+004	  3.3313576092940070e+003	 -3.9035383651066668e+003	
  1.4070000000000000e+004	  3.3676058992214289e+003	 -3.8954678745531769e+003	
  1.4100000000000000e+004	  3.3508427794920294e+003	 -3.8904586059399576e+003	
  1.4130000000000000e+004	  3.3427255898829694e+003	 -3.9098055170880530e+003	
  1.4160000000000000e+004	  3.3338446603606972e+003	 -3.9169632066243648e+003	
  1.4190000000000000e+004	  3.3221927247387393e+003	 -3.9196348179097963e+003	
  1.4220000000000000e+004	  3.3221927247387393e+003	 -3.9196348179097968e+003	
  1.4250000000000000e+004	  3.3221927247387393e+003	 -3.9196348179097968e+003	
  1.4280000000000000e+004	  3.3221927247387393e+003	 -3.9196348179097968e+003	
  1.4310000000000000e+004	  3.3221927247387393e+003	 -3.9196348179097968e+003	
  1.4340000000000000e+004	  3.3221927247387393e+003	 -3.9196348179097968e+003	
  1.4370000000000000e+004	  3.3221927247387393e+003	 -3.9196348179097968e+003	
  1.4400000000000000e+004	  3.3221927247387393e+003	 -3.9196348179097968e+003	
  1.4430000000000000e+004	  3.3221927247387393e+003	 -3.9196348179097968e+003	
  1.4460000000000000e+004	  3.3221927247387393e+003	 -3.9196348179097968e+003	
  1.4490000000000000e+004	  3.3221927247387393e+003	 -3.9196348179097968e+003	
  1.4520000000000000e+004	  3.3221927247387393e+003	 -3.9196348179097968e+003	
  1.4550000000000000e+004	  3.3221927247387393e+003	 -3.9196348179097968e+003	
  1.4580000000000000e+004	  3.3221927247387393e+003	 -3.9196348179097968e+003	
  1.4610000000000000e+004	  3.3221927247387393e+003	 -3.9196348179097968e+003	
  1.4640000000000000e+004	  3.3221927247387393e+003	 -3.9196348179097968e+003	
  1.4670000000000000e+004	  3.3221927247387393e+003	 -3.9196348179097968e+003	
  1.4700000000000000e+004	  3.3221927247387393e+003	 -3.9196348179097968e+003	
  1.4730000000000000e+004	  3.3221927247387393e+003	 -3.9196348179097968e+003	
  1.4760000000000000e+004	  3.3221927247387393e+003	 -3.9196348179097968e+003	
  1.4790000000000000e+004	  3.3221927247387393e+003	 -3.9196348179097968e+003	
  1.4820000000000000e+004	  3.3221927247387393e+003	 -3.9196348179097968e+003	
  1.4850000000000000e+004	  3.3221927247387393e+003	 -3.9196348179097968e+003	
  1.4880000000000000e+004	  3.3221927247387393e+003	 -3.9196348179097968e+003	
  1.4910000000000000e+004	  3.3221927247387393e+003	 -3.9196348179097968e+003	
  1.4940000000000000e+004	  3.3221927247387393e+003	 -3.9196348179097968e+003	
  1.4970000000000000e+004	  3.3221927247387393e+003	 -3.9196348179097968e+003	
  1.5000000000000000e+004	  3.3221927247387393e+003	 -3.9196348179097968e+003	
  1.5030000000000000e+004	  3.3221927247387393e+003	 -3.9196348179097968e+003	
  1.5060000000000000e+004	  3.3221927247387393e+003	 -3.9196348179097968e+003	
  1.5090000000000000e+004	  3.3221927247387393e+003	 -3.9196348179097968e+003	
  1.5120000000000000e+004	  3.3221927247387393e+003	 -3.9196348179097968e+003	
  1.5150000000000000e+004	  3.3221927247387393e+003	 -3.9196348179097968e+003	
  1.5180000000000000e+004	  3.3221927247387393e+003	 -3.9196348179097968e+003	
  1.5210000000000000e+004	  3.3304827523179147e+003	 -3.9240375892004199e+003	
  1.5240000000000000e+004	  3.3557091745336847e+003	 -3.9158277717154792e+003	
  1.5270000000000000e+004	  3.3271374541374998e+003	 -3.8646219061535062e+003	
  1.5300000000000000e+004	  3.3121955608199992e+003	 -3.8769001828457867e+003	
  1.5330000000000000e+004	  3.2974299137491471e+003	 -3.8812972086347263e+003	
  1.5360000000000000e+004	  3.2912220760164428e+003	 -3.8852712289552437e+003	
  1.5390000000000000e+004	  3.2892735587068719e+003	 -3.8850931204027111e+003	
  1.5420000000000000e+004	  3.2887448152626007e+003	 -3.8845365361637623e+003	
  1.5450000000000000e+004	  3.2880006585681135e+003	 -3.8840244765168914e+003	
  1.5480000000000000e+004	  3.2859444337787813e+003	 -3.8821209541239286e+003	
  1.5510000000000000e+004	  3.2907422904474561e+003	 -3.8827443304421640e+003	
  1.5540000000000000e+004	  3.2886077340520105e+003	 -3.8817313438263241e+003	
  1.5570000000000000e+004	  3.2922012298277527e+003	 -3.8838908969523486e+003	
  1.5600000000000000e+004	  3.2893420999368259e+003	 -3.8781803295029326e+003	
  1.5630000000000000e+004	  3.2730391809930970e+003	 -3.8789929452568890e+003	
  1.5660000000000000e+004	  3.2611522480176436e+003	 -3.9037943929574076e+003	
  1.5690000000000000e+004	  3.2787476508766326e+003	 -3.9280837858954642e+003	
  1.5720000000000000e+004	  3.2972340817176218e+003	 -3.9620800284059833e+003	
  1.5750000000000000e+004	  3.2957849352034600e+003	 -3.9946068835093697e+003	
  1.5780000000000000e+004	  3.2756437310745910e+003	 -4.0225586080370886e+003	
  1.5810000000000000e+004	  3.2587141541336714e+003	 -4.0461689640060576e+003	
  1.5840000000000000e+004	  3.2405704259474223e+003	 -4.0557088397151551e+003	
  1.5870000000000000e+004	  3.2349207059414289e+003	 -4.0575233082445461e+003	
  1.5900000000000000e+004	  3.2301032661931604e+003	 -4.0637681974463221e+003	
  1.5930000000000000e+004	  3.2324336549623767e+003	 -4.0622431538430596e+003	
  1.5960000000000000e+004	  3.2326686517967746e+003	 -4.0617199638196776e+003	
  1.5990000000000000e+004	  3.2297899374314543e+003	 -4.0592932496303138e+003	
  1.6020000000000000e+004	  3.2365069346148471e+003	 -4.0626216321368424e+003	
  1.6050000000000000e+004	  3.2369965122431777e+003	 -4.0605845289334857e+003	
  1.6080000000000000e+004	  3.2347738333338521e+003	 -4.0602283152196919e+003	
  1.6110000000000000e+004	  3.2366929751921120e+003	 -4.0635010368434514e+003	
  1.6140000000000000e+004	  3.2377602529820788e+003	 -4.0652598467989665e+003	
  1.6170000000000000e+004	  3.2402277224777035e+003	 -4.0665956527052358e+003	
  1.6200000000000000e+004	  3.2404333435767549e+003	 -4.0666179164254399e+003	
  1.6230000000000000e+004	  3.2399143922148833e+003	 -4.0662728330002951e+003	
  1.6260000000000000e+004	  3.2404920930415874e+003	 -4.0649258958265441e+003	
  1.6290000000000000e+004	  3.2358215278857083e+003	 -4.0614528028919849e+003	
  1.6320000000000000e+004	  3.2361054820034574e+003	 -4.0620873096474979e+003	
  1.6350000000000000e+004	  3.2280764175808740e+003	 -4.0623878663080154e+003	
  1.6380000000000000e+004	  3.2328742738842325e+003	 -4.0583025273179956e+003	
  1.6410000000000000e+004	  3.2318461614340818e+003	 -4.0589259038313539e+003	
  1.6440000000000000e+004	  3.2302109735856056e+003	 -4.0704583549252529e+003	
  1.6470000000000000e+004	  3.2332365595902447e+003	 -4.0604509486274410e+003	
  1.6500000000000000e+004	  3.2339807178596529e+003	 -4.0582246061725446e+003	
  1.6530000000000000e+004	  3.2482469950751342e+003	 -4.0443656273238616e+003	
  1.6560000000000000e+004	  3.2658423967939498e+003	 -4.0230150081881002e+003	
  1.6590000000000000e+004	  3.2902918791972415e+003	 -3.9999946316314745e+003	
  1.6620000000000000e+004	  3.3001421708567555e+003	 -3.9796124710714989e+003	
  1.6650000000000000e+004	  3.2901939635685135e+003	 -3.9522173326453571e+003	
  1.6680000000000000e+004	  3.2701996331969194e+003	 -3.9265030821841128e+003	
  1.6710000000000000e+004	  3.2528783950715333e+003	 -3.8975049778643188e+003	
  1.6740000000000000e+004	  3.2521734036204698e+003	 -3.8761209631738143e+003	
  1.6770000000000000e+004	  3.2487365726170901e+003	 -3.8493380684881645e+003	
  1.6800000000000000e+004	  3.2481686623220639e+003	 -3.8454308388832105e+003	
  1.6830000000000000e+004	  3.2429399794023766e+003	 -3.8399206416913162e+003	
  1.6860000000000000e+004	  3.2366636007215816e+003	 -3.8170115835088991e+003	
  1.6890000000000000e+004	  3.2150732494828235e+003	 -3.7870672830632293e+003	
  1.6920000000000000e+004	  3.2054971196508632e+003	 -3.7559652853864450e+003	
  1.6950000000000000e+004	  3.1883717125760677e+003	 -3.7264996500266084e+003	
  1.6980000000000000e+004	  3.1597020755819644e+003	 -3.7126406702581689e+003	
  1.7010000000000000e+004	  3.1379648507658717e+003	 -3.7044588628659571e+003	
  1.7040000000000000e+004	  3.1535529868145600e+003	 -3.6774755981550602e+003	
  1.7070000000000000e+004	  3.1732144045919276e+003	 -3.6683142025620155e+003	
  1.7100000000000000e+004	  3.1670653163797579e+003	 -3.6572715447517994e+003	
  1.7130000000000000e+004	  3.1520157144738569e+003	 -3.6396723125243266e+003	
  1.7160000000000000e+004	  3.1520157144738569e+003	 -3.6396723125243266e+003	
  1.7190000000000000e+004	  3.1520157144738569e+003	 -3.6396723125243266e+003	
  1.7220000000000000e+004	  3.1520157144738569e+003	 -3.6396723125243266e+003	
  1.7250000000000000e+004	  3.1520157144738569e+003	 -3.6396723125243266e+003	
  1.7280000000000000e+004	  3.1520157144738569e+003	 -3.6396723125243266e+003	
  1.7310000000000000e+004	  3.1520157144738569e+003	 -3.6396723125243266e+003	
  1.7340000000000000e+004	  3.1520157144738569e+003	 -3.6396723125243266e+003	
  1.7370000000000000e+004	  3.1520157144738569e+003	 -3.6396723125243266e+003	
  1.7400000000000000e+004	  3.1520157144738569e+003	 -3.6396723125243266e+003	
  1.7430000000000000e+004	  3.1520157144738569e+003	 -3.6396723125243266e+003	
  1.7460000000000000e+004	  3.1520157144738569e+003	 -3.6396723125243266e+003	
  1.7490000000000000e+004	  3.1520157144738569e+003	 -3.6396723125243266e+003	
  1.7520000000000000e+004	  3.1520157144738569e+003	 -3.6396723125243266e+003	
  1.7550000000000000e+004	  3.1520157144738569e+003	 -3.6396723125243266e+003	
  1.7580000000000000e+004	  3.1520157144738569e+003	 -3.6396723125243266e+003	
  1.7610000000000000e+004	  3.1520157144738569e+003	 -3.6396723125243266e+003	
  1.7640000000000000e+004	  3.1520157144738569e+003	 -3.6396723125243266e+003	
  1.7670000000000000e+004	  3.1520157144738569e+003	 -3.6396723125243266e+003	
  1.7700000000000000e+004	  3.1520157144738569e+003	 -3.6396723125243266e+003	
  1.7730000000000000e+004	  3.1520157144738569e+003	 -3.6396723125243266e+003	
  1.7760000000000000e+004	  3.1520157144738569e+003	 -3.6396723125243266e+003	
  1.7790000000000000e+004	  3.1520157144738569e+003	 -3.6396723125243266e+003	
  1.7820000000000000e+004	  3.1520157144738569e+003	 -3.6396723125243266e+003	
  1.7850000000000000e+004	  3.1520157144738569e+003	 -3.6396723125243266e+003	
  1.7880000000000000e+004	  3.1520157144738569e+003	 -3.6396723125243266e+003	
  1.7910000000000000e+004	  3.1520157144738569e+003	 -3.6396723125243266e+003	
  1.7940000000000000e+004	  3.1520157144738569e+003	 -3.6396723125243266e+003	
  1.7970000000000000e+004	  3.1520157144738569e+003	 -3.6396723125243266e+003	
  1.8000000000000000e+004	  3.1520157144738569e+003	 -3.6396723125243266e+003	
  1.8030000000000000e+004	  3.1520157144738569e+003	 -3.6396723125243266e+003	
  1.8060000000000000e+004	  3.1520157144738569e+003	 -3.6396723125243266e+003	
  1.8090000000000000e+004	  3.1520157144738569e+003	 -3.6396723125243266e+003	
  1.8120000000000000e+004	  3.1520157144738569e+003	 -3.6396723125243266e+003	
  1.8150000000000000e+004	  3.1520157144738569e+003	 -3.6396723125243266e+003	
  1.8180000000000000e+004	  3.1520157144738569e+003	 -3.6396723125243266e+003	
  1.8210000000000000e+004	  3.1520157144738569e+003	 -3.6396723125243266e+003	
  1.8240000000000000e+004	  3.1520157144738569e+003	 -3.6396723125243266e+003	
  1.8270000000000000e+004	  3.1520157144738569e+003	 -3.6396723125243266e+003	
  1.8300000000000000e+004	  3.1520157144738569e+003	 -3.6396723125243266e+003	
  1.8330000000000000e+004	  3.1520157144738569e+003	 -3.6396723125243266e+003	
  1.8360000000000000e+004	  3.1520157144738569e+003	 -3.6396723125243266e+003	
  1.8390000000000000e+004	  3.1520157144738569e+003	 -3.6396723125243266e+003	
  1.8420000000000000e+004	  3.1520157144738569e+003	 -3.6396723125243266e+003	
  1.8450000000000000e+004	  3.1520157144738569e+003	 -3.6396723125243266e+003	
  1.8480000000000000e+004	  3.1520157144738569e+003	 -3.6396723125243266e+003	
  1.8510000000000000e+004	  3.1520157144738569e+003	 -3.6396723125243266e+003	
  1.8540000000000000e+004	  3.1520157144738569e+003	 -3.6396723125243266e+003	
  1.8570000000000000e+004	  3.1520157144738569e+003	 -3.6396723125243266e+003	
  1.8600000000000000e+004	  3.1465868717842691e+003	 -3.6436349003756809e+003	
  1.8630000000000000e+004	  3.1141165237498144e+003	 -3.6673354594096245e+003	
  1.8660000000000000e+004	  3.0816461757153597e+003	 -3.6910360184435676e+003	
  1.8690000000000000e+004	  3.1718729621771845e+003	 -3.6727112269284153e+003	
  1.8720000000000000e+004	  3.1656455420198208e+003	 -3.6748039880729143e+003	
  1.8750000000000000e+004	  3.1414212658097176e+003	 -3.6887631516104643e+003	
  1.8780000000000000e+004	  3.1517415519222423e+003	 -3.7122955877810696e+003	
  1.8810000000000000e+004	  3.1837794788046690e+003	 -3.7290376790254004e+003	
  1.8840000000000000e+004	  3.2015217548238079e+003	 -3.7534829142990302e+003	
  1.8870000000000000e+004	  3.2173057203566691e+003	 -3.7890153320286963e+003	
  1.8900000000000000e+004	  3.2336967625730704e+003	 -3.8129707719383841e+003	
  1.8930000000000000e+004	  3.2460732724942186e+003	 -3.8137945188440253e+003	
  1.8960000000000000e+004	  3.2473853399374811e+003	 -3.8155310652008034e+003	
  1.8990000000000000e+004	  3.2470132610209853e+003	 -3.8164216026410527e+003	
  1.9020000000000000e+004	  3.2468957623182127e+003	 -3.8171117674380757e+003	
  1.9050000000000000e+004	  3.2469349288357143e+003	 -3.8170449778856696e+003	
  1.9080000000000000e+004	  3.2469349288357143e+003	 -3.8172230860282571e+003	
  1.9110000000000000e+004	  3.2472482580011774e+003	 -3.8176238277632583e+003	
  1.9140000000000000e+004	  3.2471503430161652e+003	 -3.8176460912446446e+003	
  1.9170000000000000e+004	  3.2465824338401967e+003	 -3.8177351445994254e+003	
  1.9200000000000000e+004	  3.2471111758645020e+003	 -3.8169336603262864e+003	
  1.9230000000000000e+004	  3.2481882456827825e+003	 -3.8170227139295662e+003	
  1.9260000000000000e+004	  3.2496178110233545e+003	 -3.8174679822769467e+003	
  1.9290000000000000e+004	  3.2492065668772402e+003	 -3.8169781880226255e+003	
  1.9320000000000000e+004	  3.2483644938952721e+003	 -3.8161989688919575e+003	
  1.9350000000000000e+004	  3.2480511641622479e+003	 -3.8157091731528139e+003	
  1.9380000000000000e+004	  3.2475224215539106e+003	 -3.8165551826732744e+003	
  1.9410000000000000e+004	  3.2480511640597479e+003	 -3.8179355147830697e+003	
  1.9440000000000000e+004	  3.2472482580011774e+003	 -3.8165329195333752e+003	
  1.9470000000000000e+004	  3.2465824334594013e+003	 -3.8150190068309034e+003	
  1.9500000000000000e+004	  3.2475028376586711e+003	 -3.8166664998583315e+003	
  1.9530000000000000e+004	  3.2474245055711885e+003	 -3.8169559246506860e+003	
  1.9560000000000000e+004	  3.2486582400474176e+003	 -3.8191377395312911e+003	
  1.9590000000000000e+004	  3.2476399194088758e+003	 -3.8169781871827954e+003	
  1.9620000000000000e+004	  3.2487953219086421e+003	 -3.8186256816371729e+003	
  1.9650000000000000e+004	  3.2503619682685285e+003	 -3.8218538778775437e+003	
  1.9680000000000000e+004	  3.2477378353982431e+003	 -3.8165774471544187e+003	
  1.9710000000000000e+004	  3.2480119983918621e+003	 -3.8155755922551689e+003	
  1.9740000000000000e+004	  3.2475615870242677e+003	 -3.8131711425741587e+003	
  1.9770000000000000e+004	  3.2473265900886599e+003	 -3.8145292116659839e+003	
  1.9800000000000000e+004	  3.2464061856682879e+003	 -3.8106776401934439e+003	
  1.9830000000000000e+004	  3.2470328436402897e+003	 -3.8141729965427562e+003	
  1.9860000000000000e+004	  3.2480119979076289e+003	 -3.8172676120357537e+003	
  1.9890000000000000e+004	  3.2477965841496980e+003	 -3.8173344025553329e+003	
  1.9920000000000000e+004	  3.2466607660843051e+003	 -3.8164661295787419e+003	
  1.9950000000000000e+004	  3.2477378345059601e+003	 -3.8226998870090783e+003	
  1.9980000000000000e+004	  3.2464061849047821e+003	 -3.8144178943905013e+003	
  2.0010000000000000e+004	  3.2469936788602267e+003	 -3.8172676122368080e+003	
  2.0040000000000000e+004	  3.2484819922012584e+003	 -3.8193381113854748e+003	
  2.0070000000000000e+004	  3.2472482581179693e+003	 -3.8154642760659349e+003	
  2.0100000000000000e+004	  3.2484819929739087e+003	 -3.8161321785307132e+003	
  2.0130000000000000e+004	  3.2487365727764336e+003	 -3.8181804122963777e+003	
  2.0160000000000000e+004	  3.2478945004076545e+003	 -3.8175793004175043e+003	
  2.0190000000000000e+004	  3.2484036592263838e+003	 -3.8179800419144058e+003	
  2.0220000000000000e+004	  3.2490890684904371e+003	 -3.8199837507015582e+003	
  2.0250000000000000e+004	  3.2440953811936283e+003	 -3.8239243751795811e+003	
  2.0280000000000000e+004	  3.2440562146548882e+003	 -3.8212527655670069e+003	
  2.0310000000000000e+004	  3.2451332851329107e+003	 -3.8228334674980870e+003	
  2.0340000000000000e+004	  3.2464453506086138e+003	 -3.8237017403354557e+003	
  2.0370000000000000e+004	  3.2439778821066611e+003	 -3.8227666775325770e+003	
  2.0400000000000000e+004	  3.2313663768444994e+003	 -3.8085626157833103e+003	
  2.0430000000000000e+004	  3.2169140592041999e+003	 -3.7880580051731131e+003	
  2.0460000000000000e+004	  3.2066721058242392e+003	 -3.7608521074722858e+003	
  2.0490000000000000e+004	  3.1951180855297994e+003	 -3.7368966661517452e+003	
  2.0520000000000000e+004	  3.1630801573645535e+003	 -3.7148781442378800e+003	
  2.0550000000000000e+004	  3.1303764050090185e+003	 -3.7060395667399644e+003	
  2.0580000000000000e+004	  3.1013738555653044e+003	 -3.7002065506155900e+003	
  2.0610000000000000e+004	  3.0733308779612644e+003	 -3.6913234446524802e+003	
  2.0640000000000000e+004	  3.0441716642329993e+003	 -3.6813049075317876e+003	
  2.0670000000000000e+004	  3.0194186450074199e+003	 -3.6528077295017852e+003	
  2.0700000000000000e+004	  3.0114874956558692e+003	 -3.6210600920574348e+003	
  2.0730000000000000e+004	  3.0081975364783852e+003	 -3.5831009608793479e+003	
  2.0760000000000000e+004	  3.0032234330503547e+003	 -3.5464998988047346e+003	
  2.0790000000000000e+004	  3.0001880558145449e+003	 -3.5089860353541126e+003	
  2.0820000000000000e+004	  2.9931577277126949e+003	 -3.4815575036289456e+003	
  2.0850000000000000e+004	  2.9930793942596210e+003	 -3.4465594068404557e+003	
  2.0880000000000000e+004	  2.9926681487952919e+003	 -3.4124295831381583e+003	
  2.0910000000000000e+004	  2.9835424323306279e+003	 -3.3781439178804176e+003	
  2.0940000000000000e+004	  2.9807028846792164e+003	 -3.3476430315362204e+003	
  2.0970000000000000e+004	  2.9797433151724708e+003	 -3.3091050537349961e+003	
  2.1000000000000000e+004	  3.0075512937214298e+003	 -3.2744631716133131e+003	
  2.1030000000000000e+004	  3.0049467437303820e+003	 -3.2621292359251820e+003	
  2.1060000000000000e+004	  3.0062588113893316e+003	 -3.2637544665347623e+003	
  2.1090000000000000e+004	  3.0061021461847581e+003	 -3.2638880456089937e+003	
  2.1120000000000000e+004	  3.0101950107171133e+003	 -3.2625299777403070e+003	
  2.1150000000000000e+004	  3.0104300078155775e+003	 -3.2605930604422765e+003	
  2.1180000000000000e+004	  3.0104887586445852e+003	 -3.2628639290067244e+003	
  2.1210000000000000e+004	  3.0155803601766870e+003	 -3.2469455850545660e+003	
  2.1240000000000000e+004	  3.0079037902180926e+003	 -3.2286673159614293e+003	
  2.1270000000000000e+004	  3.0067483895511132e+003	 -3.2153315263633535e+003	
  2.1300000000000000e+004	  3.0092158570804036e+003	 -3.2015504717585491e+003	
  2.1330000000000000e+004	  3.0152278645917750e+003	 -3.1682889202019323e+003	
  2.1360000000000000e+004	  3.0253327365534196e+003	 -3.1403928557797635e+003	
  2.1390000000000000e+004	  3.0281135349582901e+003	 -3.1166377875559810e+003	
  2.1420000000000000e+004	  3.0264881390426426e+003	 -3.0861591646832735e+003	
  2.1450000000000000e+004	  3.0260768931329367e+003	 -3.0698846044573083e+003	
  2.1480000000000000e+004	  3.0274672926631524e+003	 -3.0386267628446103e+003	
  2.1510000000000000e+004	  3.0264293897030839e+003	 -3.0060108525426813e+003	
  2.1540000000000000e+004	  3.0311489126414235e+003	 -2.9725711963947169e+003	
  2.1570000000000000e+004	  3.0481666136377244e+003	 -2.9542484021460527e+003	
  2.1600000000000000e+004	  3.0760137601616866e+003	 -2.9515545274023934e+003	
  2.1630000000000000e+004	  3.0963018368701514e+003	 -2.9571871730820867e+003	
  2.1660000000000000e+004	  3.0980838983513800e+003	 -2.9574765965806773e+003	
  2.1690000000000000e+004	  3.0989651367194324e+003	 -2.9590127735905721e+003	
  2.1720000000000000e+004	  3.1029992522070761e+003	 -2.9638439343524656e+003	
