  0.0000000000000000e+000	 -1.9483144748515616e+002	 -2.8691256076391551e+002	
  3.0000000000000000e+001	 -1.9071898757036263e+002	 -2.8835970317504069e+002	
  6.0000000000000000e+001	 -1.6486931123072281e+002	 -2.3214456361969809e+002	
  9.0000000000000000e+001	 -1.1043831236890624e+001	 -1.8216318430059118e+002	
  1.2000000000000000e+002	  7.2379633228603382e+001	 -8.7209649648375077e+001	
  1.5000000000000000e+002	 -5.9512250206781921e+001	 -1.4742171670691054e+001	
  1.8000000000000000e+002	 -6.8226721678552494e+001	  1.0583162637391663e+000	
  2.1000000000000000e+002	 -6.4897647316026791e+001	 -6.3924291870157957e+000	
  2.4000000000000000e+002	 -6.6855887703161699e+001	 -6.3924291870157957e+000	
  2.7000000000000000e+002	 -6.6268439729464689e+001	 -5.0558926646239009e+000	
  3.0000000000000000e+002	 -6.7051772371744306e+001	 -4.9457135355331667e+000	
  3.3000000000000000e+002	 -6.5387179923688620e+001	 -5.3913515008861905e+000	
  3.6000000000000000e+002	 -5.6281023178996257e+001	  3.6239886672608184e+000	
  3.9000000000000000e+002	 -2.0639793070804956e+001	  2.1880998872745764e+001	
  4.2000000000000000e+002	 -9.8685714855752984e+000	  7.0971871852007993e+001	
  4.5000000000000000e+002	 -2.3087583236790440e+001	  1.0637072008876572e+002	
  4.8000000000000000e+002	 -3.0529319274043427e+001	  1.2384751065357055e+002	
  5.1000000000000000e+002	 -3.7579241924187116e+001	  1.2841152148195383e+002	
  5.4000000000000000e+002	 -3.5816567999896215e+001	  1.2596247647985244e+002	
  5.7000000000000000e+002	 -4.1201943771840064e+001	  1.3475661022865100e+002	
  6.0000000000000000e+002	 -4.2279060705525715e+001	  1.3152835967638165e+002	
  6.3000000000000000e+002	 -4.7468644200928047e+001	  1.3509050097775506e+002	
  6.6000000000000000e+002	 -3.9929191389746578e+001	  1.3186230751973523e+002	
  6.9000000000000000e+002	 -4.7958194404132456e+001	  1.4099031869821385e+002	
  7.2000000000000000e+002	 -4.8154046519507730e+001	  1.4477511439981927e+002	
  7.5000000000000000e+002	 -4.7664518091672647e+001	  1.5946895423661971e+002	
  7.8000000000000000e+002	 -5.8631041450947009e+001	  1.9264146024597855e+002	
  8.1000000000000000e+002	 -5.5399857322807826e+001	  2.0021103062818960e+002	
  8.4000000000000000e+002	 -5.5595570130767989e+001	  1.9909783544745346e+002	
  8.7000000000000000e+002	 -5.7553917015475946e+001	  1.9776202884696175e+002	
  9.0000000000000000e+002	 -6.2253916443013914e+001	  1.9920913563650254e+002	
  9.3000000000000000e+002	 -5.9903909288672331e+001	  1.9431121148201180e+002	
  9.6000000000000000e+002	 -5.4812316200684947e+001	  1.9854126299077217e+002	
  9.9000000000000000e+002	 -5.7847743855368321e+001	  2.0188076802137215e+002	
  1.0200000000000000e+003	 -7.7528729789656225e+001	  2.3394010141938003e+002	
  1.0500000000000000e+003	 -8.3501583734972286e+001	  3.2032219111537489e+002	
  1.0800000000000000e+003	 -6.0393538187875095e+001	  4.2418103361878815e+002	
  1.1100000000000000e+003	 -4.1691634001168232e+001	  5.3616604533572342e+002	
  1.1400000000000000e+003	 -1.7995894344396941e+001	  6.3479299356955460e+002	
  1.1700000000000000e+003	  3.0546031016399171e+000	  7.1026598776153071e+002	
  1.2000000000000000e+003	  2.1463596172024495e+001	  7.6870746055293648e+002	
  1.2300000000000000e+003	  4.0654962004581307e+001	  8.1312299082927359e+002	
  1.2600000000000000e+003	  4.1536222353685773e+001	  8.5920826523462426e+002	
  1.2900000000000000e+003	  6.4546377803971779e+001	  8.9182418201159987e+002	
  1.3200000000000000e+003	  6.3958901094617801e+001	  9.5026565378406156e+002	
  1.3500000000000000e+003	  4.1340371513655541e+001	  1.0176125013938121e+003	
  1.3800000000000000e+003	  2.9688279808375675e+001	  1.0871856887640495e+003	
  1.4100000000000000e+003	  1.5392602397411672e+001	  1.1375010166109221e+003	
  1.4400000000000000e+003	  2.4498843563073329e+001	  1.1480761458525933e+003	
  1.4700000000000000e+003	  3.0275895440777482e+001	  1.1523061918196786e+003	
  1.5000000000000000e+003	  1.6469845479718678e+001	  1.1476308751600318e+003	
  1.5300000000000000e+003	  1.3870573862532394e+000	  1.1634379050247303e+003	
  1.5600000000000000e+003	 -7.7146172038141172e+000	  1.1907105936866246e+003	
  1.5900000000000000e+003	 -3.1508317077339811e+001	  1.2115268853645839e+003	
  1.6200000000000000e+003	 -6.3820563883648866e+001	  1.2192077680425884e+003	
  1.6500000000000000e+003	 -9.3978505365681684e+001	  1.2114155697825299e+003	
  1.6800000000000000e+003	 -9.1041097149239889e+001	  1.2235491370187549e+003	
  1.7100000000000000e+003	 -8.8201516549348653e+001	  1.2251075788320788e+003	
  1.7400000000000000e+003	 -8.7516100291484179e+001	  1.2268886470319260e+003	
  1.7700000000000000e+003	 -8.0857873800441524e+001	  1.2434748947118510e+003	
  1.8000000000000000e+003	 -7.9291230666685763e+001	  1.2532708013060776e+003	
  1.8300000000000000e+003	 -7.7626649114540527e+001	  1.2716381250592908e+003	
  1.8600000000000000e+003	 -7.6941238271641097e+001	  1.3087067180406482e+003	
  1.8900000000000000e+003	 -8.1934889588150185e+001	  1.3349775533120874e+003	
  1.9200000000000000e+003	 -9.9461797109791860e+001	  1.3675934596861996e+003	
  1.9500000000000000e+003	 -1.0660961642954958e+002	  1.4159050878021376e+003	
  1.9800000000000000e+003	 -1.0386802850397468e+002	  1.4637714399427925e+003	
  2.0100000000000000e+003	 -1.0083263277210902e+002	  1.5229921362817186e+003	
  2.0400000000000000e+003	 -1.0563048316110211e+002	  1.5671850254498361e+003	
  2.0700000000000000e+003	 -1.1924069858454976e+002	  1.5694113647382660e+003	
  2.1000000000000000e+003	 -1.6212770720308453e+002	  1.5822128297606314e+003	
  2.1300000000000000e+003	 -1.5400073604757111e+002	  1.6033630782800637e+003	
  2.1600000000000000e+003	 -1.1326787399654694e+002	  1.6441051405155845e+003	
  2.1900000000000000e+003	 -1.1571574550713416e+002	  1.6887432946731608e+003	
  2.2200000000000000e+003	 -1.4264251289767637e+002	  1.7243647694645090e+003	
  2.2500000000000000e+003	 -1.4763618946593857e+002	  1.7308211597767593e+003	
  2.2800000000000000e+003	 -1.5076951430646986e+002	  1.7321569623443040e+003	
  2.3100000000000000e+003	 -1.5106323409102026e+002	  1.7333814523746059e+003	
  2.3400000000000000e+003	 -1.5076951430646986e+002	  1.7388359895294236e+003	
  2.3700000000000000e+003	 -1.4655914643046438e+002	  1.7378341386761851e+003	
  2.4000000000000000e+003	 -1.2658440697098511e+002	  1.6986505206519275e+003	
  2.4300000000000000e+003	 -1.1542203120458078e+002	  1.6505615283623893e+003	
  2.4600000000000000e+003	 -1.2815103270772295e+002	  1.6339752806939082e+003	
  2.4900000000000000e+003	 -1.6222562006940566e+002	  1.6099307916460430e+003	
  2.5200000000000000e+003	 -1.6741511892251222e+002	  1.5837712679981953e+003	
  2.5500000000000000e+003	 -1.2883641354537906e+002	  1.5632889227315936e+003	
  2.5800000000000000e+003	 -9.9951396517011631e+001	  1.5591701927815391e+003	
  2.6100000000000000e+003	 -8.9768165607913971e+001	  1.5544948786952359e+003	
  2.6400000000000000e+003	 -1.0239929882025606e+002	  1.5346804318659238e+003	
  2.6700000000000000e+003	 -1.0386802850397468e+002	  1.5386878451221744e+003	
  2.7000000000000000e+003	 -1.0435759887014990e+002	  1.5392444318105836e+003	
  2.7300000000000000e+003	 -1.0651171380893435e+002	  1.5403576028942921e+003	
  2.7600000000000000e+003	 -1.0582633466151562e+002	  1.5415820881475390e+003	
  2.7900000000000000e+003	 -8.9180681641462343e+001	  1.5473705791063007e+003	
  2.8200000000000000e+003	 -9.2411882064702453e+001	  1.5639568266104839e+003	
  2.8500000000000000e+003	 -9.2216043844077092e+001	  1.5630662930651306e+003	
  2.8800000000000000e+003	 -9.3097297627132548e+001	  1.5662944848349193e+003	
  2.9100000000000000e+003	 -9.1334841578416587e+001	  1.5626210223921146e+003	
  2.9400000000000000e+003	 -9.2803583990117772e+001	  1.5628436548028876e+003	
  2.9700000000000000e+003	 -9.3880611663705594e+001	  1.5627323425621266e+003	
  3.0000000000000000e+003	 -9.3684758419676825e+001	  1.5623983871635228e+003	
  3.0300000000000000e+003	 -9.3488977955811407e+001	  1.5606173137166329e+003	
  3.0600000000000000e+003	 -9.2705618802941714e+001	  1.5597267787307228e+003	
  3.0900000000000000e+003	 -9.2313990425250537e+001	  1.5596154612151379e+003	
  3.1200000000000000e+003	 -9.2607745053903287e+001	  1.5609512653585839e+003	
  3.1500000000000000e+003	 -9.1530640891997521e+001	  1.5580570215163470e+003	
  3.1800000000000000e+003	 -8.4970297889341737e+001	  1.5559419998759511e+003	
  3.2100000000000000e+003	 -8.2718260459715779e+001	  1.5399123324811699e+003	
  3.2400000000000000e+003	 -8.2522458171978229e+001	  1.5385765288668026e+003	
  3.2700000000000000e+003	 -8.5557765733630859e+001	  1.5412481416659000e+003	
  3.3000000000000000e+003	 -1.1943654183182039e+002	  1.5360162365772262e+003	
  3.3300000000000000e+003	 -1.5204240019562960e+002	  1.5357935998242581e+003	
  3.3600000000000000e+003	 -1.8895652015676527e+002	  1.5246618882310670e+003	
  3.3900000000000000e+003	 -2.2342277205546898e+002	  1.5085209107063447e+003	
  3.4200000000000000e+003	 -2.4770579688296598e+002	  1.5172036458326068e+003	
  3.4500000000000000e+003	 -2.7473045525923362e+002	  1.5239939865055135e+003	
  3.4800000000000000e+003	 -3.0841334777848181e+002	  1.5136415043325908e+003	
  3.5100000000000000e+003	 -3.1810698878397011e+002	  1.5042908637378860e+003	
  3.5400000000000000e+003	 -3.3769007108804175e+002	  1.5077416895151271e+003	
  3.5700000000000000e+003	 -3.3259845792112202e+002	  1.5307843316467599e+003	
  3.6000000000000000e+003	 -3.4317334422992820e+002	  1.5121943768430401e+003	
  3.6300000000000000e+003	 -3.3710257565499643e+002	  1.5189847192688342e+003	
  3.6600000000000000e+003	 -3.4757952519124643e+002	  1.5297824793963475e+003	
  3.6900000000000000e+003	 -3.5394403025843104e+002	  1.5354596503462542e+003	
  3.7200000000000000e+003	 -3.5071282313991486e+002	  1.5265542831543960e+003	
  3.7500000000000000e+003	 -3.4816702208039823e+002	  1.5182054992406820e+003	
  3.7800000000000000e+003	 -3.4150876713797589e+002	  1.5104133037081278e+003	
  3.8100000000000000e+003	 -3.3103181612532478e+002	  1.5044021771967587e+003	
  3.8400000000000000e+003	 -3.3093391320313270e+002	  1.5040682271192900e+003	
  3.8700000000000000e+003	 -3.3210889685611090e+002	  1.5017305662921822e+003	
  3.9000000000000000e+003	 -3.3299013648756767e+002	  1.5041795420415085e+003	
  3.9300000000000000e+003	 -3.3524218441532355e+002	  1.5065172040285288e+003	
  3.9600000000000000e+003	 -3.3710257565499643e+002	  1.5077416895151271e+003	
  3.9900000000000000e+003	 -3.4033379062499625e+002	  1.5026211040620135e+003	
  4.0200000000000000e+003	 -3.4052961423091097e+002	  1.5030663733972226e+003	
  4.0500000000000000e+003	 -3.4072544458561924e+002	  1.5012853038746230e+003	
  4.0800000000000000e+003	 -3.4033379062499625e+002	  1.5039569099639723e+003	
  4.1100000000000000e+003	 -3.3788590312481608e+002	  1.5001721280899324e+003	
  4.1400000000000000e+003	 -3.3700466738668592e+002	  1.4992815936323059e+003	
  4.1700000000000000e+003	 -3.3406720317807515e+002	  1.4982797374066911e+003	
  4.2000000000000000e+003	 -3.2848602728421730e+002	  1.4962760317941618e+003	
  4.2300000000000000e+003	 -3.1712782668429247e+002	  1.5038455935782026e+003	
  4.2600000000000000e+003	 -3.1742157091021568e+002	  1.5047361311953111e+003	
  4.2900000000000000e+003	 -3.1751948689898347e+002	  1.5038455935782026e+003	
  4.3200000000000000e+003	 -3.1458202937117403e+002	  1.5058493011534956e+003	
  4.3500000000000000e+003	 -3.2094652649355572e+002	  1.5151999338583698e+003	
  4.3800000000000000e+003	 -3.2094652649355572e+002	  1.5139754487860298e+003	
  4.4100000000000000e+003	 -3.2172985678298039e+002	  1.5151999338583698e+003	
  4.4400000000000000e+003	 -3.2349232885561690e+002	  1.5177602316998100e+003	
  4.4700000000000000e+003	 -3.2584230198697293e+002	  1.5188734011104764e+003	
  4.5000000000000000e+003	 -3.2055488319049704e+002	  1.5154225682246863e+003	
  4.5300000000000000e+003	 -3.2241526269649955e+002	  1.5196526234049695e+003	
  4.5600000000000000e+003	 -3.2231736273874645e+002	  1.5263316480501289e+003	
  4.5900000000000000e+003	 -3.0978417289828752e+002	  1.5163131064341080e+003	
  4.6200000000000000e+003	 -3.0694461790902847e+002	  1.5202092098281942e+003	
  4.6500000000000000e+003	 -3.1526743216804266e+002	  1.5032890081772834e+003	
  4.6800000000000000e+003	 -3.3034641953671610e+002	  1.4933817847111145e+003	
  4.7100000000000000e+003	 -3.3915880494380929e+002	  1.4898196366345007e+003	
  4.7400000000000000e+003	 -3.3191305801917724e+002	  1.4922686147616025e+003	
  4.7700000000000000e+003	 -3.5521694532295743e+002	  1.4799124148438934e+003	
  4.8000000000000000e+003	 -3.8410198900834121e+002	  1.4773521226193411e+003	
  4.8300000000000000e+003	 -4.0632879569511198e+002	  1.4875932986388302e+003	
  4.8600000000000000e+003	 -4.0564339031831059e+002	  1.4757936834078148e+003	
  4.8900000000000000e+003	 -4.0583921613336116e+002	  1.4790218807242477e+003	
  4.9200000000000000e+003	 -3.9927888384518610e+002	  1.4713410013744972e+003	
  4.9500000000000000e+003	 -3.9888721630862898e+002	  1.4700051984568283e+003	
  4.9800000000000000e+003	 -4.0055177984289395e+002	  1.4723428542269503e+003	
  5.0100000000000000e+003	 -4.2297440497509155e+002	  1.4598753368568339e+003	
  5.0400000000000000e+003	 -3.9859346802681148e+002	  1.4676675334853890e+003	
  5.0700000000000000e+003	 -3.9213105378213976e+002	  1.4588734849413725e+003	
  5.1000000000000000e+003	 -4.0133509599437775e+002	  1.4604319263129064e+003	
  5.1300000000000000e+003	 -3.9937679159983827e+002	  1.4603206074554776e+003	
  5.1600000000000000e+003	 -3.9692890703133082e+002	  1.4562018720161118e+003	
  5.1900000000000000e+003	 -4.0916834187401201e+002	  1.4531963150108108e+003	
  5.2200000000000000e+003	 -4.1132247773844756e+002	  1.4506360212612510e+003	
  5.2500000000000000e+003	 -4.0055177984289395e+002	  1.4513039253882807e+003	
  5.2800000000000000e+003	 -4.1142039545801060e+002	  1.4533076295260473e+003	
  5.3100000000000000e+003	 -3.8870401859022041e+002	  1.4507473361027044e+003	
  5.3400000000000000e+003	 -3.8596238149275030e+002	  1.4485209915977525e+003	
  5.3700000000000000e+003	 -3.9448102485237803e+002	  1.4514152419031609e+003	
  5.4000000000000000e+003	 -3.9330604329721211e+002	  1.4665543633628376e+003	
  5.4300000000000000e+003	 -4.0975583033780367e+002	  1.4546434347482134e+003	
  5.4600000000000000e+003	 -3.9242479435853494e+002	  1.4695599273355840e+003	
  5.4900000000000000e+003	 -3.6898330999065229e+002	  1.4752972681881395e+003	
  5.5200000000000000e+003	 -3.9360957566845684e+002	  1.4924578527462415e+003	
  5.5500000000000000e+003	 -4.0133509599437775e+002	  1.4499681147189253e+003	
  5.5800000000000000e+003	 -4.0111280168515162e+002	  1.4504239130534440e+003	
  5.6100000000000000e+003	 -3.9888985859289016e+002	  1.4549818963986279e+003	
  5.6400000000000000e+003	 -3.9666691550062876e+002	  1.4595398797438120e+003	
  5.6700000000000000e+003	 -3.9918097118124285e+002	  1.4464059699891277e+003	
  5.7000000000000000e+003	 -3.9898514093971318e+002	  1.4460720182163564e+003	
  5.7300000000000000e+003	 -3.9898514093971318e+002	  1.4460720182163564e+003	
  5.7600000000000000e+003	 -3.9898514093971318e+002	  1.4460720182163564e+003	
  5.7900000000000000e+003	 -3.9898514093971318e+002	  1.4460720182163564e+003	
  5.8200000000000000e+003	 -3.9898514093971318e+002	  1.4460720182163564e+003	
  5.8500000000000000e+003	 -3.9898514093971318e+002	  1.4460720182163564e+003	
  5.8800000000000000e+003	 -3.9898514093971318e+002	  1.4460720182163564e+003	
  5.9100000000000000e+003	 -3.9898514093971318e+002	  1.4460720182163564e+003	
  5.9400000000000000e+003	 -3.9898514093971318e+002	  1.4460720182163564e+003	
  5.9700000000000000e+003	 -3.9898514093971318e+002	  1.4460720182163564e+003	
  6.0000000000000000e+003	 -3.9898514093971318e+002	  1.4460720182163564e+003	
  6.0300000000000000e+003	 -3.9898514093971318e+002	  1.4460720182163564e+003	
  6.0600000000000000e+003	 -3.9898514093971318e+002	  1.4460720182163564e+003	
  6.0900000000000000e+003	 -3.9898514093971318e+002	  1.4460720182163564e+003	
  6.1200000000000000e+003	 -3.9898514093971318e+002	  1.4460720182163564e+003	
  6.1500000000000000e+003	 -3.9898514093971318e+002	  1.4460720182163564e+003	
  6.1800000000000000e+003	 -3.9898514093971318e+002	  1.4460720182163564e+003	
  6.2100000000000000e+003	 -3.9898514093971318e+002	  1.4460720182163564e+003	
  6.2400000000000000e+003	 -3.9898514093971318e+002	  1.4460720182163564e+003	
  6.2700000000000000e+003	 -3.9898514093971318e+002	  1.4460720182163564e+003	
  6.3000000000000000e+003	 -3.9898514093971318e+002	  1.4460720182163564e+003	
  6.3300000000000000e+003	 -3.9898514093971318e+002	  1.4460720182163564e+003	
  6.3600000000000000e+003	 -3.9898514093971318e+002	  1.4460720182163564e+003	
  6.3900000000000000e+003	 -3.9898514093971318e+002	  1.4460720182163564e+003	
  6.4200000000000000e+003	 -3.9898514093971318e+002	  1.4460720182163564e+003	
  6.4500000000000000e+003	 -3.9898514093971318e+002	  1.4460720182163564e+003	
  6.4800000000000000e+003	 -3.9898514093971318e+002	  1.4460720182163564e+003	
  6.5100000000000000e+003	 -3.9898514093971318e+002	  1.4460720182163564e+003	
  6.5400000000000000e+003	 -3.9898514093971318e+002	  1.4460720182163564e+003	
  6.5700000000000000e+003	 -3.9898514093971318e+002	  1.4460720182163564e+003	
  6.6000000000000000e+003	 -3.9898514093971318e+002	  1.4460720182163564e+003	
  6.6300000000000000e+003	 -3.9898514093971318e+002	  1.4460720182163564e+003	
  6.6600000000000000e+003	 -3.9898514093971318e+002	  1.4460720182163564e+003	
  6.6900000000000000e+003	 -3.9898514093971318e+002	  1.4460720182163564e+003	
  6.7200000000000000e+003	 -3.9898514093971318e+002	  1.4460720182163564e+003	
  6.7500000000000000e+003	 -3.9898514093971318e+002	  1.4460720182163564e+003	
  6.7800000000000000e+003	 -3.9898514093971318e+002	  1.4460720182163564e+003	
  6.8100000000000000e+003	 -3.9898514093971318e+002	  1.4460720182163564e+003	
  6.8400000000000000e+003	 -3.9898514093971318e+002	  1.4460720182163564e+003	
  6.8700000000000000e+003	 -3.9898514093971318e+002	  1.4460720182163564e+003	
  6.9000000000000000e+003	 -3.9898514093971318e+002	  1.4460720182163564e+003	
  6.9300000000000000e+003	 -3.9898514093971318e+002	  1.4460720182163564e+003	
  6.9600000000000000e+003	 -3.9898514093971318e+002	  1.4460720182163564e+003	
  6.9900000000000000e+003	 -3.9898514093971318e+002	  1.4460720182163564e+003	
  7.0200000000000000e+003	 -3.9898514093971318e+002	  1.4460720182163564e+003	
  7.0500000000000000e+003	 -3.9898514093971318e+002	  1.4460720182163564e+003	
  7.0800000000000000e+003	 -4.3447569827212681e+002	  1.4566242339315552e+003	
  7.1100000000000000e+003	 -4.7300857242400474e+002	  1.4680810052741081e+003	
  7.1400000000000000e+003	 -5.1154144657588279e+002	  1.4795377766166609e+003	
  7.1700000000000000e+003	 -5.5007432072776066e+002	  1.4909945479592141e+003	
  7.2000000000000000e+003	 -5.5927269478863263e+002	  1.4941832675446276e+003	
  7.2300000000000000e+003	 -5.2793974991228572e+002	  1.5143094008669846e+003	
  7.2600000000000000e+003	 -5.0865040926530628e+002	  1.4805803200494063e+003	
  7.2900000000000000e+003	 -5.0006887933349537e+002	  1.4739999406778611e+003	
  7.3200000000000000e+003	 -4.8836679306284418e+002	  1.4650266960802999e+003	
  7.3500000000000000e+003	 -4.7666470679219304e+002	  1.4560534514827384e+003	
  7.3800000000000000e+003	 -4.6496262052154185e+002	  1.4470802068851772e+003	
  7.4100000000000000e+003	 -4.5326053425089071e+002	  1.4381069622876157e+003	
  7.4400000000000000e+003	 -4.4155844798023946e+002	  1.4291337176900540e+003	
  7.4700000000000000e+003	 -4.2985636170958833e+002	  1.4201604730924928e+003	
  7.5000000000000000e+003	 -4.1815427543893713e+002	  1.4111872284949311e+003	
  7.5300000000000000e+003	 -4.2309191358954439e+002	  1.4686693899361528e+003	
  7.5600000000000000e+003	 -4.0858084218890787e+002	  1.4887732568161748e+003	
  7.5900000000000000e+003	 -3.8609946359871549e+002	  1.4885060977298185e+003	
  7.6200000000000000e+003	 -3.7836414030456854e+002	  1.4733669680486726e+003	
  7.6500000000000000e+003	 -3.6017145406144971e+002	  1.4726990674048975e+003	
  7.6800000000000000e+003	 -3.6718220130412772e+002	  1.4760163173938156e+003	
  7.7100000000000000e+003	 -3.7068756519956071e+002	  1.4780200238954403e+003	
  7.7400000000000000e+003	 -3.6808302482906674e+002	  1.4768400649502817e+003	
  7.7700000000000000e+003	 -3.3859089733876618e+002	  1.4781536045282937e+003	
  7.8000000000000000e+003	 -3.2443232198323824e+002	  1.4723651162231131e+003	
  7.8300000000000000e+003	 -3.2026112481262879e+002	  1.4712742100490252e+003	
  7.8600000000000000e+003	 -3.2515689920853686e+002	  1.4843428385467073e+003	
  7.8900000000000000e+003	 -3.2249359833694672e+002	  1.4948956990773299e+003	
  7.9200000000000000e+003	 -3.0375258396832146e+002	  1.5163798981199375e+003	
  7.9500000000000000e+003	 -2.7341837835527178e+002	  1.5245283136641847e+003	
  7.9800000000000000e+003	 -2.7042216217526146e+002	  1.5213669046033883e+003	
  8.0100000000000000e+003	 -2.8207410858625360e+002	  1.5096340810427569e+003	
  8.0400000000000000e+003	 -2.6504533070092037e+002	  1.5341819239635881e+003	
  8.0700000000000000e+003	 -2.8246576152088790e+002	  1.5246841531882608e+003	
  8.1000000000000000e+003	 -2.8544240496086576e+002	  1.5244058605651644e+003	
  8.1300000000000000e+003	 -2.8546197960783024e+002	  1.5237268283581120e+003	
  8.1600000000000000e+003	 -2.8608864137503247e+002	  1.5301164288206733e+003	
  8.1900000000000000e+003	 -2.8373866682551460e+002	  1.5288140205237619e+003	
  8.2200000000000000e+003	 -2.8351347459349938e+002	  1.5219568849205375e+003	
  8.2500000000000000e+003	 -2.8552073331803547e+002	  1.5219346196776260e+003	
  8.2800000000000000e+003	 -2.8935901673848622e+002	  1.5262648573760575e+003	
  8.3100000000000000e+003	 -2.9264898139308661e+002	  1.5232815568399096e+003	
  8.3400000000000000e+003	 -2.9023046157055160e+002	  1.5265654146701074e+003	
  8.3700000000000000e+003	 -2.8598093359528428e+002	  1.5199309141006784e+003	
  8.4000000000000000e+003	 -2.8683279221373050e+002	  1.5252407404951502e+003	
  8.4300000000000000e+003	 -2.8676426663185106e+002	  1.5285913830028981e+003	
  8.4600000000000000e+003	 -2.8788048643650893e+002	  1.5237490901210203e+003	
  8.4900000000000000e+003	 -2.8854631672583145e+002	  1.5223019686583557e+003	
  8.5200000000000000e+003	 -2.8807632522447432e+002	  1.5220682008530391e+003	
  8.5500000000000000e+003	 -2.8428699202509551e+002	  1.5142982691935279e+003	
  8.5800000000000000e+003	 -2.8671529259728931e+002	  1.5236377741370941e+003	
  8.6100000000000000e+003	 -2.8434574151217174e+002	  1.5191850896245512e+003	
  8.6400000000000000e+003	 -2.8714613530256867e+002	  1.5215561421944642e+003	
  8.6700000000000000e+003	 -2.8698946266475070e+002	  1.5225134710716416e+003	
  8.7000000000000000e+003	 -2.9087670489559474e+002	  1.5186173723177594e+003	
  8.7300000000000000e+003	 -2.8758674304197405e+002	  1.5176600452339806e+003	
  8.7600000000000000e+003	 -2.8790987445972513e+002	  1.5215004849375014e+003	
  8.7900000000000000e+003	 -2.9260979324476011e+002	  1.5237602198037928e+003	
  8.8200000000000000e+003	 -2.9163065509732888e+002	  1.5262871211197914e+003	
  8.8500000000000000e+003	 -2.9135648569181632e+002	  1.5278900864587224e+003	
  8.8800000000000000e+003	 -2.9450936789747885e+002	  1.5234930578999370e+003	
  8.9100000000000000e+003	 -2.8533468779196090e+002	  1.5299271907840161e+003	
  8.9400000000000000e+003	 -2.8494302308420436e+002	  1.5286247804528255e+003	
  8.9700000000000000e+003	 -2.8988776151952953e+002	  1.5304837752263520e+003	
  9.0000000000000000e+003	 -2.8872256455334082e+002	  1.5301720869835649e+003	
  9.0300000000000000e+003	 -2.9282521668316679e+002	  1.5271108652215084e+003	
  9.0600000000000000e+003	 -2.8601030301642106e+002	  1.5256192164910135e+003	
  9.0900000000000000e+003	 -2.8838964601112320e+002	  1.5205654214879130e+003	
  9.1200000000000000e+003	 -2.9262939237089302e+002	  1.5206210798344991e+003	
  9.1500000000000000e+003	 -2.9133690665818392e+002	  1.5207435279692904e+003	
  9.1800000000000000e+003	 -2.9088650377595889e+002	  1.5231257167004701e+003	
  9.2100000000000000e+003	 -2.8394429515442602e+002	  1.5262091991244756e+003	
  9.2400000000000000e+003	 -2.8310222365013021e+002	  1.5264874914821223e+003	
  9.2700000000000000e+003	 -2.7985142105588449e+002	  1.5297602145759213e+003	
  9.3000000000000000e+003	 -2.8570676556317778e+002	  1.5323205086939984e+003	
  9.3300000000000000e+003	 -3.0862877458486628e+002	  1.5070737882174349e+003	
  9.3600000000000000e+003	 -3.1935051575211725e+002	  1.4791220632441980e+003	
  9.3900000000000000e+003	 -3.2183756490270463e+002	  1.4715747649643042e+003	
  9.4200000000000000e+003	 -3.0833502325465577e+002	  1.4821164980146484e+003	
  9.4500000000000000e+003	 -2.9954221062546884e+002	  1.5071294503965478e+003	
  9.4800000000000000e+003	 -2.8754759505551340e+002	  1.5158344442650173e+003	
  9.5100000000000000e+003	 -2.7907789767901426e+002	  1.5237602198576510e+003	
  9.5400000000000000e+003	 -2.6217769035966847e+002	  1.5135301806850621e+003	
  9.5700000000000000e+003	 -2.2496004150971106e+002	  1.5045023635719340e+003	
  9.6000000000000000e+003	 -1.9409708395380352e+002	  1.5223576276384736e+003	
  9.6300000000000000e+003	 -1.9846411010508805e+002	  1.5224912066493405e+003	
  9.6600000000000000e+003	 -2.0495590704097646e+002	  1.5073966088448803e+003	
  9.6900000000000000e+003	 -1.9686809675275055e+002	  1.5121943781863686e+003	
  9.7200000000000000e+003	 -1.8840818766285514e+002	  1.5485505407878882e+003	
  9.7500000000000000e+003	 -1.8647927268850100e+002	  1.5725059812926306e+003	
  9.7800000000000000e+003	 -2.0077490183040692e+002	  1.6047211471090920e+003	
  9.8100000000000000e+003	 -2.0035387270155232e+002	  1.6049660441827168e+003	
  9.8400000000000000e+003	 -2.0191073834481278e+002	  1.6040532481606829e+003	
  9.8700000000000000e+003	 -2.0021679937935716e+002	  1.6001571490511574e+003	
  9.9000000000000000e+003	 -1.9849349339342535e+002	  1.6006803408356766e+003	
  9.9300000000000000e+003	 -2.0151907113680508e+002	  1.5966617926775766e+003	
  9.9600000000000000e+003	 -1.9959992949765646e+002	  1.6073482333423476e+003	
  9.9900000000000000e+003	 -1.9813120126199146e+002	  1.6033296843384919e+003	
  1.0020000000000000e+004	 -2.0200864886641909e+002	  1.5988436075579032e+003	
  1.0050000000000000e+004	 -1.9291231707721712e+002	  1.5990105824645370e+003	
  1.0080000000000000e+004	 -1.9912993594167725e+002	  1.5971181920567683e+003	
  1.0110000000000000e+004	 -2.2245339804760675e+002	  1.6196821665141920e+003	
  1.0140000000000000e+004	 -2.3967672203870410e+002	  1.6291107272333156e+003	
  1.0170000000000000e+004	 -2.4084190170501034e+002	  1.6438045837695834e+003	
  1.0200000000000000e+004	 -2.3926548872012836e+002	  1.6651329396613023e+003	
  1.0230000000000000e+004	 -2.4283938857693516e+002	  1.6888991405455374e+003	
  1.0260000000000000e+004	 -2.2610563016489905e+002	  1.7123536536699144e+003	
  1.0290000000000000e+004	 -1.8903486247839737e+002	  1.7309213455879865e+003	
  1.0320000000000000e+004	 -1.5715360511065100e+002	  1.7353295044988110e+003	
  1.0350000000000000e+004	 -1.4423853092795150e+002	  1.7198564247397578e+003	
  1.0380000000000000e+004	 -1.4609893986221348e+002	  1.7173629215884000e+003	
  1.0410000000000000e+004	 -1.5238512830577542e+002	  1.7284055805440796e+003	
  1.0440000000000000e+004	 -1.5388320837681798e+002	  1.7314556658123242e+003	
  1.0470000000000000e+004	 -1.5970918804298191e+002	  1.7312107711695548e+003	
  1.0500000000000000e+004	 -1.6045333872350488e+002	  1.7307655031587390e+003	
  1.0530000000000000e+004	 -1.6311662881992120e+002	  1.7347506557850752e+003	
  1.0560000000000000e+004	 -1.7180173793054996e+002	  1.7197673719848474e+003	
  1.0590000000000000e+004	 -1.6454621419739425e+002	  1.7261124461302425e+003	
  1.0620000000000000e+004	 -1.6318518822526897e+002	  1.7235966788755309e+003	
  1.0650000000000000e+004	 -1.6469309199973665e+002	  1.7305651286472275e+003	
  1.0680000000000000e+004	 -1.6597577181597072e+002	  1.7344278338772006e+003	
  1.0710000000000000e+004	 -1.7259485457972460e+002	  1.7511253987356133e+003	
  1.0740000000000000e+004	 -1.7334882166879061e+002	  1.7390140993967948e+003	
  1.0770000000000000e+004	 -1.7004904993304922e+002	  1.7373109488713512e+003	
  1.0800000000000000e+004	 -1.7168423859562807e+002	  1.7377228179852798e+003	
  1.0830000000000000e+004	 -1.7804874911896229e+002	  1.7416634479427862e+003	
  1.0860000000000000e+004	 -1.7351526886377746e+002	  1.7375001882517724e+003	
  1.0890000000000000e+004	 -1.8212203606589370e+002	  1.7315669864987642e+003	
  1.0920000000000000e+004	 -1.8208286989968099e+002	  1.7257896275398466e+003	
  1.0950000000000000e+004	 -1.8257243934630483e+002	  1.7243425050556125e+003	
  1.0980000000000000e+004	 -1.7791167309695351e+002	  1.7275595691684939e+003	
  1.1010000000000000e+004	 -1.7576732631469304e+002	  1.7336040853957948e+003	
  1.1040000000000000e+004	 -1.7334882166879061e+002	  1.7360641970429074e+003	
  1.1070000000000000e+004	 -1.7153737427123264e+002	  1.7249992753679915e+003	
  1.1100000000000000e+004	 -1.8774237223539188e+002	  1.7136338011648397e+003	
  1.1130000000000000e+004	 -1.7106739160385001e+002	  1.5945690315411694e+003	
  1.1160000000000000e+004	 -1.9442021366338304e+002	  1.6761533329435158e+003	
  1.1190000000000000e+004	 -1.7790187813934597e+002	  1.6757637231986905e+003	
  1.1220000000000000e+004	 -1.6594639164514143e+002	  1.6877414434118157e+003	
  1.1250000000000000e+004	 -1.6309706821073229e+002	  1.7042275056019196e+003	
  1.1280000000000000e+004	 -1.6039459056962977e+002	  1.7266801634031829e+003	
  1.1310000000000000e+004	 -1.4229981752238373e+002	  1.7149362107805632e+003	
  1.1340000000000000e+004	 -1.3907837631581555e+002	  1.7137451169043168e+003	
  1.1370000000000000e+004	 -1.3855945543464696e+002	  1.7135447457628047e+003	
  1.1400000000000000e+004	 -1.4046880709609019e+002	  1.7155039277010048e+003	
  1.1430000000000000e+004	 -1.4096816744223014e+002	  1.7146690471576658e+003	
  1.1460000000000000e+004	 -1.4412103625925283e+002	  1.7155595865160517e+003	
  1.1490000000000000e+004	 -1.4255441015160719e+002	  1.7147914981181116e+003	
  1.1520000000000000e+004	 -1.3711028779863227e+002	  1.7116078279602684e+003	
  1.1550000000000000e+004	 -1.3074579474791173e+002	  1.7114408512853358e+003	
  1.1580000000000000e+004	 -1.2675085979809921e+002	  1.7105837140243391e+003	
  1.1610000000000000e+004	 -1.0321195182706415e+002	  1.7092033816927492e+003	
  1.1640000000000000e+004	 -9.3018956733243755e+001	  1.6926059989333160e+003	
  1.1670000000000000e+004	 -9.3606453827176111e+001	  1.6894223268638038e+003	
  1.1700000000000000e+004	 -9.1932074605766118e+001	  1.6903573925454998e+003	
  1.1730000000000000e+004	 -8.5450082062257451e+001	  1.6995076592723788e+003	
  1.1760000000000000e+004	 -8.2963018198081528e+001	  1.7022905885893106e+003	
  1.1790000000000000e+004	 -9.4575813448974458e+001	  1.6931180608459647e+003	
  1.1820000000000000e+004	 -9.2715453765724703e+001	  1.6916041465062385e+003	
  1.1850000000000000e+004	 -9.1511076095270653e+001	  1.6977711125369628e+003	
  1.1880000000000000e+004	 -9.0962779596960715e+001	  1.6944427317099030e+003	
  1.1910000000000000e+004	 -9.7366418411566301e+001	  1.6830661232806692e+003	
  1.1940000000000000e+004	 -9.9716359089060944e+001	  1.6804390390976318e+003	
  1.1970000000000000e+004	 -1.0208592629340983e+002	  1.6813741043620764e+003	
  1.2000000000000000e+004	 -1.0341760163372899e+002	  1.6825651963721346e+003	
  1.2030000000000000e+004	 -9.7914753107739415e+001	  1.6811959966947954e+003	
  1.2060000000000000e+004	 -9.9892644169594192e+001	  1.6815633413022820e+003	
  1.2090000000000000e+004	 -1.0041156696867388e+002	  1.6857599978188482e+003	
  1.2120000000000000e+004	 -9.9677218740985808e+001	  1.6850141709046343e+003	
  1.2150000000000000e+004	 -1.0171387354850695e+002	  1.6821978498504971e+003	
  1.2180000000000000e+004	 -1.0136137645474440e+002	  1.6876412576439611e+003	
  1.2210000000000000e+004	 -1.0326095004261938e+002	  1.6871848584380004e+003	
  1.2240000000000000e+004	 -1.0739294659698086e+002	  1.6871737268915108e+003	
  1.2270000000000000e+004	 -1.0396591458096664e+002	  1.6864167703853607e+003	
  1.2300000000000000e+004	 -1.0533672583578577e+002	  1.6845243760715707e+003	
  1.2330000000000000e+004	 -1.0878337723196952e+002	  1.6852590718705621e+003	
  1.2360000000000000e+004	 -9.0453596784982579e+001	  1.6855707566504257e+003	
  1.2390000000000000e+004	 -9.3459568249529440e+001	  1.6914816981334479e+003	
  1.2420000000000000e+004	 -8.8328827421675058e+001	  1.6938750133435794e+003	
  1.2450000000000000e+004	 -8.9611520092108336e+001	  1.7069881671706826e+003	
  1.2480000000000000e+004	 -9.3596655108992081e+001	  1.7049399353177910e+003	
  1.2510000000000000e+004	 -8.0407424186540155e+001	  1.6841792952638134e+003	
  1.2540000000000000e+004	 -8.2326591116247386e+001	  1.6968583138614842e+003	
  1.2570000000000000e+004	 -6.9039447227585683e+001	  1.7148026296826272e+003	
  1.2600000000000000e+004	 -6.6219497896019263e+001	  1.7091365900163551e+003	
  1.2630000000000000e+004	 -5.3421899006608029e+001	  1.6710995347282083e+003	
  1.2660000000000000e+004	 -6.0344591912296707e+001	  1.6495708105119197e+003	
  1.2690000000000000e+004	 -7.1585238187392477e+001	  1.6448620941078211e+003	
  1.2720000000000000e+004	 -9.6406838717916031e+001	  1.6633184703302868e+003	
  1.2750000000000000e+004	 -8.8035079624219208e+001	  1.6873184383127077e+003	
  1.2780000000000000e+004	 -9.1765645751973423e+001	  1.6835670515748584e+003	
  1.2810000000000000e+004	 -9.1579605619582452e+001	  1.6781459094220213e+003	
  1.2840000000000000e+004	 -9.2793767325400239e+001	  1.6748620549450668e+003	
  1.2870000000000000e+004	 -8.3462418167690160e+001	  1.6869065640124634e+003	
  1.2900000000000000e+004	 -7.7430797880827370e+001	  1.6965354959550655e+003	
  1.2930000000000000e+004	 -7.6588756434151222e+001	  1.6990957872918825e+003	
  1.2960000000000000e+004	 -7.6060013281110372e+001	  1.7035484747275132e+003	
  1.2990000000000000e+004	 -7.7244788645428429e+001	  1.7035262078834851e+003	
  1.3020000000000000e+004	 -7.5570412749668463e+001	  1.7050067272803885e+003	
  1.3050000000000000e+004	 -6.5690701652453839e+001	  1.7069213777081582e+003	
  1.3080000000000000e+004	 -4.1456637290361314e+001	  1.7070994843313740e+003	
  1.3110000000000000e+004	 -1.5645898245301600e+001	  1.7048954065602679e+003	
  1.3140000000000000e+004	  7.3135349879129823e+000	  1.6994408663796908e+003	
  1.3170000000000000e+004	  2.0709509658712918e+001	  1.6900902338570418e+003	
  1.3200000000000000e+004	  2.7955252608827841e+001	  1.6977488488711929e+003	
  1.3230000000000000e+004	  3.3272085002832085e+001	  1.6994186065558374e+003	
  1.3260000000000000e+004	  2.1316670409575732e+001	  1.6890438518552990e+003	
  1.3290000000000000e+004	  2.2765791027772508e+001	  1.6883870800464858e+003	
  1.3320000000000000e+004	  2.5898939834931060e+001	  1.6722794972057959e+003	
  1.3350000000000000e+004	  3.2557256176096772e+001	  1.6752294017289521e+003	
  1.3380000000000000e+004	  3.2400683684017451e+001	  1.6745614983702676e+003	
  1.3410000000000000e+004	  3.4251319411553496e+001	  1.6634297883676816e+003	
  1.3440000000000000e+004	  4.6392890215320023e+001	  1.6332962467469686e+003	
  1.3470000000000000e+004	  5.6918743197010045e+001	  1.6065356172832876e+003	
  1.3500000000000000e+004	  6.4859724095326342e+001	  1.5848621801558247e+003	
  1.3530000000000000e+004	  6.9275686666106822e+001	  1.5736080213532714e+003	
  1.3560000000000000e+004	  8.0046389278782158e+001	  1.5628770512588887e+003	
  1.3590000000000000e+004	  8.1475983323583449e+001	  1.5632889228483364e+003	
  1.3620000000000000e+004	  8.0663276421440784e+001	  1.5557638882809138e+003	
  1.3650000000000000e+004	  7.9527485093784236e+001	  1.5531813323375432e+003	
  1.3680000000000000e+004	  7.8039134389843554e+001	  1.5497416330397321e+003	
  1.3710000000000000e+004	  7.7079551101759932e+001	  1.5469587071454821e+003	
  1.3740000000000000e+004	  6.9491153633376882e+001	  1.5486952529738151e+003	
  1.3770000000000000e+004	  7.1351551889127407e+001	  1.5492852336680867e+003	
  1.3800000000000000e+004	  7.6120030877583915e+001	  1.5591924556426088e+003	
  1.3830000000000000e+004	  9.1169606722284669e+001	  1.5654484787422150e+003	
  1.3860000000000000e+004	  8.5627614647534472e+001	  1.5674744446175864e+003	
  1.3890000000000000e+004	  8.9495275970092123e+001	  1.5565876334945883e+003	
  1.3920000000000000e+004	  8.0741645376239006e+001	  1.5568436652426262e+003	
  1.3950000000000000e+004	  6.8485652036538355e+001	  1.5626424306776028e+003	
  1.3980000000000000e+004	  5.6017950649652200e+001	  1.5668399418873428e+003	
  1.4010000000000000e+004	  7.5757734323341936e+001	  1.5622425442510860e+003	
  1.4040000000000000e+004	  6.7650242225206227e+001	  1.5746321377964898e+003	
  1.4070000000000000e+004	  7.5121249596365573e+001	  1.5703575586996853e+003	
  1.4100000000000000e+004	  7.0509465611309153e+001	  1.5716933658173425e+003	
  1.4130000000000000e+004	  5.7143988174471779e+001	  1.5689883594700423e+003	
  1.4160000000000000e+004	  5.2590894430605331e+001	  1.5560533130561726e+003	
  1.4190000000000000e+004	  6.1001841181864634e+001	  1.5558306788853265e+003	
  1.4220000000000000e+004	  7.0401759451968985e+001	  1.5772926147989217e+003	
  1.4250000000000000e+004	  6.0081466982032751e+001	  1.5736302822240375e+003	
  1.4280000000000000e+004	  6.7356516222523084e+001	  1.5870773881355312e+003	
  1.4310000000000000e+004	  5.5812296415386946e+001	  1.5581572072861381e+003	
  1.4340000000000000e+004	  7.8518926648955997e+001	  1.5598937532002626e+003	
  1.4370000000000000e+004	  7.4886263552089432e+001	  1.5582017349934574e+003	
  1.4400000000000000e+004	  8.4335155174702393e+001	  1.5361609486406560e+003	
  1.4430000000000000e+004	  6.5447226466272156e+001	  1.5162240555694632e+003	
  1.4460000000000000e+004	  3.7472667306834666e+001	  1.5163019774491008e+003	
  1.4490000000000000e+004	 -9.4891411157299927e+000	  1.5293928667095192e+003	
  1.4520000000000000e+004	 -5.0954475409556196e+001	  1.5358826545472823e+003	
  1.4550000000000000e+004	 -5.7299409193096835e+001	  1.5359939712037674e+003	
  1.4580000000000000e+004	 -6.6072611978435773e+001	  1.5379531526800297e+003	
  1.4610000000000000e+004	 -7.0508162923716412e+001	  1.5399791234720421e+003	
  1.4640000000000000e+004	 -7.0978177352537017e+001	  1.5407360809801626e+003	
  1.4670000000000000e+004	 -7.1105430206770507e+001	  1.5406358950102451e+003	
  1.4700000000000000e+004	 -7.0978188913537878e+001	  1.5413037951519741e+003	
  1.4730000000000000e+004	 -7.0547373838750360e+001	  1.5417601953325961e+003	
  1.4760000000000000e+004	 -7.0782324697446413e+001	  1.5412370069379890e+003	
  1.4790000000000000e+004	 -7.0273193071402630e+001	  1.5412815357957411e+003	
  1.4820000000000000e+004	 -6.9529002319831037e+001	  1.5409141872912485e+003	
  1.4850000000000000e+004	 -7.0243798500152892e+001	  1.5417713279561574e+003	
  1.4880000000000000e+004	 -7.1781039701708593e+001	  1.5408140023508220e+003	
  1.4910000000000000e+004	 -7.0273193071402630e+001	  1.5405357100496080e+003	
  1.4940000000000000e+004	 -7.1830056310147768e+001	  1.5400125179860390e+003	
  1.4970000000000000e+004	 -7.2251055919009460e+001	  1.5407583445449250e+003	
  1.5000000000000000e+004	 -7.0899812217423076e+001	  1.5399234639253764e+003	
  1.5030000000000000e+004	 -7.1830066258604646e+001	  1.5405357100496080e+003	
  1.5060000000000000e+004	 -7.2535084117712984e+001	  1.5415598254164865e+003	
  1.5090000000000000e+004	 -7.2280448365141424e+001	  1.5416822741191568e+003	
  1.5120000000000000e+004	 -7.2211920590713987e+001	  1.5415486926881058e+003	
  1.5150000000000000e+004	 -7.1360038229920903e+001	  1.5413037972031818e+003	
  1.5180000000000000e+004	 -7.2202098314206950e+001	  1.5433297666305302e+003	
  1.5210000000000000e+004	 -7.2368555512985154e+001	  1.5418047238659087e+003	
  1.5240000000000000e+004	 -7.1017332466534413e+001	  1.5389884026380048e+003	
  1.5270000000000000e+004	 -7.0586490420711954e+001	  1.5405023146340341e+003	
  1.5300000000000000e+004	 -7.0557196979798292e+001	  1.5387212412586218e+003	
  1.5330000000000000e+004	 -7.1663593582520662e+001	  1.5409141899013534e+003	
  1.5360000000000000e+004	 -7.2907125748032314e+001	  1.5428622383127349e+003	
  1.5390000000000000e+004	 -7.1134810548251778e+001	  1.5427397889034971e+003	
  1.5420000000000000e+004	 -7.1467792822809926e+001	  1.5434633520207146e+003	
  1.5450000000000000e+004	 -7.1927941432959372e+001	  1.5426396041509779e+003	
  1.5480000000000000e+004	 -7.1506919580167207e+001	  1.5441869139390053e+003	
  1.5510000000000000e+004	 -7.1252383390601906e+001	  1.5421498065756969e+003	
  1.5540000000000000e+004	 -7.1927932594930354e+001	  1.5423613131141767e+003	
  1.5570000000000000e+004	 -7.0880222313754217e+001	  1.5403242063553241e+003	
  1.5600000000000000e+004	 -7.2632927701981458e+001	  1.5402685495762198e+003	
  1.5630000000000000e+004	 -7.2182528144582022e+001	  1.5431293981436729e+003	
  1.5660000000000000e+004	 -7.4111488200715456e+001	  1.5414151163259025e+003	
  1.5690000000000000e+004	 -7.2045490936948482e+001	  1.5370069588435958e+003	
  1.5720000000000000e+004	 -7.2358791760131155e+001	  1.5385765300134481e+003	
  1.5750000000000000e+004	 -7.2280448365141424e+001	  1.5409030534735439e+003	
  1.5780000000000000e+004	 -7.1624446143090339e+001	  1.5378195713622863e+003	
  1.5810000000000000e+004	 -7.1927932594930354e+001	  1.5375301487287047e+003	
  1.5840000000000000e+004	 -7.2378342150965779e+001	  1.5385208694732489e+003	
  1.5870000000000000e+004	 -7.1409014008726672e+001	  1.5392889586249285e+003	
  1.5900000000000000e+004	 -7.0811688677697049e+001	  1.5374188298552713e+003	
  1.5930000000000000e+004	 -7.1771292525478117e+001	  1.5385653997301158e+003	
  1.5960000000000000e+004	 -7.2397958999313502e+001	  1.5379754165255270e+003	
  1.5990000000000000e+004	 -7.1350283645587297e+001	  1.5373965679364237e+003	
  1.6020000000000000e+004	 -7.0322139984049812e+001	  1.5383316313162572e+003	
  1.6050000000000000e+004	 -7.0801931419141667e+001	  1.5401572301032788e+003	
  1.6080000000000000e+004	 -7.1653812473388967e+001	  1.5400013875628108e+003	
  1.6110000000000000e+004	 -7.1702771088114702e+001	  1.5397898838827546e+003	
  1.6140000000000000e+004	 -7.1546128248737389e+001	  1.5395338574145349e+003	
  1.6170000000000000e+004	 -7.1134810548251778e+001	  1.5404577881019013e+003	
  1.6200000000000000e+004	 -7.1967148638939648e+001	  1.5423390479945820e+003	
  1.6230000000000000e+004	 -7.2025862933913643e+001	  1.5442314373952750e+003	
  1.6260000000000000e+004	 -7.1908363339937949e+001	  1.5450774466662504e+003	
  1.6290000000000000e+004	 -7.1918177223671748e+001	  1.5452778166050566e+003	
  1.6320000000000000e+004	 -7.2319578366296128e+001	  1.5450774465275413e+003	
  1.6350000000000000e+004	 -7.1751692582858112e+001	  1.5440867274363432e+003	
  1.6380000000000000e+004	 -7.1487397885598014e+001	  1.5418937780794711e+003	
  1.6410000000000000e+004	 -7.1908390061641740e+001	  1.5423167813238724e+003	
  1.6440000000000000e+004	 -7.3102975733206037e+001	  1.5412704010444120e+003	
  1.6470000000000000e+004	 -7.0547351671070899e+001	  1.5378418367349755e+003	
  1.6500000000000000e+004	 -4.5588580983573820e+001	  1.5326767256951255e+003	
  1.6530000000000000e+004	 -1.4314136332534829e+001	  1.5226470523092410e+003	
  1.6560000000000000e+004	  7.9605109441877122e+000	  1.5222908364679156e+003	
  1.6590000000000000e+004	  4.6157910723492513e+001	  1.5122277726698444e+003	
  1.6620000000000000e+004	  7.4700201919824082e+001	  1.5069179437814105e+003	
  1.6650000000000000e+004	  7.2399248885795842e+001	  1.5236822983161924e+003	
  1.6680000000000000e+004	  6.6592851472116863e+001	  1.5208771085064222e+003	
  1.6710000000000000e+004	  3.1627032009122864e+001	  1.5183502103916792e+003	
  1.6740000000000000e+004	 -2.7112216100385842e+000	  1.5232370352352536e+003	
  1.6770000000000000e+004	 -5.9806013930573407e+001	  1.5418715131526380e+003	
  1.6800000000000000e+004	 -1.0466110209585977e+002	  1.5467694687316255e+003	
  1.6830000000000000e+004	 -1.5298239601878444e+002	  1.5345134531413844e+003	
  1.6860000000000000e+004	 -1.9646664078540977e+002	  1.5175598590649856e+003	
  1.6890000000000000e+004	 -2.3270513467977935e+002	  1.5011071906950942e+003	
  1.6920000000000000e+004	 -2.5789879288862829e+002	  1.5183836064408326e+003	
  1.6950000000000000e+004	 -2.9877848070312780e+002	  1.5231813741667124e+003	
  1.6980000000000000e+004	 -3.2451064916811708e+002	  1.4950960706591998e+003	
  1.7010000000000000e+004	 -3.1686345636806510e+002	  1.4727881227853479e+003	
  1.7040000000000000e+004	 -3.1652075268566875e+002	  1.4778307884380044e+003	
  1.7070000000000000e+004	 -3.2130882276777419e+002	  1.4693261593460854e+003	
  1.7100000000000000e+004	 -3.3908047005096870e+002	  1.4610998259969983e+003	
  1.7130000000000000e+004	 -3.5356215827281778e+002	  1.4491777663787798e+003	
  1.7160000000000000e+004	 -3.6235497371836766e+002	  1.4532853685181876e+003	
  1.7190000000000000e+004	 -3.4772640406004547e+002	  1.4418419685800945e+003	
  1.7220000000000000e+004	 -3.5658775536673454e+002	  1.4518159832124479e+003	
  1.7250000000000000e+004	 -3.5910417351499660e+002	  1.4541759028466411e+003	
  1.7280000000000000e+004	 -3.5923146955378854e+002	  1.4546100425850868e+003	
  1.7310000000000000e+004	 -3.6705490879358729e+002	  1.4323243548816463e+003	
  1.7340000000000000e+004	 -3.7557355332319344e+002	  1.3954338704002339e+003	
  1.7370000000000000e+004	 -3.7574980013142937e+002	  1.3650109067621829e+003	
  1.7400000000000000e+004	 -3.4931264572084979e+002	  1.3539237237556310e+003	
  1.7430000000000000e+004	 -3.1263351347226632e+002	  1.3386287559768491e+003	
  1.7460000000000000e+004	 -2.8534447244005844e+002	  1.3629849353326078e+003	
  1.7490000000000000e+004	 -2.6453745317732273e+002	  1.3809737800555465e+003	
  1.7520000000000000e+004	 -2.4491520069878774e+002	  1.3556268750305885e+003	
  1.7550000000000000e+004	 -2.3160849960553537e+002	  1.3806398265479643e+003	
  1.7580000000000000e+004	 -2.5834920755765933e+002	  1.4004876654319032e+003	
  1.7610000000000000e+004	 -2.9070046554249348e+002	  1.3910257099470291e+003	
  1.7640000000000000e+004	 -2.9000525626119656e+002	  1.3868513207682190e+003	
  1.7670000000000000e+004	 -3.7143173384086822e+002	  1.3795489198038176e+003	
  1.7700000000000000e+004	 -3.4473998046971224e+002	  1.3959681923331998e+003	
  1.7730000000000000e+004	 -3.2925955129372903e+002	  1.4192223321821371e+003	
  1.7760000000000000e+004	 -3.1680470610925960e+002	  1.4237418057613709e+003	
  1.7790000000000000e+004	 -3.0843293924038846e+002	  1.4246100813158980e+003	
  1.7820000000000000e+004	 -3.0506465103539085e+002	  1.4249996926851040e+003	
  1.7850000000000000e+004	 -3.1238872944628281e+002	  1.4422427103059222e+003	
  1.7880000000000000e+004	 -3.1041082891004351e+002	  1.4588512228599288e+003	
  1.7910000000000000e+004	 -3.1526744233266027e+002	  1.4757825513049761e+003	
  1.7940000000000000e+004	 -3.1732366740475663e+002	  1.4809365351633253e+003	
  1.7970000000000000e+004	 -3.1182080996646010e+002	  1.4988029293569703e+003	
  1.8000000000000000e+004	 -2.9897430765935388e+002	  1.5164355569470104e+003	
  1.8030000000000000e+004	 -2.8482553176246847e+002	  1.5183613429581983e+003	
  1.8060000000000000e+004	 -2.7906810508928828e+002	  1.5090663661920285e+003	
  1.8090000000000000e+004	 -2.7973392624233998e+002	  1.5133743357124342e+003	
  1.8120000000000000e+004	 -2.8033121736687326e+002	  1.5178270206744069e+003	
  1.8150000000000000e+004	 -2.8161390906649666e+002	  1.5195301727057999e+003	
  1.8180000000000000e+004	 -2.9277627415943834e+002	  1.5209438981953358e+003	
  1.8210000000000000e+004	 -3.2006530168506845e+002	  1.5330106743324066e+003	
  1.8240000000000000e+004	 -3.3533031097919081e+002	  1.5462351453971448e+003	
  1.8270000000000000e+004	 -3.4323208782719041e+002	  1.5529030405876181e+003	
  1.8300000000000000e+004	 -3.4510227683691517e+002	  1.5560644468588464e+003	
  1.8330000000000000e+004	 -3.4346709568941640e+002	  1.5612295593012318e+003	
  1.8360000000000000e+004	 -3.6928738464240860e+002	  1.5688881729320969e+003	
  1.8390000000000000e+004	 -3.9351166483956365e+002	  1.5751998540668169e+003	
  1.8420000000000000e+004	 -4.1569930025430983e+002	  1.5729512478872755e+003	
  1.8450000000000000e+004	 -4.2019361436998099e+002	  1.5692555215670388e+003	
  1.8480000000000000e+004	 -4.2826184767334837e+002	  1.5839939050396795e+003	
  1.8510000000000000e+004	 -4.2837934641792054e+002	  1.5923872132870094e+003	
  1.8540000000000000e+004	 -4.2926057964134964e+002	  1.5988881327718850e+003	
  1.8570000000000000e+004	 -4.3714278032659934e+002	  1.5987990793919439e+003	
  1.8600000000000000e+004	 -4.3586987888291640e+002	  1.5987656851838669e+003	
  1.8630000000000000e+004	 -4.3618320300673884e+002	  1.6187916317936442e+003	
  1.8660000000000000e+004	 -4.3776943798823214e+002	  1.6254706570775743e+003	
  1.8690000000000000e+004	 -4.4721827332707454e+002	  1.6345207373729177e+003	
  1.8720000000000000e+004	 -4.6215037126305896e+002	  1.6481125544089671e+003	
  1.8750000000000000e+004	 -4.7460521279951428e+002	  1.6492925152422642e+003	
  1.8780000000000000e+004	 -4.6289453855112907e+002	  1.6331960639924171e+003	
  1.8810000000000000e+004	 -4.4770786034972463e+002	  1.6326060846952118e+003	
  1.8840000000000000e+004	 -4.4520122447234809e+002	  1.6367804730983278e+003	
  1.8870000000000000e+004	 -4.4379123721148534e+002	  1.6362572851798298e+003	
  1.8900000000000000e+004	 -4.4854013794823794e+002	  1.6364799179477286e+003	
  1.8930000000000000e+004	 -4.5826313108426586e+002	  1.6310699078557045e+003	
  1.8960000000000000e+004	 -4.6020186156255204e+002	  1.6313815960887284e+003	
  1.8990000000000000e+004	 -4.6410868510609941e+002	  1.6333853004625464e+003	
  1.9020000000000000e+004	 -4.6887717013874669e+002	  1.6341867847638239e+003	
  1.9050000000000000e+004	 -4.7087463607927475e+002	  1.6326506105462097e+003	
  1.9080000000000000e+004	 -4.7045361108425539e+002	  1.6320828921712650e+003	
  1.9110000000000000e+004	 -4.7442897453363065e+002	  1.6281422682167279e+003	
  1.9140000000000000e+004	 -4.7712164879493503e+002	  1.6335634126114401e+003	
  1.9170000000000000e+004	 -4.7317565685269875e+002	  1.6340977300099239e+003	
  1.9200000000000000e+004	 -4.7472271960153546e+002	  1.6370810307409320e+003	
  1.9230000000000000e+004	 -4.7071797840948818e+002	  1.6236895822273848e+003	
  1.9260000000000000e+004	 -4.6504867071868074e+002	  1.6196376408213794e+003	
  1.9290000000000000e+004	 -4.6462764218482232e+002	  1.6168658450469643e+003	
  1.9320000000000000e+004	 -4.6536200230349050e+002	  1.6234224210746884e+003	
  1.9350000000000000e+004	 -4.6622365709557397e+002	  1.6231329949988963e+003	
  1.9380000000000000e+004	 -4.6378556628206979e+002	  1.6261274261016038e+003	
  1.9410000000000000e+004	 -4.6380515764128751e+002	  1.6256932899564624e+003	
  1.9440000000000000e+004	 -4.6548929484403271e+002	  1.6231441305518306e+003	
  1.9470000000000000e+004	 -4.6636073487720824e+002	  1.6243018267318043e+003	
  1.9500000000000000e+004	 -4.6553824563522193e+002	  1.6284205618251915e+003	
  1.9530000000000000e+004	 -4.6662510380872754e+002	  1.6239678772585789e+003	
  1.9560000000000000e+004	 -4.6779031092209669e+002	  1.6223649099511513e+003	
  1.9590000000000000e+004	 -4.6716364539754977e+002	  1.6231997887390753e+003	
  1.9620000000000000e+004	 -4.6580262172062504e+002	  1.6242572997007694e+003	
  1.9650000000000000e+004	 -4.6636073487720824e+002	  1.6241014552135480e+003	
  1.9680000000000000e+004	 -4.6617469940282592e+002	  1.6245355928800241e+003	
  1.9710000000000000e+004	 -4.6748676748328961e+002	  1.6226320696366911e+003	
  1.9740000000000000e+004	 -4.6446118287071857e+002	  1.6217860614388621e+003	
  1.9770000000000000e+004	 -4.6310015814579799e+002	  1.6221756692173246e+003	
  1.9800000000000000e+004	 -4.6343306810134106e+002	  1.6260272409698887e+003	
  1.9830000000000000e+004	 -4.6559699769508990e+002	  1.6257489499115632e+003	
  1.9860000000000000e+004	 -4.6684052387371742e+002	  1.6248806735425728e+003	
  1.9890000000000000e+004	 -4.6595928102158149e+002	  1.6259047937418413e+003	
  1.9920000000000000e+004	 -4.6590053564630887e+002	  1.6233445004187656e+003	
  1.9950000000000000e+004	 -4.6427514197632263e+002	  1.6207953379007008e+003	
  1.9980000000000000e+004	 -4.6267911973459468e+002	  1.6186023920384339e+003	
  2.0010000000000000e+004	 -4.6413806491233606e+002	  1.6217526670550260e+003	
  2.0040000000000000e+004	 -4.6395202940503185e+002	  1.6239901369089762e+003	
  2.0070000000000000e+004	 -4.6360931635061172e+002	  1.6244910653063416e+003	
  2.0100000000000000e+004	 -4.6100476778293466e+002	  1.6256153687800247e+003	
  2.0130000000000000e+004	 -4.6270849648138790e+002	  1.6176339313511869e+003	
  2.0160000000000000e+004	 -4.6166079819822852e+002	  1.6160309673217914e+003	
  2.0190000000000000e+004	 -4.6093622688424728e+002	  1.6179567505505149e+003	
  2.0220000000000000e+004	 -4.6023123439122793e+002	  1.6175894051362880e+003	
  2.0250000000000000e+004	 -4.6175871662110876e+002	  1.6188472875140328e+003	
  2.0280000000000000e+004	 -4.6164121746702722e+002	  1.6243686175707305e+003	
  2.0310000000000000e+004	 -4.6102434554801209e+002	  1.6254261281331642e+003	
  2.0340000000000000e+004	 -4.6184684098666992e+002	  1.6240569274034997e+003	
  2.0370000000000000e+004	 -4.6236579152145868e+002	  1.6249474660002111e+003	
  2.0400000000000000e+004	 -4.6263016470529658e+002	  1.6232220496595153e+003	
  2.0430000000000000e+004	 -4.6251266504195701e+002	  1.6245467211770979e+003	
  2.0460000000000000e+004	 -4.5881145773864665e+002	  1.6220420890297198e+003	
  2.0490000000000000e+004	 -4.5722522482944760e+002	  1.6222535934405012e+003	
  2.0520000000000000e+004	 -4.6109289262010299e+002	  1.6215300331449757e+003	
  2.0550000000000000e+004	 -4.6097539227277264e+002	  1.6218639831650114e+003	
  2.0580000000000000e+004	 -4.5653982179398315e+002	  1.6199604589208661e+003	
  2.0610000000000000e+004	 -4.5660836242302275e+002	  1.6235114771374076e+003	
  2.0640000000000000e+004	 -4.6022143965839825e+002	  1.6214743724206862e+003	
  2.0670000000000000e+004	 -4.6215037481962344e+002	  1.6217304034283056e+003	
  2.0700000000000000e+004	 -4.6263016470529658e+002	  1.6214743724206862e+003	
  2.0730000000000000e+004	 -4.6325682452384518e+002	  1.6221088801738140e+003	
  2.0760000000000000e+004	 -4.5969270088612666e+002	  1.6196932968150661e+003	
  2.0790000000000000e+004	 -4.5871354969053027e+002	  1.6200495137860503e+003	
  2.0820000000000000e+004	 -4.6260079045424055e+002	  1.6218639835492418e+003	
  2.0850000000000000e+004	 -4.4356602438653772e+002	  1.6314595183696752e+003	
  2.0880000000000000e+004	 -4.3815130761040325e+002	  1.6373036629398125e+003	
  2.0910000000000000e+004	 -4.4463330566987077e+002	  1.6361682312514793e+003	
  2.0940000000000000e+004	 -4.5960457806521538e+002	  1.6371366884647314e+003	
  2.0970000000000000e+004	 -4.8011786055799240e+002	  1.6551255325862069e+003	
  2.1000000000000000e+004	 -5.0728938697110027e+002	  1.6568509455572180e+003	
  2.1030000000000000e+004	 -5.1265515309759019e+002	  1.6609696781064492e+003	
  2.1060000000000000e+004	 -5.1828529138967610e+002	  1.6542127310798314e+003	
  2.1090000000000000e+004	 -5.2009672949557375e+002	  1.6659455553402936e+003	
  2.1120000000000000e+004	 -5.2203545302627936e+002	  1.6610253399526603e+003	
  2.1150000000000000e+004	 -5.2113463130220271e+002	  1.6597785861249693e+003	
  2.1180000000000000e+004	 -5.1195995545644644e+002	  1.6552702447130027e+003	
  2.1210000000000000e+004	 -5.1942111495908830e+002	  1.6573741393528605e+003	
  2.1240000000000000e+004	 -5.2231941183680181e+002	  1.6620939806794581e+003	
  2.1270000000000000e+004	 -5.1837341641476553e+002	  1.6520420467940039e+003	
  2.1300000000000000e+004	 -5.0657460947068159e+002	  1.6589103142691988e+003	
  2.1330000000000000e+004	 -5.0072905758115905e+002	  1.6566728413102719e+003	
  2.1360000000000000e+004	 -4.9501079652451745e+002	  1.6571626341262418e+003	
  2.1390000000000000e+004	 -4.9726285454198705e+002	  1.6589214469378778e+003	
  2.1420000000000000e+004	 -4.9524579371840611e+002	  1.6607581795848412e+003	
  2.1450000000000000e+004	 -4.9966177891790977e+002	  1.6591329491062766e+003	
  2.1480000000000000e+004	 -4.9944635694282806e+002	  1.6586431512900497e+003	
  2.1510000000000000e+004	 -5.0083675832992367e+002	  1.6591218160866079e+003	
  2.1540000000000000e+004	 -5.0295173304992232e+002	  1.6586320205564218e+003	
  2.1570000000000000e+004	 -4.9759576432445795e+002	  1.6568843417629225e+003	
  2.1600000000000000e+004	 -4.9325810512694096e+002	  1.6595114264726690e+003	
  2.1630000000000000e+004	 -4.9665577676405474e+002	  1.6616153196324733e+003	
  2.1660000000000000e+004	 -4.9497162832564101e+002	  1.6622943541945140e+003	
  2.1690000000000000e+004	 -4.9697889585241376e+002	  1.6540791504862632e+003	
  2.1720000000000000e+004	 -5.0282444384052872e+002	  1.6596450087129167e+003	
  2.1750000000000000e+004	 -5.0192362616283333e+002	  1.6652442580603406e+003	
  2.1780000000000000e+004	 -4.9243561699773727e+002	  1.6535448291075504e+003	
  2.1810000000000000e+004	 -4.6494097236136133e+002	  1.6347767664825190e+003	
  2.1840000000000000e+004	 -4.3870942232239452e+002	  1.6443277716216799e+003	
  2.1870000000000000e+004	 -4.3232533745380459e+002	  1.6422906689472643e+003	
  2.1900000000000000e+004	 -4.4345832505243504e+002	  1.6419344559756842e+003	
  2.1930000000000000e+004	 -4.4365415321577154e+002	  1.6359901225834778e+003	
  2.1960000000000000e+004	 -4.3428364232328676e+002	  1.6109549064063547e+003	
  2.1990000000000000e+004	 -4.2046777741887706e+002	  1.5747545864204058e+003	
  2.2020000000000000e+004	 -3.8693173986458225e+002	  1.5623872582316803e+003	
  2.2050000000000000e+004	 -3.6355933212817433e+002	  1.5576451463618391e+003	
  2.2080000000000000e+004	 -3.3224597961381426e+002	  1.5586358706048873e+003	
  2.2110000000000000e+004	 -2.8630405405345579e+002	  1.5679419803552767e+003	
  2.2140000000000000e+004	 -2.4834224467367636e+002	  1.5888139355277485e+003	
  2.2170000000000000e+004	 -2.2156237659979979e+002	  1.5755560693866651e+003	
  2.2200000000000000e+004	 -1.9669186565035193e+002	  1.5443872795089615e+003	
  2.2230000000000000e+004	 -1.6196124043268600e+002	  1.5256192178035865e+003	
  2.2260000000000000e+004	 -1.1849658249190756e+002	  1.5396451725283828e+003	
  2.2290000000000000e+004	 -7.9320563272530265e+001	  1.5334002826858518e+003	
  2.2320000000000000e+004	 -3.5238967687101841e+001	  1.5242611518995586e+003	
  2.2350000000000000e+004	  7.6771730908780711e+000	  1.5169030889306541e+003	
  2.2380000000000000e+004	  4.5599769636045302e+001	  1.5126953048343719e+003	
  2.2410000000000000e+004	  7.2399221597900848e+001	  1.4987917955030264e+003	
  2.2440000000000000e+004	  7.3476315921718836e+001	  1.4981350276049732e+003	
  2.2470000000000000e+004	  7.2487347767459525e+001	  1.5036340902021070e+003	
  2.2500000000000000e+004	  8.1613057615512488e+001	  1.5043242577755477e+003	
  2.2530000000000000e+004	  7.7813902808453406e+001	  1.5104800921521842e+003	
  2.2560000000000000e+004	  8.3218890036784799e+001	  1.5191850893781261e+003	
  2.2590000000000000e+004	  8.4961790276060356e+001	  1.5168474313268150e+003	
  2.2620000000000000e+004	  8.7066962282787642e+001	  1.5200088385734439e+003	
  2.2650000000000000e+004	  8.9221105360031459e+001	  1.5168474308552400e+003	
  2.2680000000000000e+004	  8.7918832598249793e+001	  1.5137639450025376e+003	
  2.2710000000000000e+004	  8.9475679697668795e+001	  1.5107917796298257e+003	
  2.2740000000000000e+004	  8.9025274112602531e+001	  1.5072073699134526e+003	
  2.2770000000000000e+004	  8.8555303728354687e+001	  1.5103353803883404e+003	
  2.2800000000000000e+004	  9.1316519410832981e+001	  1.5116711852435303e+003	
  2.2830000000000000e+004	  8.8604226296656165e+001	  1.5074633999035880e+003	
  2.2860000000000000e+004	  7.8802896368276180e+001	  1.5088771286561769e+003	
  2.2890000000000000e+004	  5.4872343837890966e+001	  1.4867027621150860e+003	
  2.2920000000000000e+004	  6.8580524396225542e+001	  1.4937602654912705e+003	
  2.2950000000000000e+004	  7.6315793188383225e+001	  1.5133632055992082e+003	
  2.2980000000000000e+004	  6.5692024545012714e+001	  1.5079754558724921e+003	
  2.3010000000000000e+004	  6.1178106417852959e+001	  1.5056044052304910e+003	
  2.3040000000000000e+004	  5.3295958217492682e+001	  1.5086322281523098e+003	
  2.3070000000000000e+004	  5.6487997758378228e+001	  1.5186841618619842e+003	
  2.3100000000000000e+004	  6.1589343311612993e+001	  1.5098233216986055e+003	
  2.3130000000000000e+004	  5.0603249369154504e+001	  1.4883613844343490e+003	
  2.3160000000000000e+004	  6.1315171976820146e+001	  1.4957194444811878e+003	
  2.3190000000000000e+004	  7.0656332119781212e+001	  1.4830626910051392e+003	
  2.3220000000000000e+004	  6.9314892528935871e+001	  1.4846322619019784e+003	
  2.3250000000000000e+004	  7.0176533842123632e+001	  1.4647955537012037e+003	
  2.3280000000000000e+004	  7.2281743735426431e+001	  1.4800793910964737e+003	
  2.3310000000000000e+004	  7.3084671072580420e+001	  1.4940385569866962e+003	
  2.3340000000000000e+004	  6.4066563660410807e+001	  1.5140088449776608e+003	
  2.3370000000000000e+004	  6.6602627617582186e+001	  1.4834745635326958e+003	
  2.3400000000000000e+004	  1.6078562840365496e+001	  1.4405952153187880e+003	
  2.3430000000000000e+004	  2.0014597497626291e+001	  1.4113856127486220e+003	
  2.3460000000000000e+004	 -1.0241198743300384e+001	  1.4239867043172944e+003	
  2.3490000000000000e+004	  2.1032713652987045e+001	  1.4506805466801102e+003	
  2.3520000000000000e+004	  3.0452041628220890e+001	  1.4498122702939736e+003	
  2.3550000000000000e+004	  4.5903248845108145e+001	  1.4576044673806784e+003	
  2.3580000000000000e+004	  6.0042263539588077e+001	  1.4473187707954635e+003	
  2.3610000000000000e+004	  7.1850882960376154e+001	  1.4629031650861843e+003	
  2.3640000000000000e+004	  9.0278596721869874e+001	  1.4706285678051331e+003	
  2.3670000000000000e+004	  8.5089099763267825e+001	  1.4865691801281764e+003	
  2.3700000000000000e+004	  6.8227987983899553e+001	  1.4965431907341238e+003	
  2.3730000000000000e+004	  7.7412446969493516e+001	  1.4723428536527013e+003	
  2.3760000000000000e+004	  8.2680322424711520e+001	  1.4686916518827838e+003	
  2.3790000000000000e+004	  7.8489601291350226e+001	  1.4691591858379911e+003	
  2.3820000000000000e+004	  8.4991167298717230e+001	  1.4712074194238405e+003	
  2.3850000000000000e+004	  8.6224893367864638e+001	  1.4638159632214138e+003	
  2.3880000000000000e+004	  7.4279207477814225e+001	  1.4696712439732487e+003	
  2.3910000000000000e+004	  6.8580521943582198e+001	  1.4565803502295280e+003	
  2.3940000000000000e+004	  6.9285484235638833e+001	  1.4549996495881983e+003	
  2.3970000000000000e+004	  6.7738428486308365e+001	  1.4576712621700767e+003	
  2.4000000000000000e+004	  8.1916597523121936e+001	  1.4729439657099661e+003	
  2.4030000000000000e+004	  8.8398619725538225e+001	  1.4887509921271903e+003	
  2.4060000000000000e+004	  7.7569130995676844e+001	  1.5092778652570389e+003	
  2.4090000000000000e+004	  4.9095335879199560e+001	  1.5175598599021753e+003	
  2.4120000000000000e+004	  1.5353449463774876e+001	  1.5302277422588763e+003	
  2.4150000000000000e+004	 -3.4152077751448168e+001	  1.5373297773189420e+003	
  2.4180000000000000e+004	 -8.2365772070537489e+001	  1.5249067892780761e+003	
  2.4210000000000000e+004	 -9.5094737818361025e+001	  1.4797120457140288e+003	
  2.4240000000000000e+004	 -1.0118512504660619e+002	  1.4342278779918167e+003	
  2.4270000000000000e+004	 -1.0615922000373155e+002	  1.3851815634699592e+003	
  2.4300000000000000e+004	 -1.1845738068754363e+002	  1.3460869996556939e+003	
  2.4330000000000000e+004	 -1.3032476352360862e+002	  1.3068588544474717e+003	
  2.4360000000000000e+004	 -1.3312513425031952e+002	  1.2756455371814257e+003	
