  0.0000000000000000e+000	  2.7927640165238467e+003	 -4.0352932833128284e+003	
  3.0000000000000000e+001	  2.8026534743130483e+003	 -4.0312858691355573e+003	
  6.0000000000000000e+001	  2.8045138664380943e+003	 -4.0283916239881723e+003	
  9.0000000000000000e+001	  2.7900223851776955e+003	 -4.0288368924228180e+003	
  1.2000000000000000e+002	  2.7659351894279453e+003	 -4.0313971854355214e+003	
  1.5000000000000000e+002	  2.7739642538590297e+003	 -4.0489852871618154e+003	
  1.8000000000000000e+002	  2.7841474579495598e+003	 -4.0708034385197057e+003	
  2.1000000000000000e+002	  2.7822870649011797e+003	 -4.0792635377729644e+003	
  2.4000000000000000e+002	  2.7814058253927128e+003	 -4.0861651988879444e+003	
  2.7000000000000000e+002	  2.7975618717214302e+003	 -4.0982987623448980e+003	
  3.0000000000000000e+002	  2.7738663387973875e+003	 -4.0998572017475763e+003	
  3.3000000000000000e+002	  2.7844412046439456e+003	 -4.0984100811516382e+003	
  3.6000000000000000e+002	  2.7769017152613465e+003	 -4.0986327141024494e+003	
  3.9000000000000000e+002	  2.7646622894595484e+003	 -4.1173339869435322e+003	
  4.2000000000000000e+002	  2.7613331630423063e+003	 -4.1205621836118644e+003	
  4.5000000000000000e+002	  2.7563394786249951e+003	 -4.1078720338198664e+003	
  4.8000000000000000e+002	  2.7588485609341465e+003	 -4.0963228841239988e+003	
  5.1000000000000000e+002	  2.7626121843978731e+003	 -4.0789991595801976e+003	
  5.4000000000000000e+002	  2.7624102343795485e+003	 -4.0973859632515914e+003	
  5.7000000000000000e+002	  2.7580432058488745e+003	 -4.1111447555927543e+003	
  6.0000000000000000e+002	  2.7582782027463668e+003	 -4.1013488509724939e+003	
  6.3000000000000000e+002	  2.7644664569410006e+003	 -4.1026401300827656e+003	
  6.6000000000000000e+002	  2.7636243846346138e+003	 -4.1019054370881631e+003	
  6.9000000000000000e+002	  2.7606673397413820e+003	 -4.0961614742867123e+003	
  7.2000000000000000e+002	  2.7590223605702972e+003	 -4.0936679700119939e+003	
  7.5000000000000000e+002	  2.7608631703257415e+003	 -4.0952264099105460e+003	
  7.8000000000000000e+002	  2.7622731525005511e+003	 -4.0933562830982419e+003	
  8.1000000000000000e+002	  2.7630564750718759e+003	 -4.0936902344673399e+003	
  8.4000000000000000e+002	  2.7571423832891051e+003	 -4.1047328905596632e+003	
  8.7000000000000000e+002	  2.7451575359642825e+003	 -4.1050000523656026e+003	
  9.0000000000000000e+002	  2.7638985472483196e+003	 -4.0927551712750001e+003	
  9.3000000000000000e+002	  2.7775871255211446e+003	 -4.0782171572151965e+003	
  9.6000000000000000e+002	  2.7831291375975184e+003	 -4.0781281048584888e+003	
  9.9000000000000000e+002	  2.7821304003466526e+003	 -4.0810891390556362e+003	
  1.0200000000000000e+003	  2.7812687445422316e+003	 -4.0746772734437677e+003	
  1.0500000000000000e+003	  2.7849307814274866e+003	 -4.0743210591610855e+003	
  1.0800000000000000e+003	  2.7867715912303083e+003	 -4.0758572356733666e+003	
  1.1100000000000000e+003	  2.7930381780579846e+003	 -4.0761911863471300e+003	
  1.1400000000000000e+003	  2.7814841592172293e+003	 -4.0716271848212405e+003	
  1.1700000000000000e+003	  2.7787033605400288e+003	 -4.0717830297809805e+003	
  1.2000000000000000e+003	  2.7775479579343164e+003	 -4.0720501897290292e+003	
  1.2300000000000000e+003	  2.7852636934330981e+003	 -4.0769481430021215e+003	
  1.2600000000000000e+003	  2.7905119612035896e+003	 -4.0800872855268740e+003	
  1.2900000000000000e+003	  2.7911777869575358e+003	 -4.0803767098794438e+003	
  1.3200000000000000e+003	  2.7901594662157613e+003	 -4.0786624254074641e+003	
  1.3500000000000000e+003	  2.7820129020765116e+003	 -4.0730075175622137e+003	
  1.3800000000000000e+003	  2.7829724731903016e+003	 -4.0743210589213959e+003	
  1.4100000000000000e+003	  2.7858707700321365e+003	 -4.0759017617815234e+003	
  1.4400000000000000e+003	  2.7909036229218509e+003	 -4.0754787559856313e+003	
  1.4700000000000000e+003	  2.8200628373201152e+003	 -4.0871002629833870e+003	
  1.5000000000000000e+003	  2.8487520569493386e+003	 -4.0921540578256877e+003	
  1.5300000000000000e+003	  2.8770104480228983e+003	 -4.0976976502529451e+003	
  1.5600000000000000e+003	  2.8555278044522202e+003	 -4.0983210258279851e+003	
  1.5900000000000000e+003	  2.8376288651024383e+003	 -4.0942022928374936e+003	
  1.6200000000000000e+003	  2.8335751661790682e+003	 -4.0932672294537724e+003	
  1.6500000000000000e+003	  2.8341039084248487e+003	 -4.0938683414722336e+003	
  1.6800000000000000e+003	  2.8358076361755598e+003	 -4.0945139800379911e+003	
  1.7100000000000000e+003	  2.8354943068346265e+003	 -4.0948256689055961e+003	
  1.7400000000000000e+003	  2.8346130690862738e+003	 -4.0961837376970125e+003	
  1.7700000000000000e+003	  2.8346914013173709e+003	 -4.0968293762368439e+003	
  1.8000000000000000e+003	  2.8347893165056121e+003	 -4.0975640701850480e+003	
  1.8300000000000000e+003	  2.8347305667118853e+003	 -4.0969406931302710e+003	
  1.8600000000000000e+003	  2.8356705547053084e+003	 -4.0951596198487082e+003	
  1.8900000000000000e+003	  2.8359251353255822e+003	 -4.0946030346034631e+003	
  1.9200000000000000e+003	  2.8356509741680688e+003	 -4.0948701949040669e+003	
  1.9500000000000000e+003	  2.8350438967258974e+003	 -4.0934898641338286e+003	
  1.9800000000000000e+003	  2.8353572255372537e+003	 -4.0944026638422974e+003	
  2.0100000000000000e+003	  2.8359251355266679e+003	 -4.0960056289072008e+003	
  2.0400000000000000e+003	  2.8358468024248432e+003	 -4.0915529455867299e+003	
  2.0700000000000000e+003	  2.8354551403504984e+003	 -4.0905288283120071e+003	
  2.1000000000000000e+003	  2.8349459810906810e+003	 -4.0935789162254550e+003	
  2.1300000000000000e+003	  2.8346326520434459e+003	 -4.0967403232730558e+003	
  2.1600000000000000e+003	  2.8348676485355336e+003	 -4.0951596204057423e+003	
  2.1900000000000000e+003	  2.8352005610532906e+003	 -4.0925547988153426e+003	
  2.2200000000000000e+003	  2.8350830621530963e+003	 -4.0917978436134390e+003	
  2.2500000000000000e+003	  2.8342997390427854e+003	 -4.0932227026570808e+003	
  2.2800000000000000e+003	  2.8347305667118853e+003	 -4.0927996970752574e+003	
  2.3100000000000000e+003	  2.8347305667118853e+003	 -4.0935789178913633e+003	
  2.3400000000000000e+003	  2.8351809782863629e+003	 -4.0944917179611161e+003	
  2.3700000000000000e+003	  2.8359055524520440e+003	 -4.0953822552122415e+003	
  2.4000000000000000e+003	  2.8349655637401038e+003	 -4.0948701956155855e+003	
  2.4300000000000000e+003	  2.8361209671045126e+003	 -4.0944917173489230e+003	
  2.4600000000000000e+003	  2.8621664692430145e+003	 -4.0937347614089695e+003	
  2.4900000000000000e+003	  2.8910319378616114e+003	 -4.1104991175185878e+003	
  2.5200000000000000e+003	  2.8951248027558977e+003	 -4.1194267474057724e+003	
  2.5500000000000000e+003	  2.8928683957682306e+003	 -4.1261305099119008e+003	
  2.5800000000000000e+003	  2.8914649412667923e+003	 -4.1451286281588891e+003	
  2.6100000000000000e+003	  2.8900614867653535e+003	 -4.1641267464058756e+003	
  2.6400000000000000e+003	  2.9033888641437502e+003	 -4.1811854745845030e+003	
  2.6700000000000000e+003	  2.9038811420978373e+003	 -4.1779979668998058e+003	
  2.7000000000000000e+003	  2.9028175779978128e+003	 -4.1607246245126671e+003	
  2.7300000000000000e+003	  2.8968676966766661e+003	 -4.1760203610646668e+003	
  2.7600000000000000e+003	  2.8977293541966842e+003	 -4.1533562000587381e+003	
  2.7900000000000000e+003	  2.9078538083292942e+003	 -4.1216530903600224e+003	
  2.8200000000000000e+003	  2.9330180730182010e+003	 -4.1049109969672863e+003	
  2.8500000000000000e+003	  2.9504274349356210e+003	 -4.0973191724797780e+003	
  2.8800000000000000e+003	  2.9525032414888369e+003	 -4.0970520113740185e+003	
  2.9100000000000000e+003	  2.9560477804501402e+003	 -4.0958275225994148e+003	
  2.9400000000000000e+003	  2.9769429330604471e+003	 -4.1022171242420618e+003	
  2.9700000000000000e+003	  2.9971526750620606e+003	 -4.1136827850453810e+003	
  3.0000000000000000e+003	  2.9982101637787932e+003	 -4.1155306495116283e+003	
  3.0300000000000000e+003	  3.0111154163758570e+003	 -4.1221206218248863e+003	
  3.0600000000000000e+003	  3.0213965355856053e+003	 -4.1164211868016055e+003	
  3.0900000000000000e+003	  3.0351830272307825e+003	 -4.1347885075072245e+003	
  3.1200000000000000e+003	  3.0457774774247528e+003	 -4.1195158010494997e+003	
  3.1500000000000000e+003	  3.0441324990536550e+003	 -4.1104100635140003e+003	
  3.1800000000000000e+003	  3.0349871975656833e+003	 -4.1198942796828287e+003	
  3.2100000000000000e+003	  3.0559410984924934e+003	 -4.1042876226474273e+003	
  3.2400000000000000e+003	  3.0871565366320979e+003	 -4.0992338261242148e+003	
  3.2700000000000000e+003	  3.1165311638100138e+003	 -4.1065584909113823e+003	
  3.3000000000000000e+003	  3.1257939634238355e+003	 -4.1329406446103530e+003	
  3.3300000000000000e+003	  3.1239531539843956e+003	 -4.1447625191697070e+003	
  3.3600000000000000e+003	  3.1214856853421734e+003	 -4.1499276323344211e+003	
  3.3900000000000000e+003	  3.1192532126730475e+003	 -4.1469220716559039e+003	
  3.4200000000000000e+003	  3.1187440522459133e+003	 -4.1425584409939302e+003	
  3.4500000000000000e+003	  3.1228956659323603e+003	 -4.1076271346096555e+003	
  3.4800000000000000e+003	  3.1329417899267764e+003	 -4.0925548006004074e+003	
  3.5100000000000000e+003	  3.1639613959284166e+003	 -4.0900390329662432e+003	
  3.5400000000000000e+003	  3.1848369648696539e+003	 -4.0897718734118557e+003	
  3.5700000000000000e+003	  3.1948635047249795e+003	 -4.0904175112106227e+003	
  3.6000000000000000e+003	  3.2009930102619915e+003	 -4.0880575890882383e+003	
  3.6300000000000000e+003	  3.2032646491989808e+003	 -4.0766587181931404e+003	
  3.6600000000000000e+003	  3.2282330821906958e+003	 -4.0758794978413453e+003	
  3.6900000000000000e+003	  3.2361054827698708e+003	 -4.0832932176171635e+003	
  3.7200000000000000e+003	  3.2448395378446876e+003	 -4.1053785296342467e+003	
  3.7500000000000000e+003	  3.2420391573017064e+003	 -4.1066252815312982e+003	
  3.7800000000000000e+003	  3.2215552506659510e+003	 -4.0817347785375823e+003	
  3.8100000000000000e+003	  3.2314251256660873e+003	 -4.0656160618028662e+003	
  3.8400000000000000e+003	  3.2496569775474118e+003	 -4.0470706322547658e+003	
  3.8700000000000000e+003	  3.2574510448043666e+003	 -4.0467144177411101e+003	
  3.9000000000000000e+003	  3.2651667812681903e+003	 -4.0412598806341775e+003	
  3.9300000000000000e+003	  3.2701800513841245e+003	 -4.0348034891708985e+003	
  3.9600000000000000e+003	  3.2823607297156282e+003	 -4.0173044404958009e+003	
  3.9900000000000000e+003	  3.2994763467395269e+003	 -3.9955308167961207e+003	
  4.0200000000000000e+003	  3.3024138095705298e+003	 -3.9725104392359244e+003	
  4.0500000000000000e+003	  3.2909968704642124e+003	 -3.9469297706064876e+003	
  4.0800000000000000e+003	  3.2720012788797508e+003	 -3.9210819395779131e+003	
  4.1100000000000000e+003	  3.2861794311153717e+003	 -3.9024251938965426e+003	
  4.1400000000000000e+003	  3.2963234701038828e+003	 -3.9046960626104674e+003	
  4.1700000000000000e+003	  3.3012779896729976e+003	 -3.9073008821786707e+003	
  4.2000000000000000e+003	  3.3135957504350699e+003	 -3.9009112812857688e+003	
  4.2300000000000000e+003	  3.3095812183663097e+003	 -3.9094826971035232e+003	
  4.2600000000000000e+003	  3.3074074955445858e+003	 -3.8803176181491594e+003	
  4.2900000000000000e+003	  3.3069179189622955e+003	 -3.8661842592329608e+003	
  4.3200000000000000e+003	  3.3039804559314725e+003	 -3.8655970926100299e+003	
  4.3500000000000000e+003	  3.3010429929006500e+003	 -3.8650099259870995e+003	
  4.3800000000000000e+003	  3.3011311162697261e+003	 -3.8760764369919852e+003	
  4.4100000000000000e+003	  3.3053708550942274e+003	 -3.8903918144996906e+003	
  4.4400000000000000e+003	  3.3029817183935002e+003	 -3.8820096376266615e+003	
  4.4700000000000000e+003	  3.3029131778780015e+003	 -3.8836793944886595e+003	
  4.5000000000000000e+003	  3.3039217063698925e+003	 -3.8771450817353993e+003	
  4.5300000000000000e+003	  3.3034517126100973e+003	 -3.8781024071724701e+003	
  4.5600000000000000e+003	  3.3003575847000493e+003	 -3.8828222518369512e+003	
  4.5900000000000000e+003	  3.3040685793685161e+003	 -3.8879539699303486e+003	
  4.6200000000000000e+003	  3.3095616337489164e+003	 -3.8925847615398707e+003	
  4.6500000000000000e+003	  3.3095616337489164e+003	 -3.8925847615398707e+003	
  4.6800000000000000e+003	  3.3095616337489164e+003	 -3.8925847615398707e+003	
  4.7100000000000000e+003	  3.3095616337489164e+003	 -3.8925847615398707e+003	
  4.7400000000000000e+003	  3.3095616337489164e+003	 -3.8925847615398707e+003	
  4.7700000000000000e+003	  3.3095616337489164e+003	 -3.8925847615398707e+003	
  4.8000000000000000e+003	  3.3095616337489164e+003	 -3.8925847615398707e+003	
  4.8300000000000000e+003	  3.3095616337489164e+003	 -3.8925847615398707e+003	
  4.8600000000000000e+003	  3.3095616337489164e+003	 -3.8925847615398707e+003	
  4.8900000000000000e+003	  3.3095616337489164e+003	 -3.8925847615398707e+003	
  4.9200000000000000e+003	  3.3095616337489164e+003	 -3.8925847615398707e+003	
  4.9500000000000000e+003	  3.3095616337489164e+003	 -3.8925847615398707e+003	
  4.9800000000000000e+003	  3.3095616337489164e+003	 -3.8925847615398707e+003	
  5.0100000000000000e+003	  3.3095616337489164e+003	 -3.8925847615398707e+003	
  5.0400000000000000e+003	  3.3095616337489164e+003	 -3.8925847615398707e+003	
  5.0700000000000000e+003	  3.3095616337489164e+003	 -3.8925847615398707e+003	
  5.1000000000000000e+003	  3.3095616337489164e+003	 -3.8925847615398707e+003	
  5.1300000000000000e+003	  3.3095616337489164e+003	 -3.8925847615398707e+003	
  5.1600000000000000e+003	  3.3095616337489164e+003	 -3.8925847615398707e+003	
  5.1900000000000000e+003	  3.3095616337489164e+003	 -3.8925847615398707e+003	
  5.2200000000000000e+003	  3.3095616337489164e+003	 -3.8925847615398707e+003	
  5.2500000000000000e+003	  3.3095616337489164e+003	 -3.8925847615398707e+003	
  5.2800000000000000e+003	  3.3095616337489164e+003	 -3.8925847615398707e+003	
  5.3100000000000000e+003	  3.3095616337489164e+003	 -3.8925847615398707e+003	
  5.3400000000000000e+003	  3.3095616337489164e+003	 -3.8925847615398707e+003	
  5.3700000000000000e+003	  3.3095616337489164e+003	 -3.8925847615398707e+003	
  5.4000000000000000e+003	  3.3095616337489164e+003	 -3.8925847615398707e+003	
  5.4300000000000000e+003	  3.3180357990478833e+003	 -3.8817727796518830e+003	
  5.4600000000000000e+003	  3.3428342773556337e+003	 -3.8501330028887628e+003	
  5.4900000000000000e+003	  3.3426766324713853e+003	 -3.8559169093373202e+003	
  5.5200000000000000e+003	  3.3277739039184680e+003	 -3.8730820061897016e+003	
  5.5500000000000000e+003	  3.3000638391010011e+003	 -3.8882656590478846e+003	
  5.5800000000000000e+003	  3.2632868048806881e+003	 -3.8828779103101092e+003	
  5.6100000000000000e+003	  3.2501661376812649e+003	 -3.8546478948352392e+003	
  5.6400000000000000e+003	  3.2453095324862011e+003	 -3.8314494096825429e+003	
  5.6700000000000000e+003	  3.2622489009643491e+003	 -3.8178464614208970e+003	
  5.7000000000000000e+003	  3.2618376570587870e+003	 -3.8063362729573564e+003	
  5.7300000000000000e+003	  3.2751149878428123e+003	 -3.8019726425635454e+003	
  5.7600000000000000e+003	  3.2847890318795571e+003	 -3.7889485434389630e+003	
  5.7900000000000000e+003	  3.3289293071356742e+003	 -3.8321173134983428e+003	
  5.8200000000000000e+003	  3.3294776328190615e+003	 -3.8315162017009338e+003	
  5.8500000000000000e+003	  3.3396608365886968e+003	 -3.8307592451687547e+003	
  5.8800000000000000e+003	  3.3340013257787105e+003	 -3.8332304843700258e+003	
  5.9100000000000000e+003	  3.3278522367612882e+003	 -3.8228334670433092e+003	
  5.9400000000000000e+003	  3.3129495091342892e+003	 -3.8325625816455431e+003	
  5.9700000000000000e+003	  3.3112849461841788e+003	 -3.8401321447555370e+003	
  6.0000000000000000e+003	  3.3165136305444930e+003	 -3.8363028369801605e+003	
  6.0300000000000000e+003	  3.3294384664569866e+003	 -3.8390857635531038e+003	
  6.0600000000000000e+003	  3.3270101642689233e+003	 -3.8305811379342645e+003	
  6.0900000000000000e+003	  3.3314751075368026e+003	 -3.8457202627732631e+003	
  6.1200000000000000e+003	  3.3403854108878395e+003	 -3.8635977889848946e+003	
  6.1500000000000000e+003	  3.3240531183153989e+003	 -3.8371711097677057e+003	
  6.1800000000000000e+003	  3.3413253991441356e+003	 -3.8238130581906125e+003	
  6.2100000000000000e+003	  3.3284984781995654e+003	 -3.8204512812360531e+003	
  6.2400000000000000e+003	  3.3245622780417079e+003	 -3.8335644366815118e+003	
  6.2700000000000000e+003	  3.2973809560696727e+003	 -3.8028186527267462e+003	
  6.3000000000000000e+003	  3.3413841476051543e+003	 -3.7975756174463008e+003	
  6.3300000000000000e+003	  3.3538194079167297e+003	 -3.7889485419488274e+003	
  6.3600000000000000e+003	  3.3512736079145297e+003	 -3.7807110761515892e+003	
  6.3900000000000000e+003	  3.3318345150085788e+003	 -3.7739174604716782e+003	
  6.4200000000000000e+003	  3.3295755477944126e+003	 -3.8053900778777652e+003	
  6.4500000000000000e+003	  3.3219968941546608e+003	 -3.8100987916211843e+003	
  6.4800000000000000e+003	  3.3219968941546608e+003	 -3.8100987916211843e+003	
  6.5100000000000000e+003	  3.3219968941546608e+003	 -3.8100987916211843e+003	
  6.5400000000000000e+003	  3.3219968941546608e+003	 -3.8100987916211843e+003	
  6.5700000000000000e+003	  3.3219968941546608e+003	 -3.8100987916211843e+003	
  6.6000000000000000e+003	  3.3219968941546608e+003	 -3.8100987916211843e+003	
  6.6300000000000000e+003	  3.3219968941546608e+003	 -3.8100987916211843e+003	
  6.6600000000000000e+003	  3.3219968941546608e+003	 -3.8100987916211843e+003	
  6.6900000000000000e+003	  3.3219968941546608e+003	 -3.8100987916211843e+003	
  6.7200000000000000e+003	  3.3219968941546608e+003	 -3.8100987916211843e+003	
  6.7500000000000000e+003	  3.3219968941546608e+003	 -3.8100987916211843e+003	
  6.7800000000000000e+003	  3.3219968941546608e+003	 -3.8100987916211843e+003	
  6.8100000000000000e+003	  3.3219968941546608e+003	 -3.8100987916211843e+003	
  6.8400000000000000e+003	  3.3219968941546608e+003	 -3.8100987916211843e+003	
  6.8700000000000000e+003	  3.3219968941546608e+003	 -3.8100987916211843e+003	
  6.9000000000000000e+003	  3.3219968941546608e+003	 -3.8100987916211843e+003	
  6.9300000000000000e+003	  3.3219968941546608e+003	 -3.8100987916211843e+003	
  6.9600000000000000e+003	  3.2976333298149939e+003	 -3.8116535758192363e+003	
  6.9900000000000000e+003	  3.2775922475324273e+003	 -3.7978539097284092e+003	
  7.0200000000000000e+003	  3.2798638864983513e+003	 -3.8032973167077580e+003	
  7.0500000000000000e+003	  3.2736854234797602e+003	 -3.8075718924201237e+003	
  7.0800000000000000e+003	  3.2832713442486661e+003	 -3.8007370229541434e+003	
  7.1100000000000000e+003	  3.2731370956835649e+003	 -3.8040320090139949e+003	
  7.1400000000000000e+003	  3.2939147494493459e+003	 -3.7887815673252890e+003	
  7.1700000000000000e+003	  3.2699352618772541e+003	 -3.8143733665548875e+003	
  7.2000000000000000e+003	  3.2630615992680587e+003	 -3.8368148957230560e+003	
  7.2300000000000000e+003	  3.2400612655129435e+003	 -3.8230894960646183e+003	
  7.2600000000000000e+003	  3.2425287345896882e+003	 -3.7979874911794736e+003	
  7.2900000000000000e+003	  3.2546310809739430e+003	 -3.7831600528719632e+003	
  7.3200000000000000e+003	  3.2607214200383819e+003	 -3.7877908442438229e+003	
  7.3500000000000000e+003	  3.2418629091728517e+003	 -3.7886591169658263e+003	
  7.3800000000000000e+003	  3.2430183111066672e+003	 -3.7851192342718941e+003	
  7.4100000000000000e+003	  3.2304655542449500e+003	 -3.7920876839991165e+003	
  7.4400000000000000e+003	  3.2114112123410223e+003	 -3.7771934575883338e+003	
  7.4700000000000000e+003	  3.2000138569958845e+003	 -3.7584699210255812e+003	
  7.5000000000000000e+003	  3.1935514372441985e+003	 -3.7454235562047943e+003	
  7.5300000000000000e+003	  3.1926702004456210e+003	 -3.7283920395285299e+003	
  7.5600000000000000e+003	  3.1866386092435614e+003	 -3.7178391782219305e+003	
  7.5900000000000000e+003	  3.2187548690073554e+003	 -3.6990488515056995e+003	
  7.6200000000000000e+003	  3.2349892456903704e+003	 -3.6991379061588568e+003	
  7.6500000000000000e+003	  3.2574118789220388e+003	 -3.7134755487482553e+003	
  7.6800000000000000e+003	  3.2537890072339815e+003	 -3.7192195102370024e+003	
  7.7100000000000000e+003	  3.2461516047580299e+003	 -3.7130525449390357e+003	
  7.7400000000000000e+003	  3.2565502231253622e+003	 -3.7137204461823080e+003	
  7.7700000000000000e+003	  3.2683392418776120e+003	 -3.7212677453887941e+003	
  7.8000000000000000e+003	  3.2547358930452201e+003	 -3.7515209111124423e+003	
  7.8300000000000000e+003	  3.2207275209642403e+003	 -3.8271538254215620e+003	
  7.8600000000000000e+003	  3.1870106886618628e+003	 -3.8885216885128007e+003	
  7.8900000000000000e+003	  3.2000530238529564e+003	 -3.7540840269461928e+003	
  7.9200000000000000e+003	  3.2463082697006216e+003	 -3.7223809162165016e+003	
  7.9500000000000000e+003	  3.2804317951619805e+003	 -3.7018429115638633e+003	
  7.9800000000000000e+003	  3.3099043386996068e+003	 -3.6812937757684949e+003	
  8.0100000000000000e+003	  3.2890973112833394e+003	 -3.6395832574648716e+003	
  8.0400000000000000e+003	  3.2592331068032408e+003	 -3.6317465340013055e+003	
  8.0700000000000000e+003	  3.2228575251160269e+003	 -3.6197688148621264e+003	
  8.1000000000000000e+003	  3.2188136176861103e+003	 -3.6310452365281817e+003	
  8.1300000000000000e+003	  3.2357627786574053e+003	 -3.6922139818153614e+003	
  8.1600000000000000e+003	  3.2026086155689241e+003	 -3.6476537475098312e+003	
  8.1900000000000000e+003	  3.1896446120645110e+003	 -3.6809264287343649e+003	
  8.2200000000000000e+003	  3.1884108780125416e+003	 -3.7073865034257274e+003	
  8.2500000000000000e+003	  3.1788737269997637e+003	 -3.7218821302584834e+003	
  8.2800000000000000e+003	  3.1896350089830385e+003	 -3.7247720935497873e+003	
  8.3100000000000000e+003	  3.2003962909663128e+003	 -3.7276620568410899e+003	
  8.3400000000000000e+003	  3.2111575729495871e+003	 -3.7305520201323934e+003	
  8.3700000000000000e+003	  3.2219188549328614e+003	 -3.7334419834236969e+003	
  8.4000000000000000e+003	  3.2326801369161358e+003	 -3.7363319467149995e+003	
  8.4300000000000000e+003	  3.2434414188994101e+003	 -3.7392219100063035e+003	
  8.4600000000000000e+003	  3.2469055537982704e+003	 -3.7294718158037258e+003	
  8.4900000000000000e+003	  3.2464845178954929e+003	 -3.7262436197136426e+003	
  8.5200000000000000e+003	  3.1920141659975388e+003	 -3.7136870513068011e+003	
  8.5500000000000000e+003	  3.1696894489569845e+003	 -3.7127853824416211e+003	
  8.5800000000000000e+003	  3.1400014920449871e+003	 -3.7068410493797155e+003	
  8.6100000000000000e+003	  3.1115570605793555e+003	 -3.7012751946369344e+003	
  8.6400000000000000e+003	  3.0789120571313993e+003	 -3.6952974663299151e+003	
  8.6700000000000000e+003	  3.0458460183354068e+003	 -3.6741694814013290e+003	
  8.7000000000000000e+003	  3.0206523793922292e+003	 -3.6692047392308473e+003	
  8.7300000000000000e+003	  3.0122806099730856e+003	 -3.6710971277772487e+003	
  8.7600000000000000e+003	  2.9867344759101479e+003	 -3.6875052686845243e+003	
  8.7900000000000000e+003	  2.9514751317450855e+003	 -3.6886852295642334e+003	
  8.8200000000000000e+003	  2.9175082681440372e+003	 -3.6948299341140928e+003	
  8.8500000000000000e+003	  2.9112025160397770e+003	 -3.6941731637187549e+003	
  8.8800000000000000e+003	  2.9231677801845904e+003	 -3.6746036174579058e+003	
  8.9100000000000000e+003	  2.9385013359921359e+003	 -3.6460173858738176e+003	
  8.9400000000000000e+003	  2.9367388583532202e+003	 -3.6123884902554346e+003	
  8.9700000000000000e+003	  2.9332824451510050e+003	 -3.5819209994282769e+003	
  9.0000000000000000e+003	  2.9332139032217956e+003	 -3.5574312378901100e+003	
  9.0300000000000000e+003	  2.9255862913145420e+003	 -3.5306594766728631e+003	
  9.0600000000000000e+003	  2.8966424915978673e+003	 -3.5270194063710223e+003	
  9.0900000000000000e+003	  2.8616573097083133e+003	 -3.5172012384778086e+003	
  9.1200000000000000e+003	  2.8447571064823605e+003	 -3.4941140719772870e+003	
  9.1500000000000000e+003	  2.8397144623718341e+003	 -3.4561772037575561e+003	
  9.1800000000000000e+003	  2.8381771906103222e+003	 -3.4196318000269412e+003	
  9.2100000000000000e+003	  2.8431904602431318e+003	 -3.3859583786774192e+003	
  9.2400000000000000e+003	  2.8567027890814702e+003	 -3.3753498590019180e+003	
  9.2700000000000000e+003	  2.8674832777370175e+003	 -3.3463183584989993e+003	
  9.3000000000000000e+003	  2.8711942718432992e+003	 -3.3407859005576443e+003	
  9.3300000000000000e+003	  2.8711942718432992e+003	 -3.3407859005576447e+003	
  9.3600000000000000e+003	  2.8711942718432992e+003	 -3.3407859005576447e+003	
  9.3900000000000000e+003	  2.8711942718432992e+003	 -3.3407859005576447e+003	
  9.4200000000000000e+003	  2.8711942718432992e+003	 -3.3407859005576447e+003	
  9.4500000000000000e+003	  2.8711942718432992e+003	 -3.3407859005576447e+003	
  9.4800000000000000e+003	  2.8711942718432992e+003	 -3.3407859005576447e+003	
  9.5100000000000000e+003	  2.8711942718432992e+003	 -3.3407859005576447e+003	
  9.5400000000000000e+003	  2.8711942718432992e+003	 -3.3407859005576447e+003	
  9.5700000000000000e+003	  2.8711942718432992e+003	 -3.3407859005576447e+003	
  9.6000000000000000e+003	  2.8711942718432992e+003	 -3.3407859005576447e+003	
  9.6300000000000000e+003	  2.8711942718432992e+003	 -3.3407859005576447e+003	
  9.6600000000000000e+003	  2.8711942718432992e+003	 -3.3407859005576447e+003	
  9.6900000000000000e+003	  2.8711942718432992e+003	 -3.3407859005576447e+003	
  9.7200000000000000e+003	  2.8711942718432992e+003	 -3.3407859005576447e+003	
  9.7500000000000000e+003	  2.8711942718432992e+003	 -3.3407859005576447e+003	
  9.7800000000000000e+003	  2.8711942718432992e+003	 -3.3407859005576447e+003	
  9.8100000000000000e+003	  2.8711942718432992e+003	 -3.3407859005576447e+003	
  9.8400000000000000e+003	  2.8711942718432992e+003	 -3.3407859005576447e+003	
  9.8700000000000000e+003	  2.8711942718432992e+003	 -3.3407859005576447e+003	
  9.9000000000000000e+003	  2.8711942718432992e+003	 -3.3407859005576447e+003	
  9.9300000000000000e+003	  2.8711942718432992e+003	 -3.3407859005576447e+003	
  9.9600000000000000e+003	  2.8711942718432992e+003	 -3.3407859005576447e+003	
  9.9900000000000000e+003	  2.8711942718432992e+003	 -3.3407859005576447e+003	
  1.0020000000000000e+004	  2.8711942718432992e+003	 -3.3407859005576447e+003	
  1.0050000000000000e+004	  2.8711942718432992e+003	 -3.3407859005576447e+003	
  1.0080000000000000e+004	  2.8711942718432992e+003	 -3.3407859005576447e+003	
  1.0110000000000000e+004	  2.8711942718432992e+003	 -3.3407859005576447e+003	
  1.0140000000000000e+004	  2.8711942718432992e+003	 -3.3407859005576447e+003	
  1.0170000000000000e+004	  2.8711942718432992e+003	 -3.3407859005576447e+003	
  1.0200000000000000e+004	  2.8711942718432992e+003	 -3.3407859005576447e+003	
  1.0230000000000000e+004	  2.8711942718432992e+003	 -3.3407859005576447e+003	
  1.0260000000000000e+004	  2.8711942718432992e+003	 -3.3407859005576447e+003	
  1.0290000000000000e+004	  2.8711942718432992e+003	 -3.3407859005576447e+003	
  1.0320000000000000e+004	  2.8711942718432992e+003	 -3.3407859005576447e+003	
  1.0350000000000000e+004	  2.8711942718432992e+003	 -3.3407859005576447e+003	
  1.0380000000000000e+004	  2.8711942718432992e+003	 -3.3407859005576447e+003	
  1.0410000000000000e+004	  2.8711942718432992e+003	 -3.3407859005576447e+003	
  1.0440000000000000e+004	  2.8711942718432992e+003	 -3.3407859005576447e+003	
  1.0470000000000000e+004	  2.8711942718432992e+003	 -3.3407859005576447e+003	
  1.0500000000000000e+004	  2.8711942718432992e+003	 -3.3407859005576447e+003	
  1.0530000000000000e+004	  2.8711942718432992e+003	 -3.3407859005576447e+003	
  1.0560000000000000e+004	  2.8711942718432992e+003	 -3.3407859005576447e+003	
  1.0590000000000000e+004	  2.8711942718432992e+003	 -3.3407859005576447e+003	
  1.0620000000000000e+004	  2.8711942718432992e+003	 -3.3407859005576447e+003	
  1.0650000000000000e+004	  2.8711942718432992e+003	 -3.3407859005576447e+003	
  1.0680000000000000e+004	  2.8711942718432992e+003	 -3.3407859005576447e+003	
  1.0710000000000000e+004	  2.8711942718432992e+003	 -3.3407859005576447e+003	
  1.0740000000000000e+004	  2.8711942718432992e+003	 -3.3407859005576447e+003	
  1.0770000000000000e+004	  2.8711942718432992e+003	 -3.3407859005576447e+003	
  1.0800000000000000e+004	  2.8711942718432992e+003	 -3.3407859005576447e+003	
  1.0830000000000000e+004	  2.8711942718432992e+003	 -3.3407859005576447e+003	
  1.0860000000000000e+004	  2.8711942718432992e+003	 -3.3407859005576447e+003	
  1.0890000000000000e+004	  2.8711942718432992e+003	 -3.3407859005576447e+003	
  1.0920000000000000e+004	  2.8711942718432992e+003	 -3.3407859005576447e+003	
  1.0950000000000000e+004	  2.8711942718432992e+003	 -3.3407859005576447e+003	
  1.0980000000000000e+004	  2.8711942718432992e+003	 -3.3407859005576447e+003	
  1.1010000000000000e+004	  2.8711942718432992e+003	 -3.3407859005576447e+003	
  1.1040000000000000e+004	  2.8711942718432992e+003	 -3.3407859005576447e+003	
  1.1070000000000000e+004	  2.8711942718432992e+003	 -3.3407859005576447e+003	
  1.1100000000000000e+004	  2.8711942718432992e+003	 -3.3407859005576447e+003	
  1.1130000000000000e+004	  2.8711942718432992e+003	 -3.3407859005576447e+003	
  1.1160000000000000e+004	  2.8711942718432992e+003	 -3.3407859005576447e+003	
  1.1190000000000000e+004	  2.8711942718432992e+003	 -3.3407859005576447e+003	
  1.1220000000000000e+004	  2.8711942718432992e+003	 -3.3407859005576447e+003	
  1.1250000000000000e+004	  2.8711942718432992e+003	 -3.3407859005576447e+003	
  1.1280000000000000e+004	  2.8711942718432992e+003	 -3.3407859005576447e+003	
  1.1310000000000000e+004	  2.8711942718432992e+003	 -3.3407859005576447e+003	
  1.1340000000000000e+004	  2.8711942718432992e+003	 -3.3407859005576447e+003	
  1.1370000000000000e+004	  2.8711942718432992e+003	 -3.3407859005576447e+003	
  1.1400000000000000e+004	  2.8711942718432992e+003	 -3.3407859005576447e+003	
  1.1430000000000000e+004	  2.8711942718432992e+003	 -3.3407859005576447e+003	
  1.1460000000000000e+004	  2.8711942718432992e+003	 -3.3407859005576447e+003	
  1.1490000000000000e+004	  2.8711942718432992e+003	 -3.3407859005576447e+003	
  1.1520000000000000e+004	  2.8711942718432992e+003	 -3.3407859005576447e+003	
  1.1550000000000000e+004	  2.8711942718432992e+003	 -3.3407859005576447e+003	
  1.1580000000000000e+004	  2.8711942718432992e+003	 -3.3407859005576447e+003	
  1.1610000000000000e+004	  2.8711942718432992e+003	 -3.3407859005576447e+003	
  1.1640000000000000e+004	  2.8711942718432992e+003	 -3.3407859005576447e+003	
  1.1670000000000000e+004	  2.8711942718432992e+003	 -3.3407859005576447e+003	
  1.1700000000000000e+004	  2.8711942718432992e+003	 -3.3407859005576447e+003	
  1.1730000000000000e+004	  2.8711942718432992e+003	 -3.3407859005576447e+003	
  1.1760000000000000e+004	  2.8711942718432992e+003	 -3.3407859005576447e+003	
  1.1790000000000000e+004	  2.8711942718432992e+003	 -3.3407859005576447e+003	
  1.1820000000000000e+004	  2.8711942718432992e+003	 -3.3407859005576447e+003	
  1.1850000000000000e+004	  2.8711942718432992e+003	 -3.3407859005576447e+003	
  1.1880000000000000e+004	  2.8711942718432992e+003	 -3.3407859005576447e+003	
  1.1910000000000000e+004	  2.8711942718432992e+003	 -3.3407859005576447e+003	
  1.1940000000000000e+004	  2.8711942718432992e+003	 -3.3407859005576447e+003	
  1.1970000000000000e+004	  2.8711942718432992e+003	 -3.3407859005576447e+003	
  1.2000000000000000e+004	  2.8711942718432992e+003	 -3.3407859005576447e+003	
  1.2030000000000000e+004	  2.8711942718432992e+003	 -3.3407859005576447e+003	
  1.2060000000000000e+004	  2.8711942718432992e+003	 -3.3407859005576447e+003	
  1.2090000000000000e+004	  2.8711942718432992e+003	 -3.3407859005576447e+003	
  1.2120000000000000e+004	  2.8711942718432992e+003	 -3.3407859005576447e+003	
  1.2150000000000000e+004	  2.8711942718432992e+003	 -3.3407859005576447e+003	
  1.2180000000000000e+004	  2.8711942718432992e+003	 -3.3407859005576447e+003	
  1.2210000000000000e+004	  2.8711942718432992e+003	 -3.3407859005576447e+003	
  1.2240000000000000e+004	  2.8711942718432992e+003	 -3.3407859005576447e+003	
  1.2270000000000000e+004	  2.8711942718432992e+003	 -3.3407859005576447e+003	
  1.2300000000000000e+004	  2.8711942718432992e+003	 -3.3407859005576447e+003	
  1.2330000000000000e+004	  2.8711942718432992e+003	 -3.3407859005576447e+003	
  1.2360000000000000e+004	  2.8711942718432992e+003	 -3.3407859005576447e+003	
  1.2390000000000000e+004	  2.8711942718432992e+003	 -3.3407859005576447e+003	
  1.2420000000000000e+004	  2.8711942718432992e+003	 -3.3407859005576447e+003	
  1.2450000000000000e+004	  2.8711942718432992e+003	 -3.3407859005576447e+003	
  1.2480000000000000e+004	  2.8711942718432992e+003	 -3.3407859005576447e+003	
  1.2510000000000000e+004	  2.8711942718432992e+003	 -3.3407859005576447e+003	
  1.2540000000000000e+004	  2.8711942718432992e+003	 -3.3407859005576447e+003	
  1.2570000000000000e+004	  2.8711942718432992e+003	 -3.3407859005576447e+003	
  1.2600000000000000e+004	  2.8711942718432992e+003	 -3.3407859005576447e+003	
  1.2630000000000000e+004	  2.8711942718432992e+003	 -3.3407859005576447e+003	
  1.2660000000000000e+004	  2.8711942718432992e+003	 -3.3407859005576447e+003	
  1.2690000000000000e+004	  2.8711942718432992e+003	 -3.3407859005576447e+003	
  1.2720000000000000e+004	  2.8711942718432992e+003	 -3.3407859005576447e+003	
  1.2750000000000000e+004	  2.8711942718432992e+003	 -3.3407859005576447e+003	
  1.2780000000000000e+004	  2.8711942718432992e+003	 -3.3407859005576447e+003	
  1.2810000000000000e+004	  2.8711942718432992e+003	 -3.3407859005576447e+003	
  1.2840000000000000e+004	  2.8711942718432992e+003	 -3.3407859005576447e+003	
  1.2870000000000000e+004	  2.8711942718432992e+003	 -3.3407859005576447e+003	
  1.2900000000000000e+004	  2.8711942718432992e+003	 -3.3407859005576447e+003	
  1.2930000000000000e+004	  2.8711942718432992e+003	 -3.3407859005576447e+003	
  1.2960000000000000e+004	  2.8711942718432992e+003	 -3.3407859005576447e+003	
  1.2990000000000000e+004	  2.8711942718432992e+003	 -3.3407859005576447e+003	
  1.3020000000000000e+004	  2.8711942718432992e+003	 -3.3407859005576447e+003	
  1.3050000000000000e+004	  2.8711942718432992e+003	 -3.3407859005576447e+003	
  1.3080000000000000e+004	  2.8711942718432992e+003	 -3.3407859005576447e+003	
  1.3110000000000000e+004	  2.8711942718432992e+003	 -3.3407859005576447e+003	
  1.3140000000000000e+004	  2.8723637993386137e+003	 -3.3388241949463227e+003	
  1.3170000000000000e+004	  2.8474497820186671e+003	 -3.3485224369185380e+003	
  1.3200000000000000e+004	  2.8598948326533709e+003	 -3.3660437490169788e+003	
  1.3230000000000000e+004	  2.8541276145329061e+003	 -3.3684927239104022e+003	
  1.3260000000000000e+004	  2.8348872319972206e+003	 -3.3893646817257481e+003	
  1.3290000000000000e+004	  2.8288360592062395e+003	 -3.4213572154723347e+003	
  1.3320000000000000e+004	  2.8040732470835405e+003	 -3.4331011700941708e+003	
  1.3350000000000000e+004	  2.7961714720814311e+003	 -3.4363293653212559e+003	
  1.3380000000000000e+004	  2.7672080895175936e+003	 -3.4536948320514084e+003	
  1.3410000000000000e+004	  2.7611373332889075e+003	 -3.4442328791972568e+003	
  1.3440000000000000e+004	  2.7538034675563654e+003	 -3.4493645975535992e+003	
  1.3470000000000000e+004	  2.7626256483318639e+003	 -3.4391456879752686e+003	
  1.3500000000000000e+004	  2.7651518656097542e+003	 -3.4358507013567296e+003	
  1.3530000000000000e+004	  2.7673015535059403e+003	 -3.4369562834054495e+003	
  1.3560000000000000e+004	  2.7558694825369571e+003	 -3.4400696206947023e+003	
  1.3590000000000000e+004	  2.7574752965653061e+003	 -3.4560213605874960e+003	
  1.3620000000000000e+004	  2.8286304373011644e+003	 -3.4581586477998221e+003	
  1.3650000000000000e+004	  2.8305887451829121e+003	 -3.4426299129583508e+003	
  1.3680000000000000e+004	  2.8351124374119318e+003	 -3.4368636882960541e+003	
  1.3710000000000000e+004	  2.8343682804541813e+003	 -3.4502773976895769e+003	
  1.3740000000000000e+004	  2.8257713049093609e+003	 -3.4553423261309899e+003	
  1.3770000000000000e+004	  2.8261629679541006e+003	 -3.4526484505010776e+003	
  1.3800000000000000e+004	  2.8263979651794511e+003	 -3.4537393596893403e+003	
  1.3830000000000000e+004	  2.8266623375483459e+003	 -3.4537950182400991e+003	
  1.3860000000000000e+004	  2.8265644210857372e+003	 -3.4548859259616520e+003	
  1.3890000000000000e+004	  2.8261531763851599e+003	 -3.4551976139300614e+003	
  1.3920000000000000e+004	  2.8253894363426102e+003	 -3.4549749801142652e+003	
  1.3950000000000000e+004	  2.8256244335614547e+003	 -3.4549861118456602e+003	
  1.3980000000000000e+004	  2.8263098414123970e+003	 -3.4543849989802416e+003	
  1.4010000000000000e+004	  2.8265350464547273e+003	 -3.4520250778395698e+003	
  1.4040000000000000e+004	  2.8266427544666467e+003	 -3.4504555056284216e+003	
  1.4070000000000000e+004	  2.8265448379647687e+003	 -3.4523812894933581e+003	
  1.4100000000000000e+004	  2.8264567143743930e+003	 -3.4543961305662478e+003	
  1.4130000000000000e+004	  2.8259769290523291e+003	 -3.4544517890393859e+003	
  1.4160000000000000e+004	  2.8341332839928987e+003	 -3.4711159596423181e+003	
  1.4190000000000000e+004	  2.8426225502998295e+003	 -3.4995352151455127e+003	
  1.4220000000000000e+004	  2.8405369519411911e+003	 -3.5283774759002454e+003	
  1.4250000000000000e+004	  2.8428967156907765e+003	 -3.5420026876311176e+003	
  1.4280000000000000e+004	  2.8495157971271451e+003	 -3.5693978270180769e+003	
  1.4310000000000000e+004	  2.8501424556228567e+003	 -3.5866853706140655e+003	
  1.4340000000000000e+004	  2.8511999420751563e+003	 -3.5818208149421066e+003	
  1.4370000000000000e+004	  2.8415818500050245e+003	 -3.5784717614494753e+003	
  1.4400000000000000e+004	  2.8463377418356927e+003	 -3.5830039572167930e+003	
  1.4430000000000000e+004	  2.8510936336663613e+003	 -3.5875361529841098e+003	
  1.4460000000000000e+004	  2.8558495254970294e+003	 -3.5920683487514275e+003	
  1.4490000000000000e+004	  2.8544017760545812e+003	 -3.5960137448571013e+003	
  1.4520000000000000e+004	  2.8143054101085245e+003	 -3.5843477128331192e+003	
  1.4550000000000000e+004	  2.8441500311821574e+003	 -3.5781584806818719e+003	
  1.4580000000000000e+004	  2.8459516757942779e+003	 -3.5724701786792903e+003	
  1.4610000000000000e+004	  2.8753752606912713e+003	 -3.5710341875731510e+003	
  1.4640000000000000e+004	  2.8583967259810570e+003	 -3.5873866689623705e+003	
  1.4670000000000000e+004	  2.8515524370460653e+003	 -3.5856055957619210e+003	
  1.4700000000000000e+004	  2.8571434081627276e+003	 -3.5835128352703273e+003	
  1.4730000000000000e+004	  2.8491241356111218e+003	 -3.5637985757964111e+003	
  1.4760000000000000e+004	  2.8521203474465174e+003	 -3.5292902753770236e+003	
  1.4790000000000000e+004	  2.8840603603803256e+003	 -3.5230676494708764e+003	
  1.4820000000000000e+004	  2.8998051589216811e+003	 -3.5048450405395620e+003	
  1.4850000000000000e+004	  2.8836393234264297e+003	 -3.4898394954440055e+003	
  1.4880000000000000e+004	  2.8751010972323438e+003	 -3.4715500944133864e+003	
  1.4910000000000000e+004	  2.8788904251123158e+003	 -3.4656948166667562e+003	
  1.4940000000000000e+004	  2.8858032539361625e+003	 -3.4702476862505146e+003	
  1.4970000000000000e+004	  2.8860774172625534e+003	 -3.4698246804135151e+003	
  1.5000000000000000e+004	  2.8863124144903313e+003	 -3.4757244866838237e+003	
  1.5030000000000000e+004	  2.8815341416475594e+003	 -3.4693014912610715e+003	
  1.5060000000000000e+004	  2.8793310445220804e+003	 -3.4587374980131995e+003	
  1.5090000000000000e+004	  2.8790470893265233e+003	 -3.4518247059236005e+003	
  1.5120000000000000e+004	  2.8900038252875843e+003	 -3.4397579312096595e+003	
  1.5150000000000000e+004	  2.9059934150287354e+003	 -3.4375761177589557e+003	
  1.5180000000000000e+004	  2.9250673394284759e+003	 -3.4454128399500869e+003	
  1.5210000000000000e+004	  2.9430348215436361e+003	 -3.4469156207398787e+003	
  1.5240000000000000e+004	  2.9499672335784653e+003	 -3.4476169185992976e+003	
  1.5270000000000000e+004	  2.9564883999458243e+003	 -3.4360844683679461e+003	
  1.5300000000000000e+004	  2.9532376079241740e+003	 -3.4360510727084898e+003	
  1.5330000000000000e+004	  2.9521213719211869e+003	 -3.4360399411361927e+003	
  1.5360000000000000e+004	  2.9570269351230745e+003	 -3.4289156466932254e+003	
  1.5390000000000000e+004	  2.9635676864795155e+003	 -3.4288154625809934e+003	
  1.5420000000000000e+004	  2.9810945469166541e+003	 -3.4129750377300888e+003	
  1.5450000000000000e+004	  2.9807420505238929e+003	 -3.3876281351667749e+003	
  1.5480000000000000e+004	  2.9738194309611913e+003	 -3.3612905086660394e+003	
  1.5510000000000000e+004	  2.9738781800021361e+003	 -3.3278619839184639e+003	
  1.5540000000000000e+004	  2.9831605620050841e+003	 -3.2934538676577458e+003	
  1.5570000000000000e+004	  2.9903083883993313e+003	 -3.2924074876470722e+003	
  1.5600000000000000e+004	  2.9812120441887419e+003	 -3.3160512392836399e+003	
  1.5630000000000000e+004	  2.9771975132700136e+003	 -3.3512051786108946e+003	
  1.5660000000000000e+004	  2.9854517836943814e+003	 -3.3799695174642720e+003	
  1.5690000000000000e+004	  3.0118008237132790e+003	 -3.4028117869916305e+003	
  1.5720000000000000e+004	  3.0305614194829659e+003	 -3.4395241668407471e+003	
  1.5750000000000000e+004	  3.0086773223511686e+003	 -3.4498098665037346e+003	
  1.5780000000000000e+004	  2.9781668760783659e+003	 -3.4475723915673930e+003	
  1.5810000000000000e+004	  2.9617856260653048e+003	 -3.4368970822136534e+003	
  1.5840000000000000e+004	  2.9152953802478578e+003	 -3.4495315731202818e+003	
  1.5870000000000000e+004	  2.8801045767242949e+003	 -3.4804777269027486e+003	
  1.5900000000000000e+004	  2.8600221216032260e+003	 -3.5193496580412466e+003	
  1.5930000000000000e+004	  2.8580931882660343e+003	 -3.5568857844466738e+003	
  1.5960000000000000e+004	  2.8501620384081443e+003	 -3.5711900315717380e+003	
  1.5990000000000000e+004	  2.8498780849647674e+003	 -3.5756649780688481e+003	
  1.6020000000000000e+004	  2.8518266011072906e+003	 -3.5708894762474238e+003	
  1.6050000000000000e+004	  2.8454620984448215e+003	 -3.5512976666402660e+003	
  1.6080000000000000e+004	  2.8431610857788337e+003	 -3.5508190024576675e+003	
  1.6110000000000000e+004	  2.8206307472376816e+003	 -3.5244479811865808e+003	
  1.6140000000000000e+004	  2.7868107581172762e+003	 -3.4841511920581265e+003	
  1.6170000000000000e+004	  2.7852580986837493e+003	 -3.4734122727603376e+003	
  1.6200000000000000e+004	  2.7738439573662035e+003	 -3.4805683717245661e+003	
  1.6230000000000000e+004	  2.7624298160486578e+003	 -3.4877244706887950e+003	
  1.6260000000000000e+004	  2.7510156747311116e+003	 -3.4948805696530239e+003	
  1.6290000000000000e+004	  2.7396015334135659e+003	 -3.5020366686172524e+003	
  1.6320000000000000e+004	  2.7594336055312428e+003	 -3.5538690915237967e+003	
  1.6350000000000000e+004	  2.7518157844294242e+003	 -3.5613496005720103e+003	
  1.6380000000000000e+004	  2.7375984645801568e+003	 -3.5792382586780864e+003	
  1.6410000000000000e+004	  2.7304995962795356e+003	 -3.5902809140235840e+003	
  1.6440000000000000e+004	  2.7172614301207200e+003	 -3.6231417229035701e+003	
  1.6470000000000000e+004	  2.7153912461274886e+003	 -3.6462288893136501e+003	
  1.6500000000000000e+004	  2.6971496020900704e+003	 -3.6839653844241279e+003	
  1.6530000000000000e+004	  2.7556638609790680e+003	 -3.6468856595239718e+003	
  1.6560000000000000e+004	  2.7885340685903370e+003	 -3.6242660250572067e+003	
  1.6590000000000000e+004	  2.7998335091368576e+003	 -3.6362214823532604e+003	
  1.6620000000000000e+004	  2.8067071717593599e+003	 -3.6151491539033173e+003	
  1.6650000000000000e+004	  2.8081058585860269e+003	 -3.6079025945914059e+003	
  1.6680000000000000e+004	  2.8092150251868438e+003	 -3.6066831876355218e+003	
  1.6710000000000000e+004	  2.8103241917876612e+003	 -3.6054637806796368e+003	
  1.6740000000000000e+004	  2.8114333583884786e+003	 -3.6042443737237527e+003	
  1.6770000000000000e+004	  2.8125425249892960e+003	 -3.6030249667678681e+003	
  1.6800000000000000e+004	  2.8136516915901129e+003	 -3.6018055598119831e+003	
  1.6830000000000000e+004	  2.8147608581909303e+003	 -3.6005861528560990e+003	
  1.6860000000000000e+004	  2.8158700247917477e+003	 -3.5993667459002149e+003	
  1.6890000000000000e+004	  2.8301285417376034e+003	 -3.5617280792366969e+003	
  1.6920000000000000e+004	  2.8456383465626154e+003	 -3.5436724445784625e+003	
  1.6950000000000000e+004	  2.8432100429232937e+003	 -3.5436501818081392e+003	
  1.6980000000000000e+004	  2.8444633610985547e+003	 -3.5434720735240030e+003	
  1.7010000000000000e+004	  2.8441500323976079e+003	 -3.5462327373254798e+003	
  1.7040000000000000e+004	  2.8438367030777536e+003	 -3.5479470218091183e+003	
  1.7070000000000000e+004	  2.8416629794554065e+003	 -3.5455203103205795e+003	
  1.7100000000000000e+004	  2.8404684117465222e+003	 -3.5391307079014032e+003	
  1.7130000000000000e+004	  2.8425442182088800e+003	 -3.5446075085626808e+003	
  1.7160000000000000e+004	  2.8432296258689685e+003	 -3.5495945141014172e+003	
  1.7190000000000000e+004	  2.8441304489338600e+003	 -3.5532902430453250e+003	
  1.7220000000000000e+004	  2.8443458626789325e+003	 -3.5551826328842531e+003	
  1.7250000000000000e+004	  2.8435821234207874e+003	 -3.5523329162987879e+003	
  1.7280000000000000e+004	  2.8437192026905723e+003	 -3.5509525839797825e+003	
  1.7310000000000000e+004	  2.8428771315426156e+003	 -3.5507299490838982e+003	
  1.7340000000000000e+004	  2.8394109243419543e+003	 -3.5482364456238747e+003	
  1.7370000000000000e+004	  2.8403509134137776e+003	 -3.5444961913172492e+003	
  1.7400000000000000e+004	  2.8558215513521995e+003	 -3.5268858257534739e+003	
  1.7430000000000000e+004	  2.8824937132470714e+003	 -3.5256168108387019e+003	
  1.7460000000000000e+004	  2.9130237415525316e+003	 -3.5219878744970911e+003	
  1.7490000000000000e+004	  2.9271823132890768e+003	 -3.5448524066346845e+003	
  1.7520000000000000e+004	  2.9477641354602724e+003	 -3.5567410728307855e+003	
  1.7550000000000000e+004	  2.9752783705134543e+003	 -3.5472568551984177e+003	
  1.7580000000000000e+004	  3.0000118062964016e+003	 -3.5395759745296295e+003	
  1.7610000000000000e+004	  3.0099012656827567e+003	 -3.5308932416049975e+003	
  1.7640000000000000e+004	  3.0105083412698814e+003	 -3.5287336892980215e+003	
  1.7670000000000000e+004	  3.0090983588742120e+003	 -3.5189155215453211e+003	
  1.7700000000000000e+004	  3.0097641844531122e+003	 -3.5196502148113141e+003	
  1.7730000000000000e+004	  3.0191248979182956e+003	 -3.5141288869351461e+003	
  1.7760000000000000e+004	  3.0328330582493131e+003	 -3.4840287424550543e+003	
  1.7790000000000000e+004	  3.0439758332596857e+003	 -3.4620102200859583e+003	
  1.7820000000000000e+004	  3.0553536056562875e+003	 -3.4458692403970040e+003	
  1.7850000000000000e+004	  3.0562740110610389e+003	 -3.4306855893592569e+003	
  1.7880000000000000e+004	  3.0650668169765613e+003	 -3.4258766907237296e+003	
  1.7910000000000000e+004	  3.0747408610332413e+003	 -3.4340251019374250e+003	
  1.7940000000000000e+004	  3.0784224800651673e+003	 -3.4381438328098398e+003	
  1.7970000000000000e+004	  3.0704717483563545e+003	 -3.4325334516905050e+003	
  1.8000000000000000e+004	  3.0725867218491258e+003	 -3.4304629527331972e+003	
  1.8030000000000000e+004	  3.0669076253190260e+003	 -3.4396800107127601e+003	
  1.8060000000000000e+004	  3.0464237198744327e+003	 -3.4523924223416361e+003	
  1.8090000000000000e+004	  3.0341647071216985e+003	 -3.4817801371485743e+003	
  1.8120000000000000e+004	  3.0147774524905417e+003	 -3.5178468766613137e+003	
  1.8150000000000000e+004	  3.0012455414145234e+003	 -3.5406668838346732e+003	
  1.8180000000000000e+004	  2.9725367382698737e+003	 -3.5523774426327245e+003	
  1.8210000000000000e+004	  2.9372284349162019e+003	 -3.5533347685481663e+003	
  1.8240000000000000e+004	  2.9209157262176673e+003	 -3.5224331410270338e+003	
  1.8270000000000000e+004	  2.9001184888140529e+003	 -3.5289785877047207e+003	
  1.8300000000000000e+004	  2.8668859936728572e+003	 -3.5293793289285081e+003	
  1.8330000000000000e+004	  2.8630477089510155e+003	 -3.5491492460467707e+003	
  1.8360000000000000e+004	  2.8556453030708903e+003	 -3.5710564515248907e+003	
  1.8390000000000000e+004	  2.8652214328582363e+003	 -3.5836798111719727e+003	
  1.8420000000000000e+004	  2.8652214328582363e+003	 -3.5836798111719727e+003	
  1.8450000000000000e+004	  2.8652214328582363e+003	 -3.5836798111719727e+003	
  1.8480000000000000e+004	  2.8652214328582363e+003	 -3.5836798111719727e+003	
  1.8510000000000000e+004	  2.8652214328582363e+003	 -3.5836798111719727e+003	
  1.8540000000000000e+004	  2.8652214328582363e+003	 -3.5836798111719727e+003	
  1.8570000000000000e+004	  2.8652214328582363e+003	 -3.5836798111719727e+003	
  1.8600000000000000e+004	  2.8652214328582363e+003	 -3.5836798111719727e+003	
  1.8630000000000000e+004	  2.8652214328582363e+003	 -3.5836798111719727e+003	
  1.8660000000000000e+004	  2.8652214328582363e+003	 -3.5836798111719727e+003	
  1.8690000000000000e+004	  2.8652214328582363e+003	 -3.5836798111719727e+003	
  1.8720000000000000e+004	  2.8652214328582363e+003	 -3.5836798111719727e+003	
  1.8750000000000000e+004	  2.8652214328582363e+003	 -3.5836798111719727e+003	
  1.8780000000000000e+004	  2.8652214328582363e+003	 -3.5836798111719727e+003	
  1.8810000000000000e+004	  2.8652214328582363e+003	 -3.5836798111719727e+003	
  1.8840000000000000e+004	  2.8652214328582363e+003	 -3.5836798111719727e+003	
  1.8870000000000000e+004	  2.8652214328582363e+003	 -3.5836798111719727e+003	
  1.8900000000000000e+004	  2.8652214328582363e+003	 -3.5836798111719727e+003	
  1.8930000000000000e+004	  2.8652214328582363e+003	 -3.5836798111719727e+003	
  1.8960000000000000e+004	  2.8652214328582363e+003	 -3.5836798111719727e+003	
  1.8990000000000000e+004	  2.8652214328582363e+003	 -3.5836798111719727e+003	
  1.9020000000000000e+004	  2.8652214328582363e+003	 -3.5836798111719727e+003	
  1.9050000000000000e+004	  2.8652214328582363e+003	 -3.5836798111719727e+003	
  1.9080000000000000e+004	  2.8652214328582363e+003	 -3.5836798111719727e+003	
  1.9110000000000000e+004	  2.8652214328582363e+003	 -3.5836798111719727e+003	
  1.9140000000000000e+004	  2.8652214328582363e+003	 -3.5836798111719727e+003	
  1.9170000000000000e+004	  2.8652214328582363e+003	 -3.5836798111719727e+003	
  1.9200000000000000e+004	  2.8478899017123413e+003	 -3.6128028317445014e+003	
  1.9230000000000000e+004	  2.8485758094103803e+003	 -3.6153161296496992e+003	
  1.9260000000000000e+004	  2.8448550228296876e+003	 -3.6147372811628475e+003	
  1.9290000000000000e+004	  2.8448550228296876e+003	 -3.6147372811628475e+003	
  1.9320000000000000e+004	  2.8448550228296876e+003	 -3.6147372811628475e+003	
  1.9350000000000000e+004	  2.8448550228296876e+003	 -3.6147372811628475e+003	
  1.9380000000000000e+004	  2.8448550228296876e+003	 -3.6147372811628475e+003	
  1.9410000000000000e+004	  2.8448550228296876e+003	 -3.6147372811628475e+003	
  1.9440000000000000e+004	  2.8448550228296876e+003	 -3.6147372811628475e+003	
  1.9470000000000000e+004	  2.8448550228296876e+003	 -3.6147372811628475e+003	
  1.9500000000000000e+004	  2.8448550228296876e+003	 -3.6147372811628475e+003	
  1.9530000000000000e+004	  2.8448550228296876e+003	 -3.6147372811628475e+003	
  1.9560000000000000e+004	  2.8448550228296876e+003	 -3.6147372811628475e+003	
  1.9590000000000000e+004	  2.8448550228296876e+003	 -3.6147372811628475e+003	
  1.9620000000000000e+004	  2.8448550228296876e+003	 -3.6147372811628475e+003	
  1.9650000000000000e+004	  2.8448550228296876e+003	 -3.6147372811628475e+003	
  1.9680000000000000e+004	  2.8448550228296876e+003	 -3.6147372811628475e+003	
  1.9710000000000000e+004	  2.8448550228296876e+003	 -3.6147372811628475e+003	
  1.9740000000000000e+004	  2.8448550228296876e+003	 -3.6147372811628475e+003	
  1.9770000000000000e+004	  2.8448550228296876e+003	 -3.6147372811628475e+003	
  1.9800000000000000e+004	  2.8448550228296876e+003	 -3.6147372811628475e+003	
  1.9830000000000000e+004	  2.8448550228296876e+003	 -3.6147372811628475e+003	
  1.9860000000000000e+004	  2.8448550228296876e+003	 -3.6147372811628475e+003	
  1.9890000000000000e+004	  2.8448550228296876e+003	 -3.6147372811628475e+003	
  1.9920000000000000e+004	  2.8448550228296876e+003	 -3.6147372811628475e+003	
  1.9950000000000000e+004	  2.8448550228296876e+003	 -3.6147372811628475e+003	
  1.9980000000000000e+004	  2.8448550228296876e+003	 -3.6147372811628475e+003	
  2.0010000000000000e+004	  2.8448550228296876e+003	 -3.6147372811628475e+003	
  2.0040000000000000e+004	  2.8448550228296876e+003	 -3.6147372811628475e+003	
  2.0070000000000000e+004	  2.8448550228296876e+003	 -3.6147372811628475e+003	
  2.0100000000000000e+004	  2.8448550228296876e+003	 -3.6147372811628475e+003	
  2.0130000000000000e+004	  2.8448550228296876e+003	 -3.6147372811628475e+003	
  2.0160000000000000e+004	  2.8448550228296876e+003	 -3.6147372811628475e+003	
  2.0190000000000000e+004	  2.8448550228296876e+003	 -3.6147372811628475e+003	
  2.0220000000000000e+004	  2.8448550228296876e+003	 -3.6147372811628475e+003	
  2.0250000000000000e+004	  2.8448550228296876e+003	 -3.6147372811628475e+003	
  2.0280000000000000e+004	  2.8448550228296876e+003	 -3.6147372811628475e+003	
  2.0310000000000000e+004	  2.8448550228296876e+003	 -3.6147372811628475e+003	
  2.0340000000000000e+004	  2.8448550228296876e+003	 -3.6147372811628475e+003	
  2.0370000000000000e+004	  2.8448550228296876e+003	 -3.6147372811628475e+003	
  2.0400000000000000e+004	  2.8448550228296876e+003	 -3.6147372811628475e+003	
  2.0430000000000000e+004	  2.8448550228296876e+003	 -3.6147372811628475e+003	
  2.0460000000000000e+004	  2.8448550228296876e+003	 -3.6147372811628475e+003	
  2.0490000000000000e+004	  2.8448550228296876e+003	 -3.6147372811628475e+003	
  2.0520000000000000e+004	  2.8448550228296876e+003	 -3.6147372811628475e+003	
  2.0550000000000000e+004	  2.8448550228296876e+003	 -3.6147372811628475e+003	
  2.0580000000000000e+004	  2.8448550228296876e+003	 -3.6147372811628475e+003	
  2.0610000000000000e+004	  2.8448550228296876e+003	 -3.6147372811628475e+003	
  2.0640000000000000e+004	  2.8448550228296876e+003	 -3.6147372811628475e+003	
  2.0670000000000000e+004	  2.8448550228296876e+003	 -3.6147372811628475e+003	
  2.0700000000000000e+004	  2.8448550228296876e+003	 -3.6147372811628475e+003	
  2.0730000000000000e+004	  2.8448550228296876e+003	 -3.6147372811628475e+003	
  2.0760000000000000e+004	  2.8448550228296876e+003	 -3.6147372811628475e+003	
  2.0790000000000000e+004	  2.8448550228296876e+003	 -3.6147372811628475e+003	
  2.0820000000000000e+004	  2.8448550228296876e+003	 -3.6147372811628475e+003	
  2.0850000000000000e+004	  2.8448550228296876e+003	 -3.6147372811628475e+003	
  2.0880000000000000e+004	  2.8448550228296876e+003	 -3.6147372811628475e+003	
  2.0910000000000000e+004	  2.8448550228296876e+003	 -3.6147372811628475e+003	
  2.0940000000000000e+004	  2.8448550228296876e+003	 -3.6147372811628475e+003	
  2.0970000000000000e+004	  2.8448550228296876e+003	 -3.6147372811628475e+003	
  2.1000000000000000e+004	  2.8448550228296876e+003	 -3.6147372811628475e+003	
  2.1030000000000000e+004	  2.8448550228296876e+003	 -3.6147372811628475e+003	
  2.1060000000000000e+004	  2.8448550228296876e+003	 -3.6147372811628475e+003	
  2.1090000000000000e+004	  2.8448550228296876e+003	 -3.6147372811628475e+003	
  2.1120000000000000e+004	  2.8448550228296876e+003	 -3.6147372811628475e+003	
  2.1150000000000000e+004	  2.8448550228296876e+003	 -3.6147372811628475e+003	
  2.1180000000000000e+004	  2.8448550228296876e+003	 -3.6147372811628475e+003	
  2.1210000000000000e+004	  2.8448550228296876e+003	 -3.6147372811628475e+003	
  2.1240000000000000e+004	  2.8448550228296876e+003	 -3.6147372811628475e+003	
  2.1270000000000000e+004	  2.8448550228296876e+003	 -3.6147372811628475e+003	
  2.1300000000000000e+004	  2.8448550228296876e+003	 -3.6147372811628475e+003	
  2.1330000000000000e+004	  2.8448550228296876e+003	 -3.6147372811628475e+003	
  2.1360000000000000e+004	  2.8448550228296876e+003	 -3.6147372811628475e+003	
  2.1390000000000000e+004	  2.8448550228296876e+003	 -3.6147372811628475e+003	
  2.1420000000000000e+004	  2.8448550228296876e+003	 -3.6147372811628475e+003	
  2.1450000000000000e+004	  2.8448550228296876e+003	 -3.6147372811628475e+003	
  2.1480000000000000e+004	  2.8448550228296876e+003	 -3.6147372811628475e+003	
  2.1510000000000000e+004	  2.8448550228296876e+003	 -3.6147372811628475e+003	
  2.1540000000000000e+004	  2.8448550228296876e+003	 -3.6147372811628475e+003	
  2.1570000000000000e+004	  2.8695890516785230e+003	 -3.6023647573527287e+003	
  2.1600000000000000e+004	  2.8799087452549784e+003	 -3.5864627366842474e+003	
  2.1630000000000000e+004	  2.8626756305487779e+003	 -3.5692085878343560e+003	
  2.1660000000000000e+004	  2.8572902810899782e+003	 -3.5394869205989139e+003	
  2.1690000000000000e+004	  2.8525903423001510e+003	 -3.5086520854630903e+003	
  2.1720000000000000e+004	  2.8416238138778749e+003	 -3.4730306142012510e+003	
  2.1750000000000000e+004	  2.8162637174926317e+003	 -3.4515464123847491e+003	
  2.1780000000000000e+004	  2.7990306026793032e+003	 -3.4431976316992705e+003	
  2.1810000000000000e+004	  2.7840495425268455e+003	 -3.4307301165436256e+003	
  2.1840000000000000e+004	  2.7631935570390756e+003	 -3.4356280679015463e+003	
  2.1870000000000000e+004	  2.7517374523530998e+003	 -3.4226039679097521e+003	
  2.1900000000000000e+004	  2.7397917699144050e+003	 -3.4355167497074140e+003	
  2.1930000000000000e+004	  2.7631935570390756e+003	 -3.4367412394493199e+003	
  2.1960000000000000e+004	  2.7631935570390756e+003	 -3.4367412394493199e+003	
  2.1990000000000000e+004	  2.7631935570390756e+003	 -3.4367412394493199e+003	
  2.2020000000000000e+004	  2.7631935570390756e+003	 -3.4367412394493199e+003	
  2.2050000000000000e+004	  2.7631935570390756e+003	 -3.4367412394493199e+003	
  2.2080000000000000e+004	  2.7631935570390756e+003	 -3.4367412394493199e+003	
  2.2110000000000000e+004	  2.7631935570390756e+003	 -3.4367412394493199e+003	
  2.2140000000000000e+004	  2.7631935570390756e+003	 -3.4367412394493199e+003	
  2.2170000000000000e+004	  2.7631935570390756e+003	 -3.4367412394493199e+003	
  2.2200000000000000e+004	  2.7631935570390756e+003	 -3.4367412394493199e+003	
  2.2230000000000000e+004	  2.7631935570390756e+003	 -3.4367412394493199e+003	
  2.2260000000000000e+004	  2.7631935570390756e+003	 -3.4367412394493199e+003	
  2.2290000000000000e+004	  2.7631935570390756e+003	 -3.4367412394493199e+003	
  2.2320000000000000e+004	  2.7631935570390756e+003	 -3.4367412394493199e+003	
  2.2350000000000000e+004	  2.7631935570390756e+003	 -3.4367412394493199e+003	
  2.2380000000000000e+004	  2.7631935570390756e+003	 -3.4367412394493199e+003	
  2.2410000000000000e+004	  2.7631935570390756e+003	 -3.4367412394493199e+003	
  2.2440000000000000e+004	  2.7631935570390756e+003	 -3.4367412394493199e+003	
  2.2470000000000000e+004	  2.7631935570390756e+003	 -3.4367412394493199e+003	
  2.2500000000000000e+004	  2.7631935570390756e+003	 -3.4367412394493199e+003	
  2.2530000000000000e+004	  2.7631935570390756e+003	 -3.4367412394493199e+003	
  2.2560000000000000e+004	  2.7631935570390756e+003	 -3.4367412394493199e+003	
  2.2590000000000000e+004	  2.7631935570390756e+003	 -3.4367412394493199e+003	
  2.2620000000000000e+004	  2.7631935570390756e+003	 -3.4367412394493199e+003	
  2.2650000000000000e+004	  2.7631935570390756e+003	 -3.4367412394493199e+003	
  2.2680000000000000e+004	  2.7631935570390756e+003	 -3.4367412394493199e+003	
  2.2710000000000000e+004	  2.7631935570390756e+003	 -3.4367412394493199e+003	
  2.2740000000000000e+004	  2.7631935570390756e+003	 -3.4367412394493199e+003	
  2.2770000000000000e+004	  2.7631935570390756e+003	 -3.4367412394493199e+003	
  2.2800000000000000e+004	  2.7631935570390756e+003	 -3.4367412394493199e+003	
  2.2830000000000000e+004	  2.7631935570390756e+003	 -3.4367412394493199e+003	
  2.2860000000000000e+004	  2.7631935570390756e+003	 -3.4367412394493199e+003	
  2.2890000000000000e+004	  2.7631935570390756e+003	 -3.4367412394493199e+003	
  2.2920000000000000e+004	  2.7751392403814389e+003	 -3.4419954054814070e+003	
  2.2950000000000000e+004	  2.8270539977875701e+003	 -3.4441104310333440e+003	
  2.2980000000000000e+004	  2.8366888770130308e+003	 -3.4737875701737757e+003	
  2.3010000000000000e+004	  2.8488891383067080e+003	 -3.5052457823289524e+003	
  2.3040000000000000e+004	  2.8756592159831152e+003	 -3.5214090246708897e+003	
  2.3070000000000000e+004	  2.9047596803380775e+003	 -3.5240583706594034e+003	
  2.3100000000000000e+004	  2.9258898297046258e+003	 -3.5503514709051551e+003	
  2.3130000000000000e+004	  2.9301589422977781e+003	 -3.5725926263801257e+003	
  2.3160000000000000e+004	  2.9339188940023837e+003	 -3.6055870156042060e+003	
  2.3190000000000000e+004	  2.9348001327059269e+003	 -3.6412752775384406e+003	
  2.3220000000000000e+004	  2.9215228011019212e+003	 -3.6767186425417594e+003	
  2.3250000000000000e+004	  2.9251065062269167e+003	 -3.6964440321663033e+003	
  2.3280000000000000e+004	  2.9271627305713300e+003	 -3.7002956039411620e+003	
  2.3310000000000000e+004	  2.9326851603316836e+003	 -3.7002733400657103e+003	
  2.3340000000000000e+004	  2.9554602873573831e+003	 -3.6920581375279116e+003	
  2.3370000000000000e+004	  2.9626864478745474e+003	 -3.6855126932236817e+003	
  2.3400000000000000e+004	  2.9678955473130040e+003	 -3.6840878337424824e+003	
  2.3430000000000000e+004	  2.9502903535723599e+003	 -3.6944625880660160e+003	
  2.3460000000000000e+004	  2.9238336062384201e+003	 -3.6997390183112875e+003	
  2.3490000000000000e+004	  2.8907186085817966e+003	 -3.7010302968399847e+003	
  2.3520000000000000e+004	  2.8589352606697539e+003	 -3.7065738887782850e+003	
  2.3550000000000000e+004	  2.8498878756957502e+003	 -3.7091341818844166e+003	
  2.3580000000000000e+004	  2.8417413117933038e+003	 -3.7328224608271403e+003	
  2.3610000000000000e+004	  2.8277002403997199e+003	 -3.7545738216248837e+003	
  2.3640000000000000e+004	  2.8214140693150548e+003	 -3.7789745304240832e+003	
  2.3670000000000000e+004	  2.8047684472689034e+003	 -3.8039318242312788e+003	
  2.3700000000000000e+004	  2.7971702091032753e+003	 -3.8111229092945896e+003	
  2.3730000000000000e+004	  2.7956427291088189e+003	 -3.8099874743026494e+003	
  2.3760000000000000e+004	  2.7946831579334321e+003	 -3.8102546340507665e+003	
  2.3790000000000000e+004	  2.7953685660536466e+003	 -3.8102546346893710e+003	
  2.3820000000000000e+004	  2.7928815156314317e+003	 -3.8025514912639219e+003	
  2.3850000000000000e+004	  2.7941348312315140e+003	 -3.8065589085396045e+003	
  2.3880000000000000e+004	  2.7958385594323604e+003	 -3.8097203118576276e+003	
  2.3910000000000000e+004	  2.7890432297457446e+003	 -3.8044661446134501e+003	
  2.3940000000000000e+004	  2.7805441701744321e+003	 -3.8053789465295222e+003	
  2.3970000000000000e+004	  2.7819933186955086e+003	 -3.8060774610983021e+003	
  2.4000000000000000e+004	  2.7862232659454266e+003	 -3.8017722718197560e+003	
  2.4030000000000000e+004	  2.7789187745458230e+003	 -3.8008149441156079e+003	
  2.4060000000000000e+004	  2.7827766419418767e+003	 -3.8013492661958671e+003	
  2.4090000000000000e+004	  2.7790950217522750e+003	 -3.8026850728114646e+003	
  2.4120000000000000e+004	  2.7779983697760704e+003	 -3.8038205061046551e+003	
  2.4150000000000000e+004	  2.7850678627112175e+003	 -3.7983882322240584e+003	
  2.4180000000000000e+004	  2.8027905557411091e+003	 -3.7789077399534372e+003	
  2.4210000000000000e+004	  2.8149908171052170e+003	 -3.7508113041689685e+003	
  2.4240000000000000e+004	  2.8340843251345041e+003	 -3.7291935235132905e+003	
  2.4270000000000000e+004	  2.8566832056906592e+003	 -3.7122065337782901e+003	
  2.4300000000000000e+004	  2.8916194304661230e+003	 -3.7040581215025259e+003	
  2.4330000000000000e+004	  2.9247540102499202e+003	 -3.6944403244480100e+003	
  2.4360000000000000e+004	  2.9577515099341558e+003	 -3.6835980390365394e+003	
  2.4390000000000000e+004	  2.9862644807381525e+003	 -3.6672121617691300e+003	
  2.4420000000000000e+004	  3.0014609556000746e+003	 -3.6469747140227873e+003	
  2.4450000000000000e+004	  3.0057496506741149e+003	 -3.6198133410890123e+003	
  2.4480000000000000e+004	  3.0105083410295510e+003	 -3.5902252556939479e+003	
  2.4510000000000000e+004	  3.0151299482217937e+003	 -3.5755091345314054e+003	
  2.4540000000000000e+004	  3.0152082809813010e+003	 -3.5650230632145635e+003	
  2.4570000000000000e+004	  3.0146795375789015e+003	 -3.5597911602103950e+003	
  2.4600000000000000e+004	  3.0168336770249116e+003	 -3.5266631913240649e+003	
  2.4630000000000000e+004	  3.0245298304187622e+003	 -3.4923775255368687e+003	
  2.4660000000000000e+004	  3.0227673521681927e+003	 -3.4635686602497021e+003	
  2.4690000000000000e+004	  3.0052013244681352e+003	 -3.4389898437794618e+003	
  2.4720000000000000e+004	  2.9889865295676541e+003	 -3.4081995340476001e+003	
  2.4750000000000000e+004	  2.9766883520078291e+003	 -3.3771420638579766e+003	
  2.4780000000000000e+004	  2.9778045883776185e+003	 -3.3528081453344012e+003	
  2.4810000000000000e+004	  2.9756112823795229e+003	 -3.3093054222060900e+003	
  2.4840000000000000e+004	  2.9858532371926231e+003	 -3.2984854002295879e+003	
  2.4870000000000000e+004	  3.0024009435320795e+003	 -3.2850382962387966e+003	
  2.4900000000000000e+004	  3.0070617170059350e+003	 -3.2812757770475196e+003	
  2.4930000000000000e+004	  3.0044767498696838e+003	 -3.2546042003509478e+003	
  2.4960000000000000e+004	  3.0086087818771462e+003	 -3.2104335748400531e+003	
  2.4990000000000000e+004	  2.9999138919676443e+003	 -3.1705375262092784e+003	
  2.5020000000000000e+004	  2.9596706514777616e+003	 -3.1664410568065205e+003	
  2.5050000000000000e+004	  2.9247148439546822e+003	 -3.1603186172852666e+003	
  2.5080000000000000e+004	  2.8869390727959967e+003	 -3.1485857946276565e+003	
  2.5110000000000000e+004	  2.8513566063883532e+003	 -3.1347156833444619e+003	
  2.5140000000000000e+004	  2.8508670298832185e+003	 -3.1041480074292772e+003	
  2.5170000000000000e+004	  2.8451487692790456e+003	 -3.0621146722919684e+003	
  2.5200000000000000e+004	  2.8462062556827595e+003	 -3.0181444165456073e+003	
  2.5230000000000000e+004	  2.8363755475201951e+003	 -2.9880665372158437e+003	
  2.5260000000000000e+004	  2.8235094602810268e+003	 -2.9553838373291073e+003	
  2.5290000000000000e+004	  2.8069421700798275e+003	 -2.9419144665610816e+003	
  2.5320000000000000e+004	  2.7911190369043529e+003	 -2.9370387780568390e+003	
  2.5350000000000000e+004	  2.7887886492634666e+003	 -2.9318068751390188e+003	
  2.5380000000000000e+004	  2.7298043970092149e+003	 -2.8666418441242872e+003	
  2.5410000000000000e+004	  2.6535870285985429e+003	 -2.5434883026342400e+003	
  2.5440000000000000e+004	  2.6704676489250073e+003	 -2.5755253639399953e+003	
  2.5470000000000000e+004	  2.1613270131880722e+003	 -2.7134695146373924e+003	
  2.5500000000000000e+004	  2.0297874296289854e+003	 -2.5377666042565529e+003	
  2.5530000000000000e+004	  1.9865675606587047e+003	 -2.7454843127700542e+003	
  2.5560000000000000e+004	  1.3930434082638124e+003	 -2.9693207381966799e+003	
  2.5590000000000000e+004	  1.3037445383821505e+003	 -3.3430122414462676e+003	
  2.5620000000000000e+004	  1.5763019199420594e+003	 -3.7218243293558835e+003	
  2.5650000000000000e+004	  1.5066057202433362e+003	 -4.2431668355232978e+003	
  2.5680000000000000e+004	  1.2983591938369113e+003	 -4.5560792032197569e+003	
  2.5710000000000000e+004	  1.3413832311898479e+003	 -4.6100902595867501e+003	
  2.5740000000000000e+004	  1.6189734654588963e+003	 -4.6518341719122454e+003	
  2.5770000000000000e+004	  1.9747393772654746e+003	 -4.7160196125127886e+003	
  2.5800000000000000e+004	  2.4368610241497363e+003	 -4.7241680240577653e+003	
  2.5830000000000000e+004	  2.5400638834617516e+003	 -4.6917302210559992e+003	
  2.5860000000000000e+004	  2.5625844311716023e+003	 -4.6858304137395589e+003	
  2.5890000000000000e+004	  2.8834532836060380e+003	 -4.5980012235520426e+003	
  2.5920000000000000e+004	  3.1780808013701835e+003	 -4.5049178641207236e+003	
  2.5950000000000000e+004	  3.1821149169514129e+003	 -4.5050069176704264e+003	
  2.5980000000000000e+004	  3.3574618619376538e+003	 -4.3610739076351874e+003	
  2.6010000000000000e+004	  3.6984817064112344e+003	 -4.0230706664875702e+003	
  2.6040000000000000e+004	  4.0954504249052893e+003	 -3.9504919171485453e+003	
  2.6070000000000000e+004	  4.3893142002593977e+003	 -4.3324431495993567e+003	
  2.6100000000000000e+004	  4.9318831530740208e+003	 -4.6459121033831570e+003	
  2.6130000000000000e+004	  5.3846440765467360e+003	 -5.1065867883022675e+003	
  2.6160000000000000e+004	  5.9813994200181496e+003	 -5.3172432677937340e+003	
  2.6190000000000000e+004	  6.2978620690422440e+003	 -4.6285911618475157e+003	
  2.6220000000000000e+004	  6.6553904455194224e+003	 -4.0114268971988540e+003	
  2.6250000000000000e+004	  7.1444192328087465e+003	 -3.3964221857615148e+003	
  2.6280000000000000e+004	  7.6423191547957776e+003	 -2.7651206488156249e+003	
  2.6310000000000000e+004	  8.1259038378824625e+003	 -2.1508283641928292e+003	
  2.6340000000000000e+004	  8.5831101035902830e+003	 -1.5708885412203440e+003	
  2.6370000000000000e+004	  9.0260990475239414e+003	 -1.0102288358021406e+003	
  2.6400000000000000e+004	  9.4891214824549697e+003	 -4.2908678194199518e+002	
  2.6430000000000000e+004	  9.9393561603793278e+003	  1.3012576689324607e+002	
  2.6460000000000000e+004	  1.0265120755854881e+004	  5.0319391741068767e+002	
  2.6490000000000000e+004	  1.0300331140123244e+004	  5.5998790388139753e+002	
  2.6520000000000000e+004	  1.0133620350125733e+004	  7.5539394214639742e+002	
  2.6550000000000000e+004	  1.0286681730830900e+004	  1.2509331406026326e+003	
  2.6580000000000000e+004	  1.0220862987351256e+004	  1.9399192010816837e+003	
  2.6610000000000000e+004	  1.0297667840799953e+004	  2.5100631220379828e+003	
  2.6640000000000000e+004	  1.0297922420780505e+004	  3.1117988362186193e+003	
  2.6670000000000000e+004	  1.0299645732159004e+004	  3.6945661162827046e+003	
  2.6700000000000000e+004	  1.0296884517745546e+004	  3.9481242070890175e+003	
  2.6730000000000000e+004	  1.0295924946328276e+004	  3.9519089883239549e+003	
  2.6760000000000000e+004	  1.0224525023800845e+004	  3.9696306700174187e+003	
  2.6790000000000000e+004	  1.0207644405645804e+004	  4.0449478206195940e+003	
  2.6820000000000000e+004	  1.0213284333574155e+004	  4.0655860106216032e+003	
  2.6850000000000000e+004	  1.0212442261388078e+004	  4.0622019703763231e+003	
  2.6880000000000000e+004	  1.0211737270018375e+004	  4.0596862045970593e+003	
  2.6910000000000000e+004	  1.0211482690363482e+004	  4.0606657949881687e+003	
  2.6940000000000000e+004	  1.0211561022487655e+004	  4.0611333252698328e+003	
  2.6970000000000000e+004	  1.0211717687168915e+004	  4.0605990042901403e+003	
  2.7000000000000000e+004	  1.0211541439307630e+004	  4.0601759994032873e+003	
  2.7030000000000000e+004	  1.0211032279406161e+004	  4.0595748863659114e+003	
  2.7060000000000000e+004	  1.0211345608700740e+004	  4.0600646822971257e+003	
  2.7090000000000000e+004	  1.0211717687168915e+004	  4.0600424189818523e+003	
  2.7120000000000000e+004	  1.0211717687168915e+004	  4.0595971501261506e+003	
  2.7150000000000000e+004	  1.0211658937726648e+004	  4.0599978921802735e+003	
  2.7180000000000000e+004	  1.0211443524003425e+004	  4.0606657949881687e+003	
  2.7210000000000000e+004	  1.0211247692966641e+004	  4.0614450141070906e+003	
  2.7240000000000000e+004	  1.0210797282306996e+004	  4.0618902823121280e+003	
  2.7270000000000000e+004	  1.0210523119100471e+004	  4.0626027110865771e+003	
  2.7300000000000000e+004	  1.0210248956021063e+004	  4.0634487216832858e+003	
  2.7330000000000000e+004	  1.0209818127997141e+004	  4.0636268285161013e+003	
  2.7360000000000000e+004	  1.0209798544820120e+004	  4.0635155124296316e+003	
  2.7390000000000000e+004	  1.0210973530266399e+004	  4.0630702444856847e+003	
  2.7420000000000000e+004	  1.0211208526839346e+004	  4.0631815618780661e+003	
  2.7450000000000000e+004	  1.0211678520874071e+004	  4.0633596681300442e+003	
  2.7480000000000000e+004	  1.0211913518037854e+004	  4.0635823020131488e+003	
  2.7510000000000000e+004	  1.0212128931993539e+004	  4.0636936182705294e+003	
  2.7540000000000000e+004	  1.0212814339565013e+004	  4.0636490917675774e+003	
  2.7570000000000000e+004	  1.0213108085718584e+004	  4.0636936182705294e+003	
  2.7600000000000000e+004	  1.0215379723827173e+004	  4.0641611506358395e+003	
  2.7630000000000000e+004	  1.0218708848023189e+004	  4.0662316498683531e+003	
  2.7660000000000000e+004	  1.0219864249830684e+004	  4.0683244107530118e+003	
  2.7690000000000000e+004	  1.0215712636036598e+004	  4.0658531703319122e+003	
  2.7720000000000000e+004	  1.0212540176745908e+004	  4.0825952624449392e+003	
  2.7750000000000000e+004	  1.0225347513270268e+004	  4.0196788384035171e+003	
  2.7780000000000000e+004	  1.0224838353271271e+004	  3.9738829833148375e+003	
  2.7810000000000000e+004	  1.0281844709395762e+004	  3.9488811633959208e+003	
  2.7840000000000000e+004	  1.0281962207595414e+004	  3.4389597923446563e+003	
  2.7870000000000000e+004	  1.0280121397927480e+004	  2.7166676611533176e+003	
  2.7900000000000000e+004	  1.0180737248775260e+004	  2.5131354742742146e+003	
  2.7930000000000000e+004	  1.0036860333791312e+004	  2.4395103433979120e+003	
  2.7960000000000000e+004	  9.8286334051115955e+003	  2.4290465361200822e+003	
  2.7990000000000000e+004	  9.8101469744851202e+003	  2.4357923523024201e+003	
  2.8020000000000000e+004	  9.8057995298147780e+003	  2.3798889070961523e+003	
  2.8050000000000000e+004	  9.7679454291990132e+003	  2.3787089438349713e+003	
  2.8080000000000000e+004	  9.7684350060686520e+003	  2.3701152638284016e+003	
  2.8110000000000000e+004	  9.7677300151214622e+003	  2.3637924525015669e+003	
  2.8140000000000000e+004	  9.7784027956482932e+003	  2.3775512458703256e+003	
  2.8170000000000000e+004	  9.7925613652404609e+003	  2.3709612744480246e+003	
  2.8200000000000000e+004	  9.7886251651387483e+003	  2.3919779421604562e+003	
  2.8230000000000000e+004	  9.7793819499384754e+003	  2.3881931605138261e+003	
  2.8260000000000000e+004	  9.7729782816767784e+003	  2.3498555520618575e+003	
  2.8290000000000000e+004	  9.7625796640769604e+003	  2.3478295821485926e+003	
  2.8320000000000000e+004	  9.7721362087190100e+003	  2.3372544561606687e+003	
  2.8350000000000000e+004	  9.7766011521602013e+003	  2.3490318042837002e+003	
  2.8380000000000000e+004	  9.7879985069497525e+003	  2.3656625806422271e+003	
  2.8410000000000000e+004	  9.8037628892202611e+003	  2.3911828213640570e+003	
  2.8440000000000000e+004	  9.7990629486658399e+003	  2.3721953048630839e+003	
  2.8470000000000000e+004	  9.7866178992908590e+003	  2.3772061612303969e+003	
  2.8500000000000000e+004	  9.7815262976136546e+003	  2.3593397675322444e+003	
  2.8530000000000000e+004	  9.7829852370885201e+003	  2.3544974758528729e+003	
  2.8560000000000000e+004	  9.7779034273526886e+003	  2.3512804097575272e+003	
  2.8590000000000000e+004	  9.7695414500782281e+003	  2.3577590679175923e+003	
  2.8620000000000000e+004	  9.7741434752529676e+003	  2.3583379141798805e+003	
  2.8650000000000000e+004	  9.7694141602389409e+003	  2.3680225001589106e+003	
  2.8680000000000000e+004	  9.7813598411723469e+003	  2.3661523770359581e+003	
  2.8710000000000000e+004	  9.7760919918610452e+003	  2.3601189901039315e+003	
  2.8740000000000000e+004	  9.7831712769074256e+003	  2.3587163952860210e+003	
  2.8770000000000000e+004	  9.7816927535943305e+003	  2.3654065502766121e+003	
  2.8800000000000000e+004	  9.7701583178461078e+003	  2.3634807632632896e+003	
  2.8830000000000000e+004	  9.7700506107953588e+003	  2.3621338273616561e+003	
  2.8860000000000000e+004	  9.7705499792372902e+003	  2.3579483051616603e+003	
  2.8890000000000000e+004	  9.7718522539549886e+003	  2.3512247531260437e+003	
  2.8920000000000000e+004	  9.7723614143659033e+003	  2.3568462660984669e+003	
  2.8950000000000000e+004	  9.7682098008793073e+003	  2.3612989484918153e+003	
  2.8980000000000000e+004	  9.7807233909579118e+003	  2.3616551628995121e+003	
  2.9010000000000000e+004	  9.7790490372641743e+003	  2.3566904203465538e+003	
  2.9040000000000000e+004	  9.7778838440678774e+003	  2.3632581287658390e+003	
  2.9070000000000000e+004	  9.7668977341540740e+003	  2.3605531252974315e+003	
  2.9100000000000000e+004	  9.7624915403338528e+003	  2.3618332724554434e+003	
  2.9130000000000000e+004	  9.7657031660859884e+003	  2.3590614745894495e+003	
  2.9160000000000000e+004	  9.7682391755212757e+003	  2.3495995211868321e+003	
  2.9190000000000000e+004	  9.7901624376597665e+003	  2.3380002803448056e+003	
  2.9220000000000000e+004	  9.7901918121278522e+003	  2.3397256951604759e+003	
  2.9250000000000000e+004	  9.7707360186392380e+003	  2.3523713182512024e+003	
  2.9280000000000000e+004	  9.7798421521702112e+003	  2.3513583331198588e+003	
  2.9310000000000000e+004	  9.7718620459007398e+003	  2.3470280972529517e+003	
  2.9340000000000000e+004	  9.7671327310449033e+003	  2.3473286531257190e+003	
  2.9370000000000000e+004	  9.7679943869120798e+003	  2.3555995121280625e+003	
  2.9400000000000000e+004	  9.7701289430692086e+003	  2.3555772509373614e+003	
  2.9430000000000000e+004	  9.7662514921728707e+003	  2.3549316121332649e+003	
  2.9460000000000000e+004	  9.7679356375066709e+003	  2.3571913494537357e+003	
  2.9490000000000000e+004	  9.7773159346326956e+003	  2.3595178780135866e+003	
  2.9520000000000000e+004	  9.7747309674385215e+003	  2.3587943154719765e+003	
  2.9550000000000000e+004	  9.7818396267021017e+003	  2.3584047062804702e+003	
  2.9580000000000000e+004	  9.7828873217166238e+003	  2.3564900513762368e+003	
  2.9610000000000000e+004	  9.7759940766270247e+003	  2.3552878279113038e+003	
  2.9640000000000000e+004	  9.7770613541652747e+003	  2.3649724122510097e+003	
  2.9670000000000000e+004	  9.7723222481730500e+003	  2.3570466360097516e+003	
  2.9700000000000000e+004	  9.7725376622732238e+003	  2.3516032292559748e+003	
  2.9730000000000000e+004	  9.7734776501303859e+003	  2.3588499731643083e+003	
  2.9760000000000000e+004	  9.7698841544930001e+003	  2.3618555359021711e+003	
  2.9790000000000000e+004	  9.7756807469067971e+003	  2.3579149090571991e+003	
  2.9820000000000000e+004	  9.7750932542998598e+003	  2.3545976602073069e+003	
  2.9850000000000000e+004	  9.7705303961463105e+003	  2.3497219699076654e+003	
  2.9880000000000000e+004	  9.7659087883923239e+003	  2.3580707542036312e+003	
  2.9910000000000000e+004	  9.7659185798919298e+003	  2.3486755914612927e+003	
  2.9940000000000000e+004	  9.7656835828880921e+003	  2.3494548099839935e+003	
  2.9970000000000000e+004	  9.7661437853164043e+003	  2.3635252906209780e+003	
  3.0000000000000000e+004	  9.7743490972805303e+003	  2.3583379159990204e+003	
  3.0030000000000000e+004	  9.7845518840803961e+003	  2.3581709398568046e+003	
  3.0060000000000000e+004	  9.7762780310908565e+003	  2.3564900518872264e+003	
  3.0090000000000000e+004	  9.7819375423115162e+003	  2.3539186265171802e+003	
  3.0120000000000000e+004	  9.7799204850012502e+003	  2.3495216018347228e+003	
  3.0150000000000000e+004	  9.7763367802262837e+003	  2.3565234473133773e+003	
  3.0180000000000000e+004	  9.7819277508300220e+003	  2.3561004422118895e+003	
  3.0210000000000000e+004	  9.7714508010989575e+003	  2.3553212217875634e+003	
