  0.0000000000000000e+000	  3.0237465061377288e+003	 -3.1990792301484835e+003	
  3.0000000000000000e+001	  3.0199278040282124e+003	 -3.2019734757931124e+003	
  6.0000000000000000e+001	  3.0197319740916264e+003	 -3.2083185482925014e+003	
  9.0000000000000000e+001	  3.0192423967822915e+003	 -3.2137730872787724e+003	
  1.2000000000000000e+002	  3.0173820038836320e+003	 -3.2095430380362991e+003	
  1.5000000000000000e+002	  3.0221798590304061e+003	 -3.2049790372767320e+003	
  1.8000000000000000e+002	  3.0204173823837455e+003	 -3.2100996218210344e+003	
  2.1000000000000000e+002	  3.0152278636460301e+003	 -3.2408231442024344e+003	
  2.4000000000000000e+002	  3.0213965357826114e+003	 -3.2596357321473774e+003	
  2.7000000000000000e+002	  3.0205152984007882e+003	 -3.2467229498976108e+003	
  3.0000000000000000e+002	  3.0268798013028245e+003	 -3.2163333800155410e+003	
  3.3000000000000000e+002	  3.0240402528410991e+003	 -3.2235689927404314e+003	
  3.6000000000000000e+002	  2.9842865895441000e+003	 -3.3181885265777978e+003	
  3.9000000000000000e+002	  2.9790970709072017e+003	 -3.3463517542862478e+003	
  4.2000000000000000e+002	  2.9819366201318953e+003	 -3.3707301978588293e+003	
  4.5000000000000000e+002	  2.9887906984938795e+003	 -3.3942181069810040e+003	
  4.8000000000000000e+002	  2.9949593706023779e+003	 -3.4242737250884793e+003	
  5.1000000000000000e+002	  2.9705784308279181e+003	 -3.4398581170572975e+003	
  5.4000000000000000e+002	  2.9684242904604298e+003	 -3.4378544105041833e+003	
  5.7000000000000000e+002	  2.9789012402680619e+003	 -3.4513237772739012e+003	
  6.0000000000000000e+002	  2.9754742009657180e+003	 -3.4319546033833917e+003	
  6.3000000000000000e+002	  2.8973376909697695e+003	 -3.4553311946454878e+003	
  6.6000000000000000e+002	  2.8648297699072214e+003	 -3.4919545187765093e+003	
  6.9000000000000000e+002	  2.8445612752362676e+003	 -3.5312494545409345e+003	
  7.2000000000000000e+002	  2.8585631826143062e+003	 -3.5591900466912261e+003	
  7.5000000000000000e+002	  2.8503382864028326e+003	 -3.5803402970379161e+003	
  7.8000000000000000e+002	  2.8464216687088069e+003	 -3.5792271259750328e+003	
  8.1000000000000000e+002	  2.8567027898971405e+003	 -3.5611937566323645e+003	
  8.4000000000000000e+002	  2.8569965347867333e+003	 -3.5129934513997346e+003	
  8.7000000000000000e+002	  2.8750129736730319e+003	 -3.4837170540142015e+003	
  9.0000000000000000e+002	  2.9028209561084782e+003	 -3.4512124615300299e+003	
  9.3000000000000000e+002	  2.9082063034639991e+003	 -3.4486521676554726e+003	
  9.6000000000000000e+002	  2.9638222660732818e+003	 -3.4497653389569182e+003	
  9.9000000000000000e+002	  2.9662701509015383e+003	 -3.4435315807821003e+003	
  1.0200000000000000e+003	  2.9838949275939590e+003	 -3.4538840730450247e+003	
  1.0500000000000000e+003	  2.9791949882212948e+003	 -3.4341809458219191e+003	
  1.0800000000000000e+003	  2.9983934057200936e+003	 -3.4322726525383259e+003	
  1.1100000000000000e+003	  3.0559886582164900e+003	 -3.4265477726875470e+003	
  1.1400000000000000e+003	  3.0055146538849758e+003	 -3.4354944862706689e+003	
  1.1700000000000000e+003	  2.9546461898619477e+003	 -3.4394128491794168e+003	
  1.2000000000000000e+003	  2.9700888529106546e+003	 -3.4288377237055861e+003	
  1.2300000000000000e+003	  2.8777546047597521e+003	 -3.4774832987531609e+003	
  1.2600000000000000e+003	  2.8570944509422748e+003	 -3.5350342382716785e+003	
  1.2900000000000000e+003	  2.8518070183417958e+003	 -3.5774460529057142e+003	
  1.3200000000000000e+003	  2.8549403107229336e+003	 -3.5475017521116706e+003	
  1.3500000000000000e+003	  2.8604235763499519e+003	 -3.5009712053151875e+003	
  1.3800000000000000e+003	  2.8889169645069474e+003	 -3.4597838782171175e+003	
  1.4100000000000000e+003	  2.9015480545539622e+003	 -3.4493200692906989e+003	
  1.4400000000000000e+003	  2.9195644911301101e+003	 -3.4443108022626229e+003	
  1.4700000000000000e+003	  2.9158437063207716e+003	 -3.4425297281807188e+003	
  1.5000000000000000e+003	  2.9120250048004696e+003	 -3.4407486548860620e+003	
  1.5300000000000000e+003	  2.9120250048004696e+003	 -3.4407486548860620e+003	
  1.5600000000000000e+003	  2.9120250048004696e+003	 -3.4407486548860620e+003	
  1.5900000000000000e+003	  2.9120250048004696e+003	 -3.4407486548860620e+003	
  1.6200000000000000e+003	  2.9120250048004696e+003	 -3.4407486548860620e+003	
  1.6500000000000000e+003	  2.9120250048004696e+003	 -3.4407486548860620e+003	
  1.6800000000000000e+003	  2.9120250048004696e+003	 -3.4407486548860620e+003	
  1.7100000000000000e+003	  2.9120250048004696e+003	 -3.4407486548860620e+003	
  1.7400000000000000e+003	  2.9120250048004696e+003	 -3.4407486548860620e+003	
  1.7700000000000000e+003	  2.9120250048004696e+003	 -3.4407486548860620e+003	
  1.8000000000000000e+003	  2.9120250048004696e+003	 -3.4407486548860620e+003	
  1.8300000000000000e+003	  2.9120250048004696e+003	 -3.4407486548860620e+003	
  1.8600000000000000e+003	  2.9120250048004696e+003	 -3.4407486548860620e+003	
  1.8900000000000000e+003	  2.9120250048004696e+003	 -3.4407486548860620e+003	
  1.9200000000000000e+003	  2.9120250048004696e+003	 -3.4407486548860620e+003	
  1.9500000000000000e+003	  2.9120250048004696e+003	 -3.4407486548860620e+003	
  1.9800000000000000e+003	  2.9120250048004696e+003	 -3.4407486548860620e+003	
  2.0100000000000000e+003	  2.9120250048004696e+003	 -3.4407486548860620e+003	
  2.0400000000000000e+003	  2.9120250048004696e+003	 -3.4407486548860620e+003	
  2.0700000000000000e+003	  2.9120250048004696e+003	 -3.4407486548860620e+003	
  2.1000000000000000e+003	  2.9120250048004696e+003	 -3.4407486548860620e+003	
  2.1300000000000000e+003	  2.9300713171988355e+003	 -3.4491353885102449e+003	
  2.1600000000000000e+003	  2.9400484000787424e+003	 -3.4306076677948904e+003	
  2.1900000000000000e+003	  2.9610316771033858e+003	 -3.4670528845821841e+003	
  2.2200000000000000e+003	  2.9556952848272767e+003	 -3.4008971321357603e+003	
  2.2500000000000000e+003	  3.0254110688006608e+003	 -3.3725669311091538e+003	
  2.2800000000000000e+003	  2.9863795325202527e+003	 -3.4325668465552153e+003	
  2.3100000000000000e+003	  2.9902594303712599e+003	 -3.4935129592603421e+003	
  2.3400000000000000e+003	  2.9820036140428101e+003	 -3.4757695993448710e+003	
  2.3700000000000000e+003	  2.9728304847889772e+003	 -3.4560547549943467e+003	
  2.4000000000000000e+003	  2.9636573555351433e+003	 -3.4363399106438228e+003	
  2.4300000000000000e+003	  2.9509659699818717e+003	 -3.4158915458130386e+003	
  2.4600000000000000e+003	  2.9515338796537958e+003	 -3.4026893367751013e+003	
  2.4900000000000000e+003	  2.9733494357713753e+003	 -3.3965223710260043e+003	
  2.5200000000000000e+003	  2.9610512588919946e+003	 -3.3698619249424837e+003	
  2.5500000000000000e+003	  2.9907392148878330e+003	 -3.4309416188567302e+003	
  2.5800000000000000e+003	  2.9763162739047393e+003	 -3.4300510807919609e+003	
  2.6100000000000000e+003	  2.9755427424925101e+003	 -3.4392124789678578e+003	
  2.6400000000000000e+003	  2.9584173348876379e+003	 -3.4216243759444151e+003	
  2.6700000000000000e+003	  2.9557736168304259e+003	 -3.4304184289748782e+003	
  2.7000000000000000e+003	  2.9545986319912518e+003	 -3.4455018950609069e+003	
  2.7300000000000000e+003	  2.9474605981666095e+003	 -3.4331345641824619e+003	
  2.7600000000000000e+003	  2.9512009668303649e+003	 -3.4390900301115980e+003	
  2.7900000000000000e+003	  2.9576242192408308e+003	 -3.4303516371305245e+003	
  2.8200000000000000e+003	  2.9549413355754577e+003	 -3.4554981709483923e+003	
  2.8500000000000000e+003	  2.9528459465194219e+003	 -3.4380325168880654e+003	
  2.8800000000000000e+003	  2.9537076012923740e+003	 -3.4238841121804144e+003	
  2.9100000000000000e+003	  2.9586621211217075e+003	 -3.4374314046260124e+003	
  2.9400000000000000e+003	  2.9590537839978388e+003	 -3.4416280595036283e+003	
  2.9700000000000000e+003	  2.9522780371364051e+003	 -3.4373646138715790e+003	
  3.0000000000000000e+003	  2.9428585730725872e+003	 -3.4245408860425291e+003	
  3.0300000000000000e+003	  2.9431229445898161e+003	 -3.4430640495475468e+003	
  3.0600000000000000e+003	  2.9447777158639101e+003	 -3.4388117371219696e+003	
  3.0900000000000000e+003	  2.9494776553805664e+003	 -3.4349712978376292e+003	
  3.1200000000000000e+003	  2.9447189664674197e+003	 -3.4349267697087721e+003	
  3.1500000000000000e+003	  2.9380607172724895e+003	 -3.4290158326561200e+003	
  3.1800000000000000e+003	  2.9444448024938856e+003	 -3.4312199103473440e+003	
  3.2100000000000000e+003	  2.9473235162098163e+003	 -3.4308636965435749e+003	
  3.2400000000000000e+003	  2.9468437300609839e+003	 -3.4296948670773718e+003	
  3.2700000000000000e+003	  2.9493503654383699e+003	 -3.4414944787832187e+003	
  3.3000000000000000e+003	  2.9445035516995413e+003	 -3.4382217553574628e+003	
  3.3300000000000000e+003	  2.9444937617366172e+003	 -3.4263887492464673e+003	
  3.3600000000000000e+003	  2.9340559752515087e+003	 -3.4287152749753936e+003	
  3.3900000000000000e+003	  2.9272410624754998e+003	 -3.4431642360745054e+003	
  3.4200000000000000e+003	  2.9262031588377913e+003	 -3.4479731342063651e+003	
  3.4500000000000000e+003	  2.9169403595314384e+003	 -3.4623107758885853e+003	
  3.4800000000000000e+003	  2.9510149275177914e+003	 -3.4486187725986879e+003	
  3.5100000000000000e+003	  2.9717240412134006e+003	 -3.4471271243975061e+003	
  3.5400000000000000e+003	  2.9729088167541490e+003	 -3.4465371428537592e+003	
  3.5700000000000000e+003	  2.9628137372815704e+003	 -3.4402254647464979e+003	
  3.6000000000000000e+003	  2.9337720208514379e+003	 -3.4492532795825718e+003	
  3.6300000000000000e+003	  2.8986203836127220e+003	 -3.4523701602103370e+003	
  3.6600000000000000e+003	  2.8829245404059411e+003	 -3.4724183694890735e+003	
  3.6900000000000000e+003	  2.8875755236586642e+003	 -3.4830046259927244e+003	
  3.7200000000000000e+003	  2.8869586560888415e+003	 -3.4839396892952304e+003	
  3.7500000000000000e+003	  2.8869586560888415e+003	 -3.4839396892952304e+003	
  3.7800000000000000e+003	  2.8869586560888415e+003	 -3.4839396892952304e+003	
  3.8100000000000000e+003	  2.8869586560888415e+003	 -3.4839396892952304e+003	
  3.8400000000000000e+003	  2.8869586560888415e+003	 -3.4839396892952304e+003	
  3.8700000000000000e+003	  2.8869586560888415e+003	 -3.4839396892952304e+003	
  3.9000000000000000e+003	  2.8869586560888415e+003	 -3.4839396892952304e+003	
  3.9300000000000000e+003	  2.8869586560888415e+003	 -3.4839396892952304e+003	
  3.9600000000000000e+003	  2.8869586560888415e+003	 -3.4839396892952304e+003	
  3.9900000000000000e+003	  2.8869586560888415e+003	 -3.4839396892952304e+003	
  4.0200000000000000e+003	  2.8869586560888415e+003	 -3.4839396892952304e+003	
  4.0500000000000000e+003	  2.8888196542516430e+003	 -3.4827388792162815e+003	
  4.0800000000000000e+003	  2.8684722234736996e+003	 -3.4917986755745269e+003	
  4.1100000000000000e+003	  2.8602081621342654e+003	 -3.5062476354151404e+003	
  4.1400000000000000e+003	  2.8600514966468591e+003	 -3.5138171973900221e+003	
  4.1700000000000000e+003	  2.8653389295212119e+003	 -3.5190045743830792e+003	
  4.2000000000000000e+003	  2.8545682332506294e+003	 -3.5324071542851771e+003	
  4.2300000000000000e+003	  2.8528840867726394e+003	 -3.5354572427430021e+003	
  4.2600000000000000e+003	  2.8567027900122207e+003	 -3.5545147296124328e+003	
  4.2900000000000000e+003	  2.8374721999340918e+003	 -3.5407782013512419e+003	
  4.3200000000000000e+003	  2.8255069352955848e+003	 -3.5424479577829843e+003	
  4.3500000000000000e+003	  2.8530407524657739e+003	 -3.5584108281194431e+003	
  4.3800000000000000e+003	  2.8418000615029223e+003	 -3.5875536443619480e+003	
  4.4100000000000000e+003	  2.8493591328252887e+003	 -3.6263810492299554e+003	
  4.4400000000000000e+003	  2.8663964173049894e+003	 -3.5714349291682242e+003	
  4.4700000000000000e+003	  2.8603515253371843e+003	 -3.5725438996019893e+003	
  4.5000000000000000e+003	  2.8452392954176707e+003	 -3.5753163256864027e+003	
  4.5300000000000000e+003	  2.8301270654981577e+003	 -3.5780887517708161e+003	
  4.5600000000000000e+003	  2.8150148355786441e+003	 -3.5808611778552290e+003	
  4.5900000000000000e+003	  2.7999026056591310e+003	 -3.5836336039396424e+003	
  4.6200000000000000e+003	  2.7905902936913581e+003	 -3.5850601432709832e+003	
  4.6500000000000000e+003	  2.8005972485975344e+003	 -3.5825666402668439e+003	
  4.6800000000000000e+003	  2.8005972485975344e+003	 -3.5825666402668439e+003	
  4.7100000000000000e+003	  2.8005972485975344e+003	 -3.5825666402668439e+003	
  4.7400000000000000e+003	  2.8005972485975344e+003	 -3.5825666402668439e+003	
  4.7700000000000000e+003	  2.8005972485975344e+003	 -3.5825666402668439e+003	
  4.8000000000000000e+003	  2.8005972485975344e+003	 -3.5825666402668439e+003	
  4.8300000000000000e+003	  2.8005972485975344e+003	 -3.5825666402668439e+003	
  4.8600000000000000e+003	  2.8005972485975344e+003	 -3.5825666402668439e+003	
  4.8900000000000000e+003	  2.8005972485975344e+003	 -3.5825666402668439e+003	
  4.9200000000000000e+003	  2.8005972485975344e+003	 -3.5825666402668439e+003	
  4.9500000000000000e+003	  2.8005972485975344e+003	 -3.5825666402668439e+003	
  4.9800000000000000e+003	  2.8005972485975344e+003	 -3.5825666402668439e+003	
  5.0100000000000000e+003	  2.8005972485975344e+003	 -3.5825666402668439e+003	
  5.0400000000000000e+003	  2.8005972485975344e+003	 -3.5825666402668439e+003	
  5.0700000000000000e+003	  2.8032958518216024e+003	 -3.5834474902407023e+003	
  5.1000000000000000e+003	  2.8415115556183428e+003	 -3.5959214624757137e+003	
  5.1300000000000000e+003	  2.8467643736735090e+003	 -3.5816204443342199e+003	
  5.1600000000000000e+003	  2.7776850405110949e+003	 -3.4253312355376738e+003	
  5.1900000000000000e+003	  2.7925192278094692e+003	 -3.4589490005314938e+003	
  5.2200000000000000e+003	  2.8633392786354652e+003	 -3.5050157267021227e+003	
  5.2500000000000000e+003	  2.9089700437873189e+003	 -3.5412679949508456e+003	
  5.2800000000000000e+003	  2.8879378105221085e+003	 -3.5582995124433737e+003	
  5.3100000000000000e+003	  2.8798597874852258e+003	 -3.6194682582646456e+003	
  5.3400000000000000e+003	  2.8724280052664171e+003	 -3.7279690339998574e+003	
  5.3700000000000000e+003	  2.8814166420421579e+003	 -3.6717761635280585e+003	
  5.4000000000000000e+003	  2.8734267432110619e+003	 -3.6592195953641212e+003	
  5.4300000000000000e+003	  2.8441696159274343e+003	 -3.6041621565399300e+003	
  5.4600000000000000e+003	  2.8482690082415897e+003	 -3.5969784930149985e+003	
  5.4900000000000000e+003	  2.8585174890269777e+003	 -3.5790193342026723e+003	
  5.5200000000000000e+003	  2.8687659698123662e+003	 -3.5610601753903447e+003	
  5.5500000000000000e+003	  2.8773041944306801e+003	 -3.5631306746624382e+003	
  5.5800000000000000e+003	  2.8700388698211987e+003	 -3.5894237720449391e+003	
  5.6100000000000000e+003	  2.8766746569424304e+003	 -3.5792314908057992e+003	
  5.6400000000000000e+003	  2.8751627275259898e+003	 -3.5759574585953128e+003	
  5.6700000000000000e+003	  2.8736507981095483e+003	 -3.5726834263848255e+003	
  5.7000000000000000e+003	  2.8721388686931064e+003	 -3.5694093941743381e+003	
  5.7300000000000000e+003	  2.8706269392766653e+003	 -3.5661353619638512e+003	
  5.7600000000000000e+003	  2.8691150098602234e+003	 -3.5628613297533643e+003	
  5.7900000000000000e+003	  2.8676030804437828e+003	 -3.5595872975428779e+003	
  5.8200000000000000e+003	  2.8664943322050590e+003	 -3.5571863405885206e+003	
  5.8500000000000000e+003	  2.8695810498111246e+003	 -3.5575521827769471e+003	
  5.8800000000000000e+003	  2.8811562408338705e+003	 -3.5589240909835512e+003	
  5.9100000000000000e+003	  2.8927314318566159e+003	 -3.5602959991901548e+003	
  5.9400000000000000e+003	  2.9043066228793618e+003	 -3.5616679073967580e+003	
  5.9700000000000000e+003	  2.9158818139021078e+003	 -3.5630398156033607e+003	
  6.0000000000000000e+003	  2.9274570049248537e+003	 -3.5644117238099643e+003	
  6.0300000000000000e+003	  2.9234223600784226e+003	 -3.5755647945644109e+003	
  6.0600000000000000e+003	  2.8818670522916846e+003	 -3.6245999761025187e+003	
  6.0900000000000000e+003	  2.8945862678979001e+003	 -3.5954682908794211e+003	
  6.1200000000000000e+003	  2.8815243505495123e+003	 -3.5849265614403075e+003	
  6.1500000000000000e+003	  2.8843247316304551e+003	 -3.5826890882380058e+003	
  6.1800000000000000e+003	  2.8858424200989348e+003	 -3.5803069019237678e+003	
  6.2100000000000000e+003	  2.8854507579450888e+003	 -3.5821547652310437e+003	
  6.2400000000000000e+003	  2.8845793104154263e+003	 -3.5853606988930915e+003	
  6.2700000000000000e+003	  2.8838351540735603e+003	 -3.5879432556428569e+003	
  6.3000000000000000e+003	  2.8834337008572634e+003	 -3.5904924166457508e+003	
  6.3300000000000000e+003	  2.8840897331673677e+003	 -3.5894126412982087e+003	
  6.3600000000000000e+003	  2.8859697099267382e+003	 -3.5823328739027734e+003	
  6.3900000000000000e+003	  2.8869586560888411e+003	 -3.5788486470880262e+003	
  6.4200000000000000e+003	  2.8861949160471613e+003	 -3.5813866783320059e+003	
  6.4500000000000000e+003	  2.8771083641940131e+003	 -3.5735833490648670e+003	
  6.4800000000000000e+003	  2.8561740459737375e+003	 -3.5488375578305727e+003	
  6.5100000000000000e+003	  2.8396165469927132e+003	 -3.5435277322096817e+003	
  6.5400000000000000e+003	  2.8394305080306490e+003	 -3.5406000918990803e+003	
  6.5700000000000000e+003	  2.8407425745754108e+003	 -3.5392976828372607e+003	
  6.6000000000000000e+003	  2.8426029681192958e+003	 -3.5355351647280249e+003	
  6.6300000000000000e+003	  2.8421231832387557e+003	 -3.5416910001963793e+003	
  6.6600000000000000e+003	  2.8415161058206340e+003	 -3.5418023176076567e+003	
  6.6900000000000000e+003	  2.8407229916608812e+003	 -3.5420472161311359e+003	
  6.7200000000000000e+003	  2.8407817407968005e+003	 -3.5403218003756892e+003	
  6.7500000000000000e+003	  2.8414083997932526e+003	 -3.5372605791154224e+003	
  6.7800000000000000e+003	  2.8408600736428698e+003	 -3.5392308926836872e+003	
  6.8100000000000000e+003	  2.8400767506387165e+003	 -3.5436835773751855e+003	
  6.8400000000000000e+003	  2.8399396678072335e+003	 -3.5429822781402268e+003	
  6.8700000000000000e+003	  2.8392542604681080e+003	 -3.5461214203307995e+003	
  6.9000000000000000e+003	  2.8390780133241378e+003	 -3.5468672460578700e+003	
  6.9300000000000000e+003	  2.8393423842746138e+003	 -3.5474572260752511e+003	
  6.9600000000000000e+003	  2.8391073874490962e+003	 -3.5487373721675003e+003	
  6.9900000000000000e+003	  2.8419077687106342e+003	 -3.5414238390048604e+003	
  7.0200000000000000e+003	  2.8421917229408314e+003	 -3.5410119652597073e+003	
  7.0500000000000000e+003	  2.8415650642064438e+003	 -3.5409785701147375e+003	
  7.0800000000000000e+003	  2.8417706864748993e+003	 -3.5412902587460180e+003	
  7.1100000000000000e+003	  2.8405271605976081e+003	 -3.5447299578489292e+003	
  7.1400000000000000e+003	  2.8398319606795912e+003	 -3.5463774499617648e+003	
  7.1700000000000000e+003	  2.8395088403921459e+003	 -3.5472011962366391e+003	
  7.2000000000000000e+003	  2.8381771914412370e+003	 -3.5446075084076278e+003	
  7.2300000000000000e+003	  2.8378932355491515e+003	 -3.5443960056802234e+003	
  7.2600000000000000e+003	  2.8377463625447817e+003	 -3.5463663189361805e+003	
  7.2900000000000000e+003	  2.8375113651543556e+003	 -3.5474127003650865e+003	
  7.3200000000000000e+003	  2.8366692928593520e+003	 -3.5468227170158693e+003	
  7.3500000000000000e+003	  2.8371099124797338e+003	 -3.5466780065657404e+003	
  7.3800000000000000e+003	  2.8379030283090588e+003	 -3.5474460951639485e+003	
  7.4100000000000000e+003	  2.8383534385785215e+003	 -3.5501177049784615e+003	
  7.4400000000000000e+003	  2.8383828135325771e+003	 -3.5503737338713609e+003	
  7.4700000000000000e+003	  2.8386569767027677e+003	 -3.5509637151645679e+003	
  7.5000000000000000e+003	  2.8376092804406121e+003	 -3.5464442396094410e+003	
  7.5300000000000000e+003	  2.8379715684619432e+003	 -3.5484479482436495e+003	
  7.5600000000000000e+003	  2.8375113651543556e+003	 -3.5464331078961345e+003	
  7.5900000000000000e+003	  2.8376386554452833e+003	 -3.5442735568185149e+003	
  7.6200000000000000e+003	  2.8379128195579483e+003	 -3.5450416450230332e+003	
  7.6500000000000000e+003	  2.8357880540970341e+003	 -3.5447076938002515e+003	
  7.6800000000000000e+003	  2.8361895071178187e+003	 -3.5463551870725473e+003	
  7.7100000000000000e+003	  2.8544213607845641e+003	 -3.5293904615630977e+003	
  7.7400000000000000e+003	  2.8905913184478595e+003	 -3.5266520595598836e+003	
  7.7700000000000000e+003	  2.9204653138271642e+003	 -3.5303589195667928e+003	
  7.8000000000000000e+003	  2.9303058153701195e+003	 -3.5582549848598005e+003	
  7.8300000000000000e+003	  2.9274662680308415e+003	 -3.5877985434875604e+003	
  7.8600000000000000e+003	  2.9384621694524831e+003	 -3.6189116729672096e+003	
  7.8900000000000000e+003	  2.9283279240262764e+003	 -3.6560581875108983e+003	
  7.9200000000000000e+003	  2.9186538793693298e+003	 -3.6920470054399475e+003	
  7.9500000000000000e+003	  2.8912375605709376e+003	 -3.7000395753480916e+003	
  7.9800000000000000e+003	  2.8674147355791988e+003	 -3.7105813029815922e+003	
  8.0100000000000000e+003	  2.8462552139404188e+003	 -3.7175386225557913e+003	
  8.0400000000000000e+003	  2.8338101618288142e+003	 -3.7330339628660440e+003	
  8.0700000000000000e+003	  2.8270246237013052e+003	 -3.7336684705558864e+003	
  8.1000000000000000e+003	  2.8280135685712685e+003	 -3.7358836810358175e+003	
  8.1300000000000000e+003	  2.8104181679366970e+003	 -3.7689448583535182e+003	
  8.1600000000000000e+003	  2.8063057192493538e+003	 -3.7920876846130900e+003	
  8.1900000000000000e+003	  2.8012630738976027e+003	 -3.7917203378583154e+003	
  8.2200000000000000e+003	  2.7984431114698177e+003	 -3.7923103182890313e+003	
  8.2500000000000000e+003	  2.7907371668551905e+003	 -3.8034308961278011e+003	
  8.2800000000000000e+003	  2.7837460042763087e+003	 -3.8131600114499188e+003	
  8.3100000000000000e+003	  2.7671787147929890e+003	 -3.8309150874978623e+003	
  8.3400000000000000e+003	  2.7689803593641195e+003	 -3.8397091389821580e+003	
  8.3700000000000000e+003	  2.7627529369639255e+003	 -3.8475236000727573e+003	
  8.4000000000000000e+003	  2.7646916630334722e+003	 -3.8476683128038217e+003	
  8.4300000000000000e+003	  2.7646524972836341e+003	 -3.8202175151619754e+003	
  8.4600000000000000e+003	  2.7457352356818860e+003	 -3.8246479359743971e+003	
  8.4900000000000000e+003	  2.7332412283620106e+003	 -3.8049782053148142e+003	
  8.5200000000000000e+003	  2.7316843718764453e+003	 -3.7977091984159224e+003	
  8.5500000000000000e+003	  2.7199638964529722e+003	 -3.8003474144816296e+003	
  8.5800000000000000e+003	  2.7118858736457282e+003	 -3.8021173540904019e+003	
  8.6100000000000000e+003	  2.7123069106555195e+003	 -3.8048334933811611e+003	
  8.6400000000000000e+003	  2.7173299713421306e+003	 -3.7737760212858075e+003	
  8.6700000000000000e+003	  2.7159199893816135e+003	 -3.8024401759578477e+003	
  8.7000000000000000e+003	  2.7173201813165701e+003	 -3.8204735448362685e+003	
  8.7300000000000000e+003	  2.7247715442934341e+003	 -3.8315162006520304e+003	
  8.7600000000000000e+003	  2.7364234792377347e+003	 -3.8421469838358053e+003	
  8.7900000000000000e+003	  2.7456569047876283e+003	 -3.8520096791472315e+003	
  8.8200000000000000e+003	  2.7369228478448831e+003	 -3.8689521429745887e+003	
  8.8500000000000000e+003	  2.7367955588657946e+003	 -3.8741395194059805e+003	
  8.8800000000000000e+003	  2.7400365588129484e+003	 -3.8745068644823646e+003	
  8.9100000000000000e+003	  2.7336916390216729e+003	 -3.8772786600631744e+003	
  8.9400000000000000e+003	  2.7307345932717253e+003	 -3.8791376563241056e+003	
  8.9700000000000000e+003	  2.7318704122964873e+003	 -3.8785699396747173e+003	
  9.0000000000000000e+003	  2.7402715564986574e+003	 -3.8980949585853696e+003	
  9.0300000000000000e+003	  2.7504155941079125e+003	 -3.9151710009654998e+003	
  9.0600000000000000e+003	  2.7513359982325928e+003	 -3.9174418713020109e+003	
  9.0900000000000000e+003	  2.7520899484330121e+003	 -3.9166403878458450e+003	
  9.1200000000000000e+003	  2.7526970239049597e+003	 -3.9161394600389672e+003	
  9.1500000000000000e+003	  2.7521291147792372e+003	 -3.9161060644513868e+003	
  9.1800000000000000e+003	  2.7527068153325181e+003	 -3.9163287000845567e+003	
  9.2100000000000000e+003	  2.7533628483838970e+003	 -3.9166626502729123e+003	
  9.2400000000000000e+003	  2.7513457907043326e+003	 -3.9217832373377728e+003	
  9.2700000000000000e+003	  2.7505037164465039e+003	 -3.9264585563537985e+003	
  9.3000000000000000e+003	  2.7384699122329703e+003	 -3.9436459163191466e+003	
  9.3300000000000000e+003	  2.7096925688553856e+003	 -3.9651078529443562e+003	
  9.3600000000000000e+003	  2.6851255870085806e+003	 -3.9863805503612239e+003	
  9.3900000000000000e+003	  2.6732680294386200e+003	 -4.0029334031626836e+003	
  9.4200000000000000e+003	  2.6745703041913284e+003	 -4.0034565933067702e+003	
  9.4500000000000000e+003	  2.6617629665310424e+003	 -3.9933044734166483e+003	
  9.4800000000000000e+003	  2.6584730088509541e+003	 -3.9934825806241120e+003	
  9.5100000000000000e+003	  2.6542430619530278e+003	 -3.9904547567273648e+003	
  9.5400000000000000e+003	  2.6535870297302145e+003	 -3.9881727554086451e+003	
  9.5700000000000000e+003	  2.6583946765249830e+003	 -3.9925141219656871e+003	
  9.6000000000000000e+003	  2.6699976540136076e+003	 -3.9879835160089378e+003	
  9.6300000000000000e+003	  2.6747955119707490e+003	 -3.9924473318618316e+003	
  9.6600000000000000e+003	  2.6733365694296490e+003	 -3.9912673702191505e+003	
  9.6900000000000000e+003	  2.6692534979962848e+003	 -3.9932599463590464e+003	
  9.7200000000000000e+003	  2.6777427634803785e+003	 -3.9896755362833110e+003	
  9.7500000000000000e+003	  2.7107990121156049e+003	 -3.9940057723646141e+003	
  9.7800000000000000e+003	  2.7195820254299483e+003	 -4.0023879491301404e+003	
  9.8100000000000000e+003	  2.7341322581282798e+003	 -4.0222246566587301e+003	
  9.8400000000000000e+003	  2.7411430035439589e+003	 -4.0286699171785212e+003	
  9.8700000000000000e+003	  2.7430719360049179e+003	 -4.0281578570018573e+003	
  9.9000000000000000e+003	  2.7460289841961385e+003	 -4.0223137102501946e+003	
  9.9300000000000000e+003	  2.7441685899246750e+003	 -4.0220354173659157e+003	
  9.9600000000000000e+003	  2.7430033961253948e+003	 -4.0245957098668018e+003	
  9.9900000000000000e+003	  2.7684809888889322e+003	 -4.0472821353313107e+003	
  1.0020000000000000e+004	  2.7918436111199080e+003	 -4.0700130878610958e+003	
  1.0050000000000000e+004	  2.7886809428481311e+003	 -4.0735752352758900e+003	
  1.0080000000000000e+004	  2.7856357726323927e+003	 -4.0723952732369057e+003	
  1.0110000000000000e+004	  2.7889746894789328e+003	 -4.0763025047324277e+003	
  1.0140000000000000e+004	  2.7955643967456958e+003	 -4.0707589118399023e+003	
  1.0170000000000000e+004	  2.8230884240678979e+003	 -4.0798646498957496e+003	
  1.0200000000000000e+004	  2.8384611454991364e+003	 -4.0845733645965170e+003	
  1.0230000000000000e+004	  2.8601983696356583e+003	 -4.0905288296202589e+003	
  1.0260000000000000e+004	  2.8662103768351858e+003	 -4.1096642380653639e+003	
  1.0290000000000000e+004	  2.8703619908512369e+003	 -4.1085176716791229e+003	
  1.0320000000000000e+004	  2.8902975731915881e+003	 -4.1163210003568647e+003	
  1.0350000000000000e+004	  2.8898275792105860e+003	 -4.1187477129455347e+003	
  1.0380000000000000e+004	  2.8884469709804521e+003	 -4.1193042987449107e+003	
  1.0410000000000000e+004	  2.8860088759146433e+003	 -4.1229221037928419e+003	
  1.0440000000000000e+004	  2.8986007993277944e+003	 -4.1437829288529638e+003	
  1.0470000000000000e+004	  2.8976608120057535e+003	 -4.1583766013528821e+003	
  1.0500000000000000e+004	  2.8983658021131719e+003	 -4.1725472675288720e+003	
  1.0530000000000000e+004	  2.8932252427186045e+003	 -4.1744396576520057e+003	
  1.0560000000000000e+004	  2.8932252427186045e+003	 -4.1744396576520057e+003	
  1.0590000000000000e+004	  2.8932252427186045e+003	 -4.1744396576520057e+003	
  1.0620000000000000e+004	  2.8932252427186045e+003	 -4.1744396576520057e+003	
  1.0650000000000000e+004	  2.8932252427186045e+003	 -4.1744396576520057e+003	
  1.0680000000000000e+004	  2.8932252427186045e+003	 -4.1744396576520057e+003	
  1.0710000000000000e+004	  2.8932252427186045e+003	 -4.1744396576520057e+003	
  1.0740000000000000e+004	  2.8932252427186045e+003	 -4.1744396576520057e+003	
  1.0770000000000000e+004	  2.8932252427186045e+003	 -4.1744396576520057e+003	
  1.0800000000000000e+004	  2.8932252427186045e+003	 -4.1744396576520057e+003	
  1.0830000000000000e+004	  2.8932252427186045e+003	 -4.1744396576520057e+003	
  1.0860000000000000e+004	  2.8932252427186045e+003	 -4.1744396576520057e+003	
  1.0890000000000000e+004	  2.8932252427186045e+003	 -4.1744396576520057e+003	
  1.0920000000000000e+004	  2.8932252427186045e+003	 -4.1744396576520057e+003	
  1.0950000000000000e+004	  2.8932252427186045e+003	 -4.1744396576520057e+003	
  1.0980000000000000e+004	  2.8932252427186045e+003	 -4.1744396576520057e+003	
  1.1010000000000000e+004	  2.8932252427186045e+003	 -4.1744396576520057e+003	
  1.1040000000000000e+004	  2.8932252427186045e+003	 -4.1744396576520057e+003	
  1.1070000000000000e+004	  2.8932252427186045e+003	 -4.1744396576520057e+003	
  1.1100000000000000e+004	  2.8932252427186045e+003	 -4.1744396576520057e+003	
  1.1130000000000000e+004	  2.8932252427186045e+003	 -4.1744396576520057e+003	
  1.1160000000000000e+004	  2.8932252427186045e+003	 -4.1744396576520057e+003	
  1.1190000000000000e+004	  2.8932252427186045e+003	 -4.1744396576520057e+003	
  1.1220000000000000e+004	  2.8932252427186045e+003	 -4.1744396576520057e+003	
  1.1250000000000000e+004	  2.8932252427186045e+003	 -4.1744396576520057e+003	
  1.1280000000000000e+004	  2.8932252427186045e+003	 -4.1744396576520057e+003	
  1.1310000000000000e+004	  2.8932252427186045e+003	 -4.1744396576520057e+003	
  1.1340000000000000e+004	  2.8932252427186045e+003	 -4.1744396576520057e+003	
  1.1370000000000000e+004	  2.8829475250563337e+003	 -4.1356306652670610e+003	
  1.1400000000000000e+004	  2.8876440648022726e+003	 -4.1176679381029689e+003	
  1.1430000000000000e+004	  2.8872524011519986e+003	 -4.1208961329014710e+003	
  1.1460000000000000e+004	  2.8871544863231161e+003	 -4.1204508648209730e+003	
  1.1490000000000000e+004	  2.8966522824882431e+003	 -4.1270185742317535e+003	
  1.1520000000000000e+004	  2.9077167265646804e+003	 -4.1298015010901581e+003	
  1.1550000000000000e+004	  2.9054646707095371e+003	 -4.1284656960803532e+003	
  1.1580000000000000e+004	  2.9127104132302438e+003	 -4.1298015010901581e+003	
  1.1610000000000000e+004	  2.9119270900991901e+003	 -4.1294675501555312e+003	
  1.1640000000000000e+004	  2.9072271495540667e+003	 -4.1310259901081427e+003	
  1.1670000000000000e+004	  2.8984147614074677e+003	 -4.1299128182643099e+003	
  1.1700000000000000e+004	  2.8946939742737659e+003	 -4.1305807217259999e+003	
  1.1730000000000000e+004	  2.8986105920320447e+003	 -4.1303580875759390e+003	
  1.1760000000000000e+004	  2.9010584764486575e+003	 -4.1269072566882460e+003	
  1.1790000000000000e+004	  2.8910711031970259e+003	 -4.1208961329014710e+003	
  1.1820000000000000e+004	  2.9020376309911276e+003	 -4.0991892986663624e+003	
  1.1850000000000000e+004	  2.8836295308503295e+003	 -4.0939573948615925e+003	
  1.1880000000000000e+004	  2.8525903423001510e+003	 -4.0861651988879444e+003	
  1.1910000000000000e+004	  2.8362384645534112e+003	 -4.0837162229608161e+003	
  1.1940000000000000e+004	  2.8572902810899782e+003	 -4.0848293932210645e+003	
  1.1970000000000000e+004	  2.8860774183425556e+003	 -4.0908405177131685e+003	
  1.2000000000000000e+004	  2.9181936764224924e+003	 -4.0965176888207816e+003	
  1.2030000000000000e+004	  2.9531494837375535e+003	 -4.1010816882987210e+003	
  1.2060000000000000e+004	  2.9686201215455644e+003	 -4.1074267645589471e+003	
  1.2090000000000000e+004	  2.9680326290898211e+003	 -4.1104323263705528e+003	
  1.2120000000000000e+004	  2.9965260169821149e+003	 -4.1223432556049984e+003	
  1.2150000000000000e+004	  3.0072967148376274e+003	 -4.1284656960803532e+003	
  1.2180000000000000e+004	  3.0071008838538337e+003	 -4.1279091115429146e+003	
  1.2210000000000000e+004	  3.0055342364442590e+003	 -4.1253488175426282e+003	
  1.2240000000000000e+004	  3.0143466252692824e+003	 -4.1388181870030176e+003	
  1.2270000000000000e+004	  3.0208090438544746e+003	 -4.1318052093567931e+003	
  1.2300000000000000e+004	  3.0161091035918771e+003	 -4.1321391604487835e+003	
  1.2330000000000000e+004	  3.0118008249920363e+003	 -4.1323617948175124e+003	
  1.2360000000000000e+004	  3.0118008249920363e+003	 -4.1323617948175124e+003	
  1.2390000000000000e+004	  3.0118008249920363e+003	 -4.1323617948175124e+003	
  1.2420000000000000e+004	  3.0118008249920363e+003	 -4.1323617948175124e+003	
  1.2450000000000000e+004	  3.0118008249920363e+003	 -4.1323617948175124e+003	
  1.2480000000000000e+004	  3.0118008249920363e+003	 -4.1323617948175124e+003	
  1.2510000000000000e+004	  3.0118008249920363e+003	 -4.1323617948175124e+003	
  1.2540000000000000e+004	  3.0118008249920363e+003	 -4.1323617948175124e+003	
  1.2570000000000000e+004	  3.0118008249920363e+003	 -4.1323617948175124e+003	
  1.2600000000000000e+004	  3.0118008249920363e+003	 -4.1323617948175124e+003	
  1.2630000000000000e+004	  3.0118008249920363e+003	 -4.1323617948175124e+003	
  1.2660000000000000e+004	  3.0118008249920363e+003	 -4.1323617948175124e+003	
  1.2690000000000000e+004	  3.0118008249920363e+003	 -4.1323617948175124e+003	
  1.2720000000000000e+004	  3.0118008249920363e+003	 -4.1323617948175124e+003	
  1.2750000000000000e+004	  3.0118008249920363e+003	 -4.1323617948175124e+003	
  1.2780000000000000e+004	  3.0118008249920363e+003	 -4.1323617948175124e+003	
  1.2810000000000000e+004	  3.0118008249920363e+003	 -4.1323617948175124e+003	
  1.2840000000000000e+004	  3.0118008249920363e+003	 -4.1323617948175124e+003	
  1.2870000000000000e+004	  3.0118008249920363e+003	 -4.1323617948175124e+003	
  1.2900000000000000e+004	  3.0118008249920363e+003	 -4.1323617948175124e+003	
  1.2930000000000000e+004	  3.0118008249920363e+003	 -4.1323617948175124e+003	
  1.2960000000000000e+004	  3.0118008249920363e+003	 -4.1323617948175124e+003	
  1.2990000000000000e+004	  3.0118008249920363e+003	 -4.1323617948175124e+003	
  1.3020000000000000e+004	  3.0118008249920363e+003	 -4.1323617948175124e+003	
  1.3050000000000000e+004	  3.0118008249920363e+003	 -4.1323617948175124e+003	
  1.3080000000000000e+004	  3.0118008249920363e+003	 -4.1323617948175124e+003	
  1.3110000000000000e+004	  3.0118008249920363e+003	 -4.1323617948175124e+003	
  1.3140000000000000e+004	  3.0118008249920363e+003	 -4.1323617948175124e+003	
  1.3170000000000000e+004	  3.0118008249920363e+003	 -4.1323617948175124e+003	
  1.3200000000000000e+004	  3.0118008249920363e+003	 -4.1323617948175124e+003	
  1.3230000000000000e+004	  3.0118008249920363e+003	 -4.1323617948175124e+003	
  1.3260000000000000e+004	  3.0118008249920363e+003	 -4.1323617948175124e+003	
  1.3290000000000000e+004	  3.0118008249920363e+003	 -4.1323617948175124e+003	
  1.3320000000000000e+004	  3.0118008249920363e+003	 -4.1323617948175124e+003	
  1.3350000000000000e+004	  3.0118008249920363e+003	 -4.1323617948175124e+003	
  1.3380000000000000e+004	  3.0118008249920363e+003	 -4.1323617948175124e+003	
  1.3410000000000000e+004	  3.0118008249920363e+003	 -4.1323617948175124e+003	
  1.3440000000000000e+004	  3.0118008249920363e+003	 -4.1323617948175124e+003	
  1.3470000000000000e+004	  3.0118008249920363e+003	 -4.1323617948175124e+003	
  1.3500000000000000e+004	  3.0241577509056142e+003	 -4.1498385794476153e+003	
  1.3530000000000000e+004	  3.0230219315872846e+003	 -4.1267068861316729e+003	
  1.3560000000000000e+004	  3.0209852922115156e+003	 -4.1285992760862327e+003	
  1.3590000000000000e+004	  3.0316972388502522e+003	 -4.1317384188189189e+003	
  1.3620000000000000e+004	  3.0340080428946176e+003	 -4.1127922497190466e+003	
  1.3650000000000000e+004	  3.0336163819172466e+003	 -4.1134156245914182e+003	
  1.3680000000000000e+004	  3.0380617425763066e+003	 -4.1136382589975419e+003	
  1.3710000000000000e+004	  3.0391583948042207e+003	 -4.1146846391310146e+003	
  1.3740000000000000e+004	  3.0517111521448724e+003	 -4.1195380653925968e+003	
  1.3770000000000000e+004	  3.0545898654959533e+003	 -4.1231002119652194e+003	
  1.3800000000000000e+004	  3.0537869589468128e+003	 -4.1229443676488281e+003	
  1.3830000000000000e+004	  3.0531994667074459e+003	 -4.1234341633851627e+003	
  1.3860000000000000e+004	  3.0526315584296763e+003	 -4.1238349051465830e+003	
  1.3890000000000000e+004	  3.0513194901061556e+003	 -4.1242579106959429e+003	
  1.3920000000000000e+004	  3.0522986441798766e+003	 -4.1229666316299845e+003	
  1.3950000000000000e+004	  3.0535519617619320e+003	 -4.1221428849899348e+003	
  1.3980000000000000e+004	  3.0537282088449961e+003	 -4.1225881532171115e+003	
  1.4010000000000000e+004	  3.0537477924821569e+003	 -4.1227885241512513e+003	
  1.4040000000000000e+004	  3.0538848736659238e+003	 -4.1224768361606593e+003	
  1.4070000000000000e+004	  3.0541982034782841e+003	 -4.1223432556049984e+003	
  1.4100000000000000e+004	  3.0542373702436744e+003	 -4.1222764655798364e+003	
  1.4130000000000000e+004	  3.0538261251520316e+003	 -4.1228998411680022e+003	
  1.4160000000000000e+004	  3.0531211341717667e+003	 -4.1228107876668892e+003	
  1.4190000000000000e+004	  3.0531602999155843e+003	 -4.1225436265226990e+003	
  1.4220000000000000e+004	  3.0536302937866885e+003	 -4.1229666308892420e+003	
  1.4250000000000000e+004	  3.0543352855744843e+003	 -4.1235900074249585e+003	
  1.4280000000000000e+004	  3.0535911282629568e+003	 -4.1253042907427534e+003	
  1.4310000000000000e+004	  3.0536890425670781e+003	 -4.1255046619723826e+003	
  1.4340000000000000e+004	  3.0524553100976668e+003	 -4.1280204279717454e+003	
  1.4370000000000000e+004	  3.0505165847671610e+003	 -4.1284211692038398e+003	
  1.4400000000000000e+004	  3.0508886629748604e+003	 -4.1297124471990892e+003	
  1.4430000000000000e+004	  3.0490282693578338e+003	 -4.1303580875759390e+003	
  1.4460000000000000e+004	  3.0486170250257651e+003	 -4.1296679207163079e+003	
  1.4490000000000000e+004	  3.0484603599517054e+003	 -4.1326734829434472e+003	
  1.4520000000000000e+004	  3.0472853754441726e+003	 -4.1334749660872603e+003	
  1.4550000000000000e+004	  3.0493611822570078e+003	 -4.1284656962103645e+003	
  1.4580000000000000e+004	  3.0534736289456177e+003	 -4.1233673727534378e+003	
  1.4610000000000000e+004	  3.0550990261322263e+003	 -4.1222542019614775e+003	
  1.4640000000000000e+004	  3.0518678167463208e+003	 -4.1249480762944677e+003	
  1.4670000000000000e+004	  3.0473832908951786e+003	 -4.1295120770061321e+003	
  1.4700000000000000e+004	  3.0468349634258552e+003	 -4.1309369355953540e+003	
  1.4730000000000000e+004	  3.0487736890582432e+003	 -4.1279981642880284e+003	
  1.4760000000000000e+004	  3.0502032544710883e+003	 -4.1262616181929934e+003	
  1.4790000000000000e+004	  3.0506732495568458e+003	 -4.1249703391476305e+003	
  1.4820000000000000e+004	  3.0509278291083729e+003	 -4.1238349049932776e+003	
  1.4850000000000000e+004	  3.0519461486083810e+003	 -4.1227217341096330e+003	
  1.4880000000000000e+004	  3.0530428022177530e+003	 -4.1241911196112178e+003	
  1.4910000000000000e+004	  3.0529448863406383e+003	 -4.1239462218019453e+003	
  1.4940000000000000e+004	  3.0521615636336683e+003	 -4.1241465928839007e+003	
  1.4970000000000000e+004	  3.0527686389759983e+003	 -4.1231224760435689e+003	
  1.5000000000000000e+004	  3.0521419802608589e+003	 -4.1232783196246728e+003	
  1.5030000000000000e+004	  3.0519461486083810e+003	 -4.1240575392608935e+003	
  1.5060000000000000e+004	  3.0520832312635926e+003	 -4.1239907490686337e+003	
  1.5090000000000000e+004	  3.0522790624069298e+003	 -4.1235677436861715e+003	
  1.5120000000000000e+004	  3.0524944756767495e+003	 -4.1244137540554148e+003	
  1.5150000000000000e+004	  3.0524944756767495e+003	 -4.1246809154623597e+003	
  1.5180000000000000e+004	  3.0521615640386758e+003	 -4.1240352755714357e+003	
  1.5210000000000000e+004	  3.0510061615936579e+003	 -4.1261503007547553e+003	
  1.5240000000000000e+004	  3.0508690796111232e+003	 -4.1259721930694923e+003	
  1.5270000000000000e+004	  3.0522790624069298e+003	 -4.1245250714622707e+003	
  1.5300000000000000e+004	  3.0522986453333024e+003	 -4.1230556853447106e+003	
  1.5330000000000000e+004	  3.0521223977809223e+003	 -4.1224323094772190e+003	
  1.5360000000000000e+004	  3.0524748928230779e+003	 -4.1219202502347152e+003	
  1.5390000000000000e+004	  3.0528273875371196e+003	 -4.1214527188411757e+003	
  1.5420000000000000e+004	  3.0538652910665360e+003	 -4.1202950219525355e+003	
  1.5450000000000000e+004	  3.0547073642206778e+003	 -4.1197161722629171e+003	
  1.5480000000000000e+004	  3.0550794417659336e+003	 -4.1199388064181967e+003	
  1.5510000000000000e+004	  3.0550011099165868e+003	 -4.1202059681118280e+003	
  1.5540000000000000e+004	  3.0549031951982297e+003	 -4.1202282302738004e+003	
  1.5570000000000000e+004	  3.0543940341662401e+003	 -4.1202504949088998e+003	
  1.5600000000000000e+004	  3.0547465299172568e+003	 -4.1195825919717445e+003	
  1.5630000000000000e+004	  3.0550011099165868e+003	 -4.1187365812966400e+003	
  1.5660000000000000e+004	  3.0548444458132412e+003	 -4.1179128348032964e+003	
  1.5690000000000000e+004	  3.0549227783992251e+003	 -4.1174453022531234e+003	
  1.5720000000000000e+004	  3.0549423615275546e+003	 -4.1174898293668884e+003	
  1.5750000000000000e+004	  3.0547856963192544e+003	 -4.1180686793572404e+003	
  1.5780000000000000e+004	  3.0544919507162876e+003	 -4.1184471570753058e+003	
  1.5810000000000000e+004	  3.0546290314893554e+003	 -4.1188478986120726e+003	
  1.5840000000000000e+004	  3.0547073640339868e+003	 -4.1187143179988507e+003	
  1.5870000000000000e+004	  3.0543157018910579e+003	 -4.1193599582481720e+003	
  1.5900000000000000e+004	  3.0537477930424384e+003	 -4.1199165432217578e+003	
  1.5930000000000000e+004	  3.0534932125161949e+003	 -4.1205621836118644e+003	
  1.5960000000000000e+004	  3.0538457078654865e+003	 -4.1202950212113465e+003	
  1.5990000000000000e+004	  3.0538652910978140e+003	 -4.1202059681118280e+003	
  1.6020000000000000e+004	  3.0533561311708968e+003	 -4.1208738706214626e+003	
  1.6050000000000000e+004	  3.0532582157976999e+003	 -4.1210742405487781e+003	
  1.6080000000000000e+004	  3.0542177863835632e+003	 -4.1203172846996567e+003	
  1.6110000000000000e+004	  3.0550206933769018e+003	 -4.1195158020454201e+003	
  1.6140000000000000e+004	  3.0552165245612900e+003	 -4.1196048556066653e+003	
  1.6170000000000000e+004	  3.0552361075806416e+003	 -4.1195158020454201e+003	
  1.6200000000000000e+004	  3.0550794417659336e+003	 -4.1190037428095457e+003	
  1.6230000000000000e+004	  3.0546094484750720e+003	 -4.1190482693037247e+003	
  1.6260000000000000e+004	  3.0541198709123955e+003	 -4.1194267476687728e+003	
  1.6290000000000000e+004	  3.0536694599263219e+003	 -4.1197161722629171e+003	
  1.6320000000000000e+004	  3.0547856958790467e+003	 -4.1284656965999029e+003	
  1.6350000000000000e+004	  3.0595639695343984e+003	 -4.1554044344472695e+003	
  1.6380000000000000e+004	  3.0672209560865062e+003	 -4.1736827031755502e+003	
  1.6410000000000000e+004	  3.0674506117340366e+003	 -4.1749517181147930e+003	
  1.6440000000000000e+004	  3.0581575471761371e+003	 -4.1829665488624059e+003	
  1.6470000000000000e+004	  3.0651353574390023e+003	 -4.1785583906521979e+003	
  1.6500000000000000e+004	  3.0629322608466709e+003	 -4.1347328481567138e+003	
  1.6530000000000000e+004	  3.0493122238105980e+003	 -4.1061688820072786e+003	
  1.6560000000000000e+004	  3.0572727482178584e+003	 -4.0988219530897131e+003	
  1.6590000000000000e+004	  3.0572825395848595e+003	 -4.0974861479121819e+003	
  1.6620000000000000e+004	  3.0550794426880934e+003	 -4.0973970944219991e+003	
  1.6650000000000000e+004	  3.0557061015843419e+003	 -4.0949147227630283e+003	
  1.6680000000000000e+004	  3.0592898062022359e+003	 -4.0959611028793865e+003	
  1.6710000000000000e+004	  3.0597989661867095e+003	 -4.0947922724469258e+003	
  1.6740000000000000e+004	  3.0516719850658724e+003	 -4.1053340029466854e+003	
  1.6770000000000000e+004	  3.0536009186363576e+003	 -4.1093748141483566e+003	
  1.6800000000000000e+004	  3.0483036949296611e+003	 -4.1095529219940454e+003	
  1.6830000000000000e+004	  3.0470797527592413e+003	 -4.1097310288315621e+003	
  1.6860000000000000e+004	  3.0500367990543318e+003	 -4.0984768697634281e+003	
  1.6890000000000000e+004	  3.0479903656048427e+003	 -4.1023395731477085e+003	
  1.6920000000000000e+004	  3.0533952977547569e+003	 -4.1080390099111519e+003	
  1.6950000000000000e+004	  3.0558431828081493e+003	 -4.1056234279508308e+003	
  1.6980000000000000e+004	  3.0577133687414675e+003	 -4.0983321578539790e+003	
  1.7010000000000000e+004	  3.0550402756207668e+003	 -4.1050557106638571e+003	
  1.7040000000000000e+004	  3.0497136775502704e+003	 -4.1056456908135751e+003	
  1.7070000000000000e+004	  3.0349382400304630e+003	 -4.1116568144196208e+003	
  1.7100000000000000e+004	  3.0370532127840024e+003	 -4.1248590222704634e+003	
  1.7130000000000000e+004	  3.0520832318190960e+003	 -4.1379721773990714e+003	
  1.7160000000000000e+004	  3.0602004191084061e+003	 -4.1523209495202318e+003	
  1.7190000000000000e+004	  3.0579875319858911e+003	 -4.1384731057790168e+003	
  1.7220000000000000e+004	  3.0559606816022724e+003	 -4.1377161475808953e+003	
  1.7250000000000000e+004	  3.0557550593945443e+003	 -4.1391744015889572e+003	
  1.7280000000000000e+004	  3.0569300429634018e+003	 -4.1380167035217592e+003	
  1.7310000000000000e+004	  3.0416846123848272e+003	 -4.1346437959543427e+003	
  1.7340000000000000e+004	  3.0344094967804949e+003	 -4.1186809229383525e+003	
  1.7370000000000000e+004	  3.0515251130653251e+003	 -4.1082839059392663e+003	
  1.7400000000000000e+004	  3.0781972750527957e+003	 -4.1073822394368144e+003	
  1.7430000000000000e+004	  3.1050261023302010e+003	 -4.1009703731030622e+003	
  1.7460000000000000e+004	  3.1262835397790923e+003	 -4.0967403228355979e+003	
  1.7490000000000000e+004	  3.1300728665665852e+003	 -4.0935789180947895e+003	
  1.7520000000000000e+004	  3.1304057789987592e+003	 -4.1089184150798783e+003	
  1.7550000000000000e+004	  3.1338034456455362e+003	 -4.1251707100393178e+003	
  1.7580000000000000e+004	  3.1230425393784662e+003	 -4.1365473190778466e+003	
  1.7610000000000000e+004	  3.1211429814255307e+003	 -4.1461094577836575e+003	
  1.7640000000000000e+004	  3.1209863164657245e+003	 -4.1470556525301236e+003	
  1.7670000000000000e+004	  3.1207904858099646e+003	 -4.1582875466710157e+003	
  1.7700000000000000e+004	  3.1185873882060864e+003	 -4.1485361692757015e+003	
  1.7730000000000000e+004	  3.1182544749612830e+003	 -4.1460760615851086e+003	
  1.7760000000000000e+004	  3.1197525818758986e+003	 -4.1480575071022849e+003	
  1.7790000000000000e+004	  3.1242762738084170e+003	 -4.1503729031446637e+003	
  1.7820000000000000e+004	  3.1184013481249408e+003	 -4.1489925692364595e+003	
  1.7850000000000000e+004	  3.1185286389724542e+003	 -4.1479907159875511e+003	
  1.7880000000000000e+004	  3.1259310454012939e+003	 -4.1361465763299802e+003	
  1.7910000000000000e+004	  3.1408337729835007e+003	 -4.1276976074505146e+003	
  1.7940000000000000e+004	  3.1276739392634290e+003	 -4.1263618029130048e+003	
  1.7970000000000000e+004	  3.1444370606350162e+003	 -4.0990557194246121e+003	
  1.8000000000000000e+004	  3.1605245646133267e+003	 -4.0922876392848716e+003	
  1.8030000000000000e+004	  3.1774933083419160e+003	 -4.0837496176756890e+003	
  1.8060000000000000e+004	  3.1920924987110288e+003	 -4.0775603853120278e+003	
  1.8090000000000000e+004	  3.1956859955302889e+003	 -4.0752561224361125e+003	
  1.8120000000000000e+004	  3.1980947136902241e+003	 -4.0734639171297363e+003	
  1.8150000000000000e+004	  3.1976834686285379e+003	 -4.0740093722011916e+003	
  1.8180000000000000e+004	  3.2115482941256460e+003	 -4.0697125329050491e+003	
  1.8210000000000000e+004	  3.2304655542261198e+003	 -4.0708479648224334e+003	
  1.8240000000000000e+004	  3.2405214682582655e+003	 -4.0817793038649788e+003	
  1.8270000000000000e+004	  3.2415299969000907e+003	 -4.0878015601813850e+003	
  1.8300000000000000e+004	  3.2532994300129817e+003	 -4.0913525761876494e+003	
  1.8330000000000000e+004	  3.2625622305787119e+003	 -4.0813785634344554e+003	
  1.8360000000000000e+004	  3.2428420636225151e+003	 -4.0830260562004332e+003	
  1.8390000000000000e+004	  3.2441541318070140e+003	 -4.0821577837675295e+003	
  1.8420000000000000e+004	  3.2500290560924286e+003	 -4.0649036324255517e+003	
  1.8450000000000000e+004	  3.2475420035682328e+003	 -4.0583804510391392e+003	
  1.8480000000000000e+004	  3.2594876867806661e+003	 -4.0515455806742989e+003	
  1.8510000000000000e+004	  3.2623859827963629e+003	 -4.0502988291157976e+003	
  1.8540000000000000e+004	  3.2624838989909681e+003	 -4.0506327801654961e+003	
  1.8570000000000000e+004	  3.2607214208197847e+003	 -4.0513897371462708e+003	
  1.8600000000000000e+004	  3.2577839573534939e+003	 -4.0522580102875336e+003	
  1.8630000000000000e+004	  3.2551206575157630e+003	 -4.0519240590175846e+003	
  1.8660000000000000e+004	  3.2581168700913086e+003	 -4.0538164487368254e+003	
  1.8690000000000000e+004	  3.2616418252337585e+003	 -4.0485400196121891e+003	
  1.8720000000000000e+004	  3.2665767639809660e+003	 -4.0339352149256383e+003	
  1.8750000000000000e+004	  3.2825565601207368e+003	 -4.0107144674729125e+003	
  1.8780000000000000e+004	  3.3030404677867746e+003	 -3.9992933342514798e+003	
  1.8810000000000000e+004	  3.3077795741351656e+003	 -3.9978016855532524e+003	
  1.8840000000000000e+004	  3.3132236725085359e+003	 -3.9949742308770969e+003	
  1.8870000000000000e+004	  3.3129103422974031e+003	 -3.9970002013440753e+003	
  1.8900000000000000e+004	  3.3067808364692451e+003	 -3.9892302681844403e+003	
  1.8930000000000000e+004	  3.3007688294457403e+003	 -3.9657868873809030e+003	
  1.8960000000000000e+004	  3.2897239698124840e+003	 -3.9413193881569664e+003	
  1.8990000000000000e+004	  3.2739791692385656e+003	 -3.9147146012093822e+003	
  1.9020000000000000e+004	  3.2822040648845891e+003	 -3.9019353988123198e+003	
  1.9050000000000000e+004	  3.2892735585465161e+003	 -3.9016459742209054e+003	
  1.9080000000000000e+004	  3.2863752620360146e+003	 -3.9027146182029855e+003	
  1.9110000000000000e+004	  3.2882944045339113e+003	 -3.9014456032970093e+003	
  1.9140000000000000e+004	  3.2906052093551525e+003	 -3.9033379944996123e+003	
  1.9170000000000000e+004	  3.3059583476257153e+003	 -3.9101060740087428e+003	
  1.9200000000000000e+004	  3.2993980134402491e+003	 -3.9079687846552342e+003	
  1.9230000000000000e+004	  3.2977530345816654e+003	 -3.9060763949190032e+003	
  1.9260000000000000e+004	  3.3043721177439998e+003	 -3.9084585807811322e+003	
  1.9290000000000000e+004	  3.3101099619841480e+003	 -3.8960578555507491e+003	
  1.9320000000000000e+004	  3.3119899376706257e+003	 -3.9063658187963338e+003	
  1.9350000000000000e+004	  3.3028642193818873e+003	 -3.9093713811199732e+003	
  1.9380000000000000e+004	  3.2916235287179502e+003	 -3.9078797312978400e+003	
  1.9410000000000000e+004	  3.2761724739124538e+003	 -3.9124659960528179e+003	
  1.9440000000000000e+004	  3.2634630525441426e+003	 -3.9150040265935650e+003	
  1.9470000000000000e+004	  3.2551402415890088e+003	 -3.9212377829168299e+003	
  1.9500000000000000e+004	  3.3111674480733282e+003	 -3.8997090562511485e+003	
  1.9530000000000000e+004	  3.2816655301804394e+003	 -3.9191338914617604e+003	
  1.9560000000000000e+004	  3.3048421116900208e+003	 -3.9099947557752721e+003	
  1.9590000000000000e+004	  3.2261768573012005e+003	 -3.8783695696099699e+003	
  1.9620000000000000e+004	  3.2781699489232242e+003	 -3.9014678664885673e+003	
  1.9650000000000000e+004	  3.3279011941121498e+003	 -3.9022804800473668e+003	
  1.9680000000000000e+004	  3.2992805152643764e+003	 -3.9129001318397395e+003	
  1.9710000000000000e+004	  3.3055177273834315e+003	 -3.9130448443257687e+003	
  1.9740000000000000e+004	  3.2979586578381350e+003	 -3.9343193984176924e+003	
  1.9770000000000000e+004	  3.3274605755167599e+003	 -3.8895680688261009e+003	
  1.9800000000000000e+004	  3.2995840523353158e+003	 -3.9132674781038754e+003	
  1.9830000000000000e+004	  3.2834182172393630e+003	 -3.9403397966074854e+003	
  1.9860000000000000e+004	  3.3163177993455647e+003	 -3.9191895489301482e+003	
  1.9890000000000000e+004	  3.3737057916308204e+003	 -3.9142047146260597e+003	
  1.9920000000000000e+004	  3.5649990992483417e+003	 -3.8975886002790976e+003	
  1.9950000000000000e+004	  3.3142028263450970e+003	 -3.8926515522173077e+003	
  1.9980000000000000e+004	  3.3105995389989221e+003	 -3.8954790087091578e+003	
  2.0010000000000000e+004	  3.3081908196249196e+003	 -3.8993083152782829e+003	
  2.0040000000000000e+004	  3.3032167163051840e+003	 -3.8989298350181662e+003	
  2.0070000000000000e+004	  3.2999463400923000e+003	 -3.8954790059846137e+003	
  2.0100000000000000e+004	  3.3026683894459711e+003	 -3.8959242755903106e+003	
  2.0130000000000000e+004	  3.3036083776762753e+003	 -3.8964585974853276e+003	
  2.0160000000000000e+004	  3.3007688298597786e+003	 -3.9025365102646101e+003	
  2.0190000000000000e+004	  3.3076620753308271e+003	 -3.9030263057249808e+003	
  2.0220000000000000e+004	  3.3071724990302710e+003	 -3.9013788129287559e+003	
  2.0250000000000000e+004	  3.3085433151774450e+003	 -3.8962582259904534e+003	
  2.0280000000000000e+004	  3.3100512117301223e+003	 -3.8951227920623046e+003	
  2.0310000000000000e+004	  3.3103841248497229e+003	 -3.8935866155007434e+003	
  2.0340000000000000e+004	  3.3086216462920347e+003	 -3.8934975620752812e+003	
  2.0370000000000000e+004	  3.3064870907438099e+003	 -3.8948333673099391e+003	
  2.0400000000000000e+004	  3.3077795737692577e+003	 -3.8949224211876099e+003	
  2.0430000000000000e+004	  3.3132236713464144e+003	 -3.8948111041774987e+003	
  2.0460000000000000e+004	  3.3112653638641359e+003	 -3.8883547134712726e+003	
  2.0490000000000000e+004	  3.3196077576135358e+003	 -3.8757313534211230e+003	
  2.0520000000000000e+004	  3.3200385860349224e+003	 -3.8740170705950186e+003	
  2.0550000000000000e+004	  3.3192944287936407e+003	 -3.8739502793255392e+003	
  2.0580000000000000e+004	  3.3056254355739561e+003	 -3.8791153937240642e+003	
  2.0610000000000000e+004	  3.2794624335819217e+003	 -3.8820541646415268e+003	
  2.0640000000000000e+004	  3.2563935584751821e+003	 -3.8766886799690110e+003	
  2.0670000000000000e+004	  3.2488932371737819e+003	 -3.8519540210159707e+003	
  2.0700000000000000e+004	  3.2469545113848581e+003	 -3.8319169427968545e+003	
  2.0730000000000000e+004	  3.2456228623714619e+003	 -3.8340319673225190e+003	
  2.0760000000000000e+004	  3.2484036604800503e+003	 -3.8309596162301409e+003	
  2.0790000000000000e+004	  3.2498136419406378e+003	 -3.8312267765812007e+003	
  2.0820000000000000e+004	  3.2475811702435849e+003	 -3.8263510870617838e+003	
  2.0850000000000000e+004	  3.2479924149068224e+003	 -3.8253714974623226e+003	
  2.0880000000000000e+004	  3.2612109981456551e+003	 -3.8187592606804474e+003	
  2.0910000000000000e+004	  3.2729804320165704e+003	 -3.8140839440186041e+003	
  2.0940000000000000e+004	  3.2783853636781969e+003	 -3.8144846852652690e+003	
  2.0970000000000000e+004	  3.2795603489663044e+003	 -3.8141507346066091e+003	
  2.1000000000000000e+004	  3.2747233258906267e+003	 -3.8098538939157834e+003	
  2.1030000000000000e+004	  3.2693575614333758e+003	 -3.8123028698039279e+003	
  2.1060000000000000e+004	  3.2679475792728913e+003	 -3.8091192007995801e+003	
  2.1090000000000000e+004	  3.2611130829201293e+003	 -3.8106108503503829e+003	
  2.1120000000000000e+004	  3.2617201581435856e+003	 -3.8167110259129722e+003	
  2.1150000000000000e+004	  3.2611130822744321e+003	 -3.8127704009573654e+003	
  2.1180000000000000e+004	  3.2628168111269674e+003	 -3.8143956304189205e+003	
  2.1210000000000000e+004	  3.2670075905775825e+003	 -3.8094308886502049e+003	
  2.1240000000000000e+004	  3.2642855422338471e+003	 -3.8090078840825140e+003	
  2.1270000000000000e+004	  3.2447807888540183e+003	 -3.8188260518327202e+003	
  2.1300000000000000e+004	  3.2323651142561230e+003	 -3.8080950829303461e+003	
  2.1330000000000000e+004	  3.2263139399412403e+003	 -3.7999244090075058e+003	
  2.1360000000000000e+004	  3.2122728686942573e+003	 -3.7743660027041542e+003	
  2.1390000000000000e+004	  3.2006405150140008e+003	 -3.7547741931625328e+003	
  2.1420000000000000e+004	  3.2087674953607579e+003	 -3.7381211546429063e+003	
  2.1450000000000000e+004	  3.2135457684869771e+003	 -3.7246072588881070e+003	
  2.1480000000000000e+004	  3.2189898664967432e+003	 -3.7234940876812748e+003	
  2.1510000000000000e+004	  3.2311117955469804e+003	 -3.7000618389325523e+003	
  2.1540000000000000e+004	  3.2479532487096990e+003	 -3.6920470071074474e+003	
  2.1570000000000000e+004	  3.2445262089941307e+003	 -3.7090117328883703e+003	
  2.1600000000000000e+004	  3.2451822427989050e+003	 -3.7135646033466023e+003	
  2.1630000000000000e+004	  3.2314936658794968e+003	 -3.7304625384337060e+003	
  2.1660000000000000e+004	  3.2479924150260085e+003	 -3.7125404843754850e+003	
  2.1690000000000000e+004	  3.2523888181262591e+003	 -3.7202547609659864e+003	
  2.1720000000000000e+004	  3.2004446842431703e+003	 -3.6884403319444477e+003	
  2.1750000000000000e+004	  3.2114503774509685e+003	 -3.6975572037162447e+003	
  2.1780000000000000e+004	  3.1813120092948689e+003	 -3.3269157873548311e+003	
  2.1810000000000000e+004	  3.2387296158554573e+003	 -3.7126295384525997e+003	
  2.1840000000000000e+004	  3.2023246603652392e+003	 -3.7638131407379574e+003	
  2.1870000000000000e+004	  3.1986309900075003e+003	 -3.7017786910778500e+003	
  2.1900000000000000e+004	  3.2343038384974398e+003	 -3.6880061961428391e+003	
  2.1930000000000000e+004	  3.2583714500147298e+003	 -3.7060173038030071e+003	
  2.1960000000000000e+004	  3.2707283767718186e+003	 -3.6870488694331643e+003	
  2.1990000000000000e+004	  3.2850044468260044e+003	 -3.6532752608120122e+003	
  2.2020000000000000e+004	  3.2726671034410488e+003	 -3.6338615584261779e+003	
  2.2050000000000000e+004	  3.2529273524035898e+003	 -3.6262029429867339e+003	
  2.2080000000000000e+004	  3.2340492589099013e+003	 -3.6267372643758499e+003	
  2.2110000000000000e+004	  3.2281547488193378e+003	 -3.6329264945319110e+003	
  2.2140000000000000e+004	  3.2299759770104401e+003	 -3.6630489023322689e+003	
  2.2170000000000000e+004	  3.2349500800495734e+003	 -3.6797019411098504e+003	
  2.2200000000000000e+004	  3.1914364652354070e+003	 -3.6612010376237549e+003	
  2.2230000000000000e+004	  3.1853069599527494e+003	 -3.6719987981174099e+003	
  2.2260000000000000e+004	  3.1379550586883402e+003	 -3.6805479500813890e+003	
  2.2290000000000000e+004	  3.1706623445679138e+003	 -3.5937109038852250e+003	
  2.2320000000000000e+004	  3.2174850598946737e+003	 -3.4928977863791238e+003	
  2.2350000000000000e+004	  3.2643077752214331e+003	 -3.3920846688730235e+003	
  2.2380000000000000e+004	  3.3111304905481929e+003	 -3.2912715513669227e+003	
  2.2410000000000000e+004	  3.3124109749440186e+003	 -3.3533090711044424e+003	
  2.2440000000000000e+004	  3.2261181086089259e+003	 -3.7137761044662889e+003	
  2.2470000000000000e+004	  3.2334225995813399e+003	 -3.7144440070231649e+003	
  2.2500000000000000e+004	  3.2500780134240240e+003	 -3.7211898247215868e+003	
  2.2530000000000000e+004	  3.2682217423500383e+003	 -3.6890414453516642e+003	
  2.2560000000000000e+004	  3.2486680315977255e+003	 -3.6793123301922765e+003	
  2.2590000000000000e+004	  3.2505829361843939e+003	 -3.6692809980499142e+003	
  2.2620000000000000e+004	  3.2622889448153255e+003	 -3.6575179365503086e+003	
  2.2650000000000000e+004	  3.2640113797429594e+003	 -3.6361546916006018e+003	
  2.2680000000000000e+004	  3.2605843386628062e+003	 -3.6532975238702106e+003	
  2.2710000000000000e+004	  3.2648926181458955e+003	 -3.6777650227053186e+003	
  2.2740000000000000e+004	  3.2909968703608101e+003	 -3.6724218033702273e+003	
  2.2770000000000000e+004	  3.2975180376647922e+003	 -3.6488003119913419e+003	
  2.2800000000000000e+004	  3.2713942018298449e+003	 -3.6392047793370075e+003	
  2.2830000000000000e+004	  3.2476203363579662e+003	 -3.6339283494854308e+003	
  2.2860000000000000e+004	  3.2333834340260546e+003	 -3.6340841931610094e+003	
  2.2890000000000000e+004	  3.2313663766976515e+003	 -3.6454830643116074e+003	
  2.2920000000000000e+004	  3.2246102117133341e+003	 -3.6634273802453486e+003	
  2.2950000000000000e+004	  3.2099424807499445e+003	 -3.6669004747691260e+003	
  2.2980000000000000e+004	  3.1910448032875934e+003	 -3.6576834179327743e+003	
  2.3010000000000000e+004	  3.1858161192944485e+003	 -3.6682140158246984e+003	
  2.3040000000000000e+004	  3.1882444221811538e+003	 -3.6692826614538890e+003	
  2.3070000000000000e+004	  3.1982329476666382e+003	 -3.6749179256450643e+003	
  2.3100000000000000e+004	  3.2097581693806592e+003	 -3.6814201535579582e+003	
  2.3130000000000000e+004	  3.2212833910946788e+003	 -3.6879223814708521e+003	
  2.3160000000000000e+004	  3.2328086128086993e+003	 -3.6944246093837464e+003	
  2.3190000000000000e+004	  3.2443338345227203e+003	 -3.7009268372966403e+003	
  2.3220000000000000e+004	  3.2568439704039683e+003	 -3.7080655383269468e+003	
  2.3250000000000000e+004	  3.2556298193121438e+003	 -3.7087334411075003e+003	
  2.3280000000000000e+004	  3.2308767989180151e+003	 -3.7052380827952302e+003	
  2.3310000000000000e+004	  3.1928268636984822e+003	 -3.7125404852772253e+003	
  2.3340000000000000e+004	  3.2136241013367485e+003	 -3.7290822062713714e+003	
  2.3370000000000000e+004	  3.1901635643433301e+003	 -3.7300172698969677e+003	
  2.3400000000000000e+004	  3.1672317715182980e+003	 -3.7202213648021179e+003	
  2.3430000000000000e+004	  3.1481382636939743e+003	 -3.7135423388065319e+003	
  2.3460000000000000e+004	  3.1077187762383865e+003	 -3.7066406785435656e+003	
  2.3490000000000000e+004	  3.0793037200605399e+003	 -3.7315979722690463e+003	
  2.3520000000000000e+004	  3.0853157268895620e+003	 -3.7360506559482078e+003	
  2.3550000000000000e+004	  3.0875090316230712e+003	 -3.7403474970586917e+003	
  2.3580000000000000e+004	  3.0662026356977121e+003	 -3.7431749506205406e+003	
  2.3610000000000000e+004	  3.0090004440393595e+003	 -3.7592936678479650e+003	
  2.3640000000000000e+004	  2.9464324859663102e+003	 -3.7769262963548413e+003	
  2.3670000000000000e+004	  2.8945177276556069e+003	 -3.8039763505731980e+003	
  2.3700000000000000e+004	  2.8517874350793404e+003	 -3.8489484588879195e+003	
  2.3730000000000000e+004	  2.8164007995849506e+003	 -3.8951005286618615e+003	
  2.3760000000000000e+004	  2.7877115798888176e+003	 -3.9512488736971800e+003	
  2.3790000000000000e+004	  2.7674039196063341e+003	 -3.9906106005482625e+003	
  2.3820000000000000e+004	  2.7863995128306897e+003	 -4.0078424870544600e+003	
  2.3850000000000000e+004	  2.7883969872688685e+003	 -4.0159018450794510e+003	
  2.3880000000000000e+004	  2.7699888877527533e+003	 -4.0290149997618391e+003	
  2.3910000000000000e+004	  2.7748063259899136e+003	 -4.0442654411590493e+003	
  2.3940000000000000e+004	  2.7911190366249230e+003	 -4.0646809981113702e+003	
  2.3970000000000000e+004	  2.8091942248740061e+003	 -4.0765696638949535e+003	
  2.4000000000000000e+004	  2.8202195017240947e+003	 -4.0726067754018586e+003	
  2.4030000000000000e+004	  2.8211986565049465e+003	 -4.0733859943639172e+003	
  2.4060000000000000e+004	  2.8220407286967516e+003	 -4.0748776442713306e+003	
  2.4090000000000000e+004	  2.8220603110492966e+003	 -4.0752115956486682e+003	
  2.4120000000000000e+004	  2.8218253147482333e+003	 -4.0750557518340202e+003	
  2.4150000000000000e+004	  2.8215315682717551e+003	 -4.0744769036089042e+003	
  2.4180000000000000e+004	  2.8215707347629550e+003	 -4.0747885909499564e+003	
  2.4210000000000000e+004	  2.8221190602971778e+003	 -4.0749221713240972e+003	
  2.4240000000000000e+004	  2.8225694708484639e+003	 -4.0744991672489246e+003	
  2.4270000000000000e+004	  2.8225303048630512e+003	 -4.0734527860712542e+003	
  2.4300000000000000e+004	  2.8222561417069765e+003	 -4.0730297802819564e+003	
  2.4330000000000000e+004	  2.8216882337984262e+003	 -4.0722950878101847e+003	
  2.4360000000000000e+004	  2.8212965716157364e+003	 -4.0720724538225018e+003	
  2.4390000000000000e+004	  2.8212182394418805e+003	 -4.0716271848212405e+003	
  2.4420000000000000e+004	  2.8213553211673661e+003	 -4.0718720836288931e+003	
  2.4450000000000000e+004	  2.8209244927948748e+003	 -4.0715603946994102e+003	
  2.4480000000000000e+004	  2.8213161547996128e+003	 -4.0717162391586144e+003	
  2.4510000000000000e+004	  2.8207090789084386e+003	 -4.0730743076119456e+003	
  2.4540000000000000e+004	  2.8211399069533168e+003	 -4.0735195753894077e+003	
  2.4570000000000000e+004	  2.8216294838425615e+003	 -4.0715381319618709e+003	
  2.4600000000000000e+004	  2.8222169755642981e+003	 -4.0719611357867857e+003	
  2.4630000000000000e+004	  2.8219623959056503e+003	 -4.0711819168182387e+003	
  2.4660000000000000e+004	  2.8217665656686268e+003	 -4.0710483354472080e+003	
  2.4690000000000000e+004	  2.8136395853866829e+003	 -4.0702691162532087e+003	
  2.4720000000000000e+004	  2.7920394422362419e+003	 -4.0667069686784102e+003	
  2.4750000000000000e+004	  2.7676389169636709e+003	 -4.0514342628314175e+003	
  2.4780000000000000e+004	  2.7427683995339371e+003	 -4.0340242680570400e+003	
  2.4810000000000000e+004	  2.7292952365990559e+003	 -4.0162803237157050e+003	
  2.4840000000000000e+004	  2.7174670542561553e+003	 -3.9949742305744571e+003	
  2.4870000000000000e+004	  2.7066180241175907e+003	 -3.9755382647512915e+003	
  2.4900000000000000e+004	  2.7149408349601240e+003	 -3.9613564672593175e+003	
  2.4930000000000000e+004	  2.7389301141703208e+003	 -3.9471746679042890e+003	
  2.4960000000000000e+004	  2.7487216564446908e+003	 -3.9216385247904777e+003	
  2.4990000000000000e+004	  2.7428271481794018e+003	 -3.8940541474088022e+003	
  2.5020000000000000e+004	  2.7397330206972356e+003	 -3.8708556646499710e+003	
  2.5050000000000000e+004	  2.7640160458329892e+003	 -3.8559836999524259e+003	
  2.5080000000000000e+004	  2.7690489001821584e+003	 -3.8321173126596282e+003	
  2.5110000000000000e+004	  2.7431404780027287e+003	 -3.8091414634408065e+003	
  2.5140000000000000e+004	  2.7337014319471864e+003	 -3.8168000792307839e+003	
  2.5170000000000000e+004	  2.7299806445560753e+003	 -3.8161321770201043e+003	
  2.5200000000000000e+004	  2.7295498161962305e+003	 -3.8167778170360871e+003	
  2.5230000000000000e+004	  2.7316256244343394e+003	 -3.8135941483814722e+003	
  2.5260000000000000e+004	  2.7344064219565253e+003	 -3.8137722554912953e+003	
  2.5290000000000000e+004	  2.7343085064215388e+003	 -3.8137722554317356e+003	
  2.5320000000000000e+004	  2.7341126750676040e+003	 -3.8157536994498573e+003	
  2.5350000000000000e+004	  2.7332706026317946e+003	 -3.8180690957971092e+003	
  2.5380000000000000e+004	  2.7321739496890923e+003	 -3.8179800419336434e+003	
  2.5410000000000000e+004	  2.7389692805996697e+003	 -3.8141507348539321e+003	
  2.5440000000000000e+004	  2.7395567732585896e+003	 -3.8096089965258811e+003	
  2.5470000000000000e+004	  2.7270627645988761e+003	 -3.8154197488356813e+003	
  2.5500000000000000e+004	  2.7272390129365244e+003	 -3.8203844912424493e+003	
  2.5530000000000000e+004	  2.7241057191315849e+003	 -3.8177351445994254e+003	
  2.5560000000000000e+004	  2.7290014899086227e+003	 -3.8209633398545966e+003	
  2.5590000000000000e+004	  2.7335251834038800e+003	 -3.8134828317961001e+003	
  2.5620000000000000e+004	  2.7551449096765982e+003	 -3.8192713205523878e+003	
  2.5650000000000000e+004	  2.7615094109218453e+003	 -3.8442063502492929e+003	
  2.5680000000000000e+004	  2.7412017523367749e+003	 -3.8632193117282891e+003	
  2.5710000000000000e+004	  2.7392826103338170e+003	 -3.8850151991309299e+003	
  2.5740000000000000e+004	  2.7530886842438240e+003	 -3.9152934508443382e+003	
  2.5770000000000000e+004	  2.7367172252410173e+003	 -3.9462841312121213e+003	
  2.5800000000000000e+004	  2.7146079223162642e+003	 -3.9699724095532961e+003	
  2.5830000000000000e+004	  2.7261619438248345e+003	 -4.0001838700484964e+003	
  2.5860000000000000e+004	  2.7362863978978367e+003	 -4.0188628802470862e+003	
  2.5890000000000000e+004	  2.7628214784928728e+003	 -4.0397459677951942e+003	
  2.5920000000000000e+004	  2.7879857434468322e+003	 -4.0585808201292521e+003	
  2.5950000000000000e+004	  2.8174191200482796e+003	 -4.0758127087151524e+003	
  2.5980000000000000e+004	  2.8454816811819778e+003	 -4.0861429349197192e+003	
  2.6010000000000000e+004	  2.8833749513243260e+003	 -4.0905510931463491e+003	
  2.6040000000000000e+004	  2.9181349278890207e+003	 -4.0954267810746578e+003	
  2.6070000000000000e+004	  2.9500357736570068e+003	 -4.0974972791984146e+003	
  2.6100000000000000e+004	  2.9673472205565640e+003	 -4.1064471738547072e+003	
  2.6130000000000000e+004	  2.9979751666520615e+003	 -4.1121688728881772e+003	
  2.6160000000000000e+004	  3.0280939508624656e+003	 -4.1261725644033313e+003	
  2.6190000000000000e+004	  3.0430554283432052e+003	 -4.1466771741183766e+003	
  2.6220000000000000e+004	  3.0590548091143387e+003	 -4.1440946170820125e+003	
  2.6250000000000000e+004	  3.0654388945151964e+003	 -4.1361688401409647e+003	
  2.6280000000000000e+004	  3.0527098893480679e+003	 -4.1518422876553359e+003	
  2.6310000000000000e+004	  3.0573510800510508e+003	 -4.1376604886520654e+003	
  2.6340000000000000e+004	  3.0630497589775664e+003	 -4.1386846064242227e+003	
  2.6370000000000000e+004	  3.0543548683547983e+003	 -4.1265733053242020e+003	
  2.6400000000000000e+004	  3.0628343441264569e+003	 -4.1155529121209738e+003	
  2.6430000000000000e+004	  3.0618943566531852e+003	 -4.1308033556505561e+003	
  2.6460000000000000e+004	  3.0646947373140938e+003	 -4.1310705167783171e+003	
  2.6490000000000000e+004	  3.0670055415563538e+003	 -4.1398423044912979e+003	
  2.6520000000000000e+004	  3.0594268878653543e+003	 -4.1474118665830192e+003	
  2.6550000000000000e+004	  3.0614047799776299e+003	 -4.1381057572187519e+003	
  2.6580000000000000e+004	  3.0657130584901324e+003	 -4.1375491720825039e+003	
  2.6610000000000000e+004	  3.0628343449650047e+003	 -4.1373933281736781e+003	
  2.6640000000000000e+004	  3.0530036354450049e+003	 -4.1376382250568095e+003	
  2.6670000000000000e+004	  3.0486561912017360e+003	 -4.1410445290996458e+003	
  2.6700000000000000e+004	  3.0565677573665498e+003	 -4.1360129952686866e+003	
  2.6730000000000000e+004	  3.0561173470554613e+003	 -4.1349888788040371e+003	
  2.6760000000000000e+004	  3.0531015510632592e+003	 -4.1393970356942636e+003	
  2.6790000000000000e+004	  3.0464433020018437e+003	 -4.1330742241363096e+003	
  2.6820000000000000e+004	  3.0572139983988436e+003	 -4.1235009541308054e+003	
  2.6850000000000000e+004	  3.0567831715023867e+003	 -4.1284211688967143e+003	
  2.6880000000000000e+004	  3.0543744525215707e+003	 -4.1286660674505420e+003	
  2.6910000000000000e+004	  3.0557452674823403e+003	 -4.1304916680659753e+003	
  2.6940000000000000e+004	  3.0564110925941568e+003	 -4.1338534433744371e+003	
  2.6970000000000000e+004	  3.0577623256579827e+003	 -4.1353228297393734e+003	
  2.7000000000000000e+004	  3.0543940343518234e+003	 -4.1416456407824571e+003	
  2.7030000000000000e+004	  3.0542961203917594e+003	 -4.1409554747810207e+003	
  2.7060000000000000e+004	  3.0567440043392066e+003	 -4.1335862833226538e+003	
  2.7090000000000000e+004	  3.0541982035247320e+003	 -4.1362801562707846e+003	
  2.7120000000000000e+004	  3.0536107100112431e+003	 -4.1470556517893128e+003	
  2.7150000000000000e+004	  3.0524748925727108e+003	 -4.1462986957650310e+003	
  2.7180000000000000e+004	  3.0492241001021994e+003	 -4.1322282138738756e+003	
  2.7210000000000000e+004	  3.0463453874828583e+003	 -4.1156642299538771e+003	
  2.7240000000000000e+004	  3.0449549878636053e+003	 -4.1089184138888904e+003	
  2.7270000000000000e+004	  3.0419783584066658e+003	 -4.1075158179261034e+003	
  2.7300000000000000e+004	  3.0466587158362308e+003	 -4.1191150590655288e+003	
  2.7330000000000000e+004	  3.0531211334174641e+003	 -4.1289109642441954e+003	
  2.7360000000000000e+004	  3.0526511410440348e+003	 -4.1293784965994482e+003	
  2.7390000000000000e+004	  3.0543548686564477e+003	 -4.1226104165578654e+003	
  2.7420000000000000e+004	  3.0555690199357941e+003	 -4.1363914744685044e+003	
  2.7450000000000000e+004	  3.0573902465625520e+003	 -4.1389962939577099e+003	
  2.7480000000000000e+004	  3.0560390144192324e+003	 -4.1381502841906422e+003	
  2.7510000000000000e+004	  3.0566460895548844e+003	 -4.1402430444307392e+003	
  2.7540000000000000e+004	  3.0575273287086320e+003	 -4.1450519445970913e+003	
  2.7570000000000000e+004	  3.0556473527911007e+003	 -4.1395306163224323e+003	
  2.7600000000000000e+004	  3.0549423606708915e+003	 -4.1366363717342147e+003	
  2.7630000000000000e+004	  3.0527294737110906e+003	 -4.1360129959770193e+003	
  2.7660000000000000e+004	  3.0558823493612595e+003	 -4.1363914737155083e+003	
  2.7690000000000000e+004	  3.0674755361627090e+003	 -4.1413339526368818e+003	
  2.7720000000000000e+004	  3.0641268284505286e+003	 -4.1399313582113955e+003	
  2.7750000000000000e+004	  3.0586631477244018e+003	 -4.1391076109244577e+003	
  2.7780000000000000e+004	  3.0613264464514868e+003	 -4.1396196691736104e+003	
  2.7810000000000000e+004	  3.0599947970289786e+003	 -4.1409109475364576e+003	
  2.7840000000000000e+004	  3.0447395739059202e+003	 -4.1350779321748141e+003	
  2.7870000000000000e+004	  3.0348109494329656e+003	 -4.1144842689596899e+003	
  2.7900000000000000e+004	  3.0518678169307982e+003	 -4.1048664714041734e+003	
  2.7930000000000000e+004	  3.0803220400316122e+003	 -4.0973414346002110e+003	
  2.7960000000000000e+004	  3.1095400033211258e+003	 -4.0948924591055561e+003	
  2.7990000000000000e+004	  3.1465128672059732e+003	 -4.0849184467920109e+003	
  2.8020000000000000e+004	  3.1826436605951440e+003	 -4.0783284741839029e+003	
  2.8050000000000000e+004	  3.2142115927951199e+003	 -4.0649704230017865e+003	
  2.8080000000000000e+004	  3.2477770012238980e+003	 -4.0451114517170872e+003	
  2.8110000000000000e+004	  3.2777195385333935e+003	 -4.0159018449112964e+003	
  2.8140000000000000e+004	  3.2982034462984243e+003	 -3.9776755531004956e+003	
  2.8170000000000000e+004	  3.2813619917955343e+003	 -3.9403397977749023e+003	
  2.8200000000000000e+004	  3.2634434686765590e+003	 -3.9057869698928553e+003	
  2.8230000000000000e+004	  3.2697492228367018e+003	 -3.8900022052390887e+003	
  2.8260000000000000e+004	  3.2737637550220925e+003	 -3.8870411713888616e+003	
  2.8290000000000000e+004	  3.2742141676919400e+003	 -3.8870411711040988e+003	
  2.8320000000000000e+004	  3.2725496034111229e+003	 -3.8837239210104190e+003	
  2.8350000000000000e+004	  3.2734112599157907e+003	 -3.8843250335028220e+003	
  2.8380000000000000e+004	  3.2747624921018732e+003	 -3.8862174238861116e+003	
  2.8410000000000000e+004	  3.2749387400231540e+003	 -3.8860393165134351e+003	
  2.8440000000000000e+004	  3.2750366557722059e+003	 -3.8852600968357669e+003	
  2.8470000000000000e+004	  3.2753891513671615e+003	 -3.8849484089525859e+003	
  2.8500000000000000e+004	  3.2745666614453448e+003	 -3.8854382046457877e+003	
  2.8530000000000000e+004	  3.2750366554672241e+003	 -3.8859725256407241e+003	
  2.8560000000000000e+004	  3.2758199787119006e+003	 -3.8857053653313742e+003	
  2.8590000000000000e+004	  3.2753108190546436e+003	 -3.8855940479307174e+003	
  2.8620000000000000e+004	  3.2743512476911742e+003	 -3.8855495214507769e+003	
  2.8650000000000000e+004	  3.2734895920503213e+003	 -3.8859725261768167e+003	
  2.8680000000000000e+004	  3.2731958457576466e+003	 -3.8851710429576606e+003	
  2.8710000000000000e+004	  3.2734308431782665e+003	 -3.8847925656546831e+003	
  2.8740000000000000e+004	  3.2734308431782665e+003	 -3.8847925656546831e+003	
  2.8770000000000000e+004	  3.2735679245238316e+003	 -3.8841246619172866e+003	
  2.8800000000000000e+004	  3.2734504261695124e+003	 -3.8847480373670928e+003	
  2.8830000000000000e+004	  3.2740770845611746e+003	 -3.8862842140789144e+003	
  2.8860000000000000e+004	  3.2742533332677349e+003	 -3.8873083313367324e+003	
  2.8890000000000000e+004	  3.2743120816314267e+003	 -3.8874641750823371e+003	
  2.8920000000000000e+004	  3.2744099967807961e+003	 -3.8877090723807314e+003	
  2.8950000000000000e+004	  3.2744099967807961e+003	 -3.8877981256837252e+003	
  2.8980000000000000e+004	  3.2741554175713513e+003	 -3.8878649159288943e+003	
  2.9010000000000000e+004	  3.2743120816314267e+003	 -3.8879762331827696e+003	
  2.9040000000000000e+004	  3.2740575014296155e+003	 -3.8880875507342885e+003	
  2.9070000000000000e+004	  3.2742141676919400e+003	 -3.8880207601319453e+003	
  2.9100000000000000e+004	  3.2742729160556319e+003	 -3.8876200190181953e+003	
  2.9130000000000000e+004	  3.2742533332677349e+003	 -3.8872415412876376e+003	
  2.9160000000000000e+004	  3.2743316651452537e+003	 -3.8872415412876376e+003	
  2.9190000000000000e+004	  3.2743512476911742e+003	 -3.8871970147073398e+003	
  2.9220000000000000e+004	  3.2742141676919400e+003	 -3.8871970147073398e+003	
  2.9250000000000000e+004	  3.2742141676919400e+003	 -3.8871747514171911e+003	
  2.9280000000000000e+004	  3.2739987527609146e+003	 -3.8874196482638536e+003	
  2.9310000000000000e+004	  3.2741750009448810e+003	 -3.8875087020198980e+003	
  2.9340000000000000e+004	  3.2743512476911742e+003	 -3.8876868089061290e+003	
  2.9370000000000000e+004	  3.2743120816314267e+003	 -3.8877313356171676e+003	
  2.9400000000000000e+004	  3.2745666620262118e+003	 -3.8875754924262401e+003	
  2.9430000000000000e+004	  3.2813424089039117e+003	 -3.8917387513714543e+003	
  2.9460000000000000e+004	  3.2811857444554953e+003	 -3.8924066541424754e+003	
  2.9490000000000000e+004	  3.2807353339713191e+003	 -3.8905365267534617e+003	
  2.9520000000000000e+004	  3.2804807535180344e+003	 -3.8915161179519332e+003	
  2.9550000000000000e+004	  3.2796974302568078e+003	 -3.8910708491023238e+003	
  2.9580000000000000e+004	  3.2772691278060811e+003	 -3.8918055419690827e+003	
  2.9610000000000000e+004	  3.2733525100237543e+003	 -3.8903361559177865e+003	
  2.9640000000000000e+004	  3.2773082942515334e+003	 -3.8942545179093490e+003	
  2.9670000000000000e+004	  3.2764074717004492e+003	 -3.8941877284282336e+003	
  2.9700000000000000e+004	  3.2779937017734110e+003	 -3.8912266935823013e+003	
  2.9730000000000000e+004	  3.2598793473200358e+003	 -3.8821654818531197e+003	
  2.9760000000000000e+004	  3.2454270309108942e+003	 -3.8541358359004480e+003	
  2.9790000000000000e+004	  3.2356746553146609e+003	 -3.8297128651396160e+003	
  2.9820000000000000e+004	  3.2156999074850560e+003	 -3.8030635500857652e+003	
  2.9850000000000000e+004	  3.2002684371270079e+003	 -3.7715830747261252e+003	
  2.9880000000000000e+004	  3.1907510568315010e+003	 -3.7441322782821453e+003	
  2.9910000000000000e+004	  3.1740662688677248e+003	 -3.7205330520857592e+003	
  2.9940000000000000e+004	  3.1434187410688801e+003	 -3.7004514485656605e+003	
  2.9970000000000000e+004	  3.1584585489043670e+003	 -3.6691936062654845e+003	
  3.0000000000000000e+004	  3.1438299840507721e+003	 -3.6541657975292428e+003	
  3.0030000000000000e+004	  3.1193707101998793e+003	 -3.6374237060231985e+003	
  3.0060000000000000e+004	  3.1215052675461593e+003	 -3.6275832746809001e+003	
  3.0090000000000000e+004	  3.1492936656621669e+003	 -3.6517836112589284e+003	
  3.0120000000000000e+004	  3.1738312718620064e+003	 -3.6739802407543334e+003	
  3.0150000000000000e+004	  3.1768666500498048e+003	 -3.6786778228820549e+003	
  3.0180000000000000e+004	  3.1687984185495443e+003	 -3.6545665397296498e+003	
  3.0210000000000000e+004	  3.1800782762810750e+003	 -3.6587743260744087e+003	
  3.0240000000000000e+004	  3.1862273641050620e+003	 -3.6617576247465272e+003	
  3.0270000000000000e+004	  3.1893410753296289e+003	 -3.6594199651446152e+003	
  3.0300000000000000e+004	  3.1874023494931280e+003	 -3.6560581893784533e+003	
  3.0330000000000000e+004	  3.1924547858724650e+003	 -3.6651861912873574e+003	
  3.0360000000000000e+004	  3.1653126291201506e+003	 -3.6567038272586483e+003	
  3.0390000000000000e+004	  3.1755545836931901e+003	 -3.6548337002310886e+003	
  3.0420000000000000e+004	  3.1731654464120029e+003	 -3.6520062459881069e+003	
  3.0450000000000000e+004	  3.1737529393439590e+003	 -3.6555238675875598e+003	
  3.0480000000000000e+004	  3.1787074592676108e+003	 -3.6527854655052024e+003	
  3.0510000000000000e+004	  3.1793145355189104e+003	 -3.6519617190818999e+003	
  3.0540000000000000e+004	  3.1826632433605905e+003	 -3.6544774850248896e+003	
  3.0570000000000000e+004	  3.1913777152479679e+003	 -3.6575943642288767e+003	
  3.0600000000000000e+004	  3.1912798008133836e+003	 -3.6516055047287664e+003	
  3.0630000000000000e+004	  3.1890669118076594e+003	 -3.6509821290055343e+003	
  3.0660000000000000e+004	  3.1774541431795747e+003	 -3.6564144032302370e+003	
  3.0690000000000000e+004	  3.1843669713859649e+003	 -3.6553902858827323e+003	
  3.0720000000000000e+004	  3.2213594192346436e+003	 -3.6280062793291545e+003	
  3.0750000000000000e+004	  3.2350088295156784e+003	 -3.6106853388853460e+003	
  3.0780000000000000e+004	  3.2257068641366554e+003	 -3.6122437786141936e+003	
  3.0810000000000000e+004	  3.2112937132578268e+003	 -3.6166074083264912e+003	
  3.0840000000000000e+004	  3.1890864947408577e+003	 -3.6528299937322204e+003	
  3.0870000000000000e+004	  3.1787074596719262e+003	 -3.6603772917767346e+003	
  3.0900000000000000e+004	  3.1813511759878156e+003	 -3.6568151455278376e+003	
  3.0930000000000000e+004	  3.1790991207079701e+003	 -3.6611119846092997e+003	
  3.0960000000000000e+004	  3.1816057566532409e+003	 -3.6631379556211314e+003	
  3.0990000000000000e+004	  3.1846411350376356e+003	 -3.6605553995425266e+003	
  3.1020000000000000e+004	  3.1783941295399727e+003	 -3.6614236730648131e+003	
  3.1050000000000000e+004	  3.1754175012383907e+003	 -3.6624923176100442e+003	
  3.1080000000000000e+004	  3.1794907827801280e+003	 -3.6569932524058604e+003	
  3.1110000000000000e+004	  3.1670163579306100e+003	 -3.6632715366599123e+003	
  3.1140000000000000e+004	  3.1617876736455282e+003	 -3.6642956539827442e+003	
  3.1170000000000000e+004	  3.1736746072315555e+003	 -3.6612010385307476e+003	
  3.1200000000000000e+004	  3.1792362033244863e+003	 -3.6582622671466183e+003	
  3.1230000000000000e+004	  3.1813903429112052e+003	 -3.6606221903777432e+003	
  3.1260000000000000e+004	  3.1741250176099179e+003	 -3.6559246091066393e+003	
  3.1290000000000000e+004	  3.1748300094745705e+003	 -3.6567260911631297e+003	
  3.1320000000000000e+004	  3.1749866737125876e+003	 -3.6605553997567285e+003	
  3.1350000000000000e+004	  3.1498811592055440e+003	 -3.6466852905677601e+003	
  3.1380000000000000e+004	  3.1606322726994040e+003	 -3.6489561575555576e+003	
  3.1410000000000000e+004	  3.1760833265452684e+003	 -3.6523847240247974e+003	
  3.1440000000000000e+004	  3.1769841481103294e+003	 -3.6578392616790416e+003	
  3.1470000000000000e+004	  3.1781395505985906e+003	 -3.6563030865768319e+003	
  3.1500000000000000e+004	  3.1762008254538455e+003	 -3.6614904628285722e+003	
  3.1530000000000000e+004	  3.1818995035365233e+003	 -3.6624032637457990e+003	
  3.1560000000000000e+004	  3.1800391092908744e+003	 -3.6575275744175465e+003	
  3.1590000000000000e+004	  3.1815861722838649e+003	 -3.6640507573501104e+003	
  3.1620000000000000e+004	  3.1994459462895989e+003	 -3.6600878677906794e+003	
  3.1650000000000000e+004	  3.2075925096155925e+003	 -3.6573494675176785e+003	
  3.1680000000000000e+004	  3.2131149405972219e+003	 -3.6575275746909183e+003	
  3.1710000000000000e+004	  3.1945305928129478e+003	 -3.6583067941312811e+003	
  3.1740000000000000e+004	  3.1865015273168019e+003	 -3.6668336835822388e+003	
  3.1770000000000000e+004	  3.1803916051032234e+003	 -3.6567928816734102e+003	
  3.1800000000000000e+004	  3.1779828861572328e+003	 -3.6660544642559880e+003	
  3.1830000000000000e+004	  3.1790207892692229e+003	 -3.6630934282037670e+003	
  3.1860000000000000e+004	  3.1792166193421567e+003	 -3.6676129042644670e+003	
  3.1890000000000000e+004	  3.1725387881568327e+003	 -3.6620915760058078e+003	
  3.1920000000000000e+004	  3.1843278056908048e+003	 -3.6657650398744468e+003	
  3.1950000000000000e+004	  3.1801761914671679e+003	 -3.6574607831468470e+003	
  3.1980000000000000e+004	  3.1773366440052023e+003	 -3.6553902862425675e+003	
  3.2010000000000000e+004	  3.1774933089105862e+003	 -3.6646741324927730e+003	
  3.2040000000000000e+004	  3.1724800392368829e+003	 -3.6587520632817541e+003	
  3.2070000000000000e+004	  3.1720492106322381e+003	 -3.6590414859408147e+003	
  3.2100000000000000e+004	  3.1681325942606331e+003	 -3.6596425994316655e+003	
  3.2130000000000000e+004	  3.1740858518687392e+003	 -3.6587743260884040e+003	
  3.2160000000000000e+004	  3.1725192046410584e+003	 -3.6577056815783872e+003	
  3.2190000000000000e+004	  3.1859336188459702e+003	 -3.6580396332804585e+003	
  3.2220000000000000e+004	  3.1951964181056524e+003	 -3.6601546578874959e+003	
  3.2250000000000000e+004	  3.1869911051645809e+003	 -3.6610006679245403e+003	
  3.2280000000000000e+004	  3.1763183236030964e+003	 -3.6687928659027157e+003	
  3.2310000000000000e+004	  3.1874415143920442e+003	 -3.6563030866199247e+003	
  3.2340000000000000e+004	  3.1791774540406018e+003	 -3.6592195945626713e+003	
  3.2370000000000000e+004	  3.1669184424967175e+003	 -3.6629375855435233e+003	
  3.2400000000000000e+004	  3.1746929282219980e+003	 -3.6570155158125149e+003	
  3.2430000000000000e+004	  3.1723821235774853e+003	 -3.6619802581136769e+003	
  3.2460000000000000e+004	  3.1704042311577532e+003	 -3.6572158868800484e+003	
  3.2490000000000000e+004	  3.1751629213793035e+003	 -3.6580173688521741e+003	
  3.2520000000000000e+004	  3.1706783943392538e+003	 -3.6544329600991246e+003	
  3.2550000000000000e+004	  3.1722254578872980e+003	 -3.6567038278071764e+003	
  3.2580000000000000e+004	  3.1745166792986115e+003	 -3.6547223841678547e+003	
  3.2610000000000000e+004	  3.1762008252503156e+003	 -3.6490452117237046e+003	
  3.2640000000000000e+004	  3.1759462450390629e+003	 -3.6469079239063967e+003	
  3.2670000000000000e+004	  3.1852482103135590e+003	 -3.6430563518389949e+003	
  3.2700000000000000e+004	  3.1915147975788823e+003	 -3.6479988314312222e+003	
  3.2730000000000000e+004	  3.1945501760684738e+003	 -3.6386259299654353e+003	
  3.2760000000000000e+004	  3.2025596579417188e+003	 -3.6306111004793916e+003	
  3.2790000000000000e+004	  3.2347150834149475e+003	 -3.6305665722250510e+003	
  3.2820000000000000e+004	  3.2266076864584443e+003	 -3.6387595113435395e+003	
  3.2850000000000000e+004	  3.2052621243200920e+003	 -3.6587965890265032e+003	
  3.2880000000000000e+004	  3.1851698773340877e+003	 -3.6641843377431687e+003	
  3.2910000000000000e+004	  3.1930422785107075e+003	 -3.6679913815031568e+003	
  3.2940000000000000e+004	  3.1972918072274524e+003	 -3.6706184644198097e+003	
  3.2970000000000000e+004	  3.1895760724253500e+003	 -3.6651416649644584e+003	
  3.3000000000000000e+004	  3.1862665301950860e+003	 -3.6559246087360925e+003	
  3.3030000000000000e+004	  3.1727542024167096e+003	 -3.6504700707380543e+003	
  3.3060000000000000e+004	  3.1792362034047974e+003	 -3.6476871426816301e+003	
  3.3090000000000000e+004	  3.1838578121665805e+003	 -3.6468856602985006e+003	
  3.3120000000000000e+004	  3.1744383473385924e+003	 -3.6534311045717245e+003	
  3.3150000000000000e+004	  3.1795299493955367e+003	 -3.6582400036242207e+003	
  3.3180000000000000e+004	  3.1832115699149540e+003	 -3.6592195939086355e+003	
  3.3210000000000000e+004	  3.1731654458823132e+003	 -3.6583290577339008e+003	
  3.3240000000000000e+004	  3.1702084007373410e+003	 -3.6603105016649884e+003	
  3.3270000000000000e+004	  3.1764945710293605e+003	 -3.6754273633474104e+003	
  3.3300000000000000e+004	  3.1775324744503873e+003	 -3.6641620732662682e+003	
  3.3330000000000000e+004	  3.1799216105375858e+003	 -3.6812826432679067e+003	
  3.3360000000000000e+004	  3.1737725220085554e+003	 -3.6816611221264525e+003	
  3.3390000000000000e+004	  3.1672317723088272e+003	 -3.6814162232398130e+003	
  3.3420000000000000e+004	  3.1666246961942497e+003	 -3.6764737448938890e+003	
  3.3450000000000000e+004	  3.1564023259740388e+003	 -3.6621806298654601e+003	
  3.3480000000000000e+004	  3.1412058510831789e+003	 -3.6551008620022722e+003	
  3.3510000000000000e+004	  3.1204477804622102e+003	 -3.6315461628972903e+003	
  3.3540000000000000e+004	  3.1009234454168118e+003	 -3.6116649282571116e+003	
  3.3570000000000000e+004	  3.0629518427658595e+003	 -3.5952345254980296e+003	
  3.3600000000000000e+004	  3.0236485904599936e+003	 -3.5874868551243389e+003	
  3.3630000000000000e+004	  3.0089808607276218e+003	 -3.5654905957327778e+003	
  3.3660000000000000e+004	  3.0071596329347240e+003	 -3.5635314140915389e+003	
  3.3690000000000000e+004	  3.0032234331109989e+003	 -3.5552048967922615e+003	
  3.3720000000000000e+004	  3.0214944518661009e+003	 -3.5216093955384431e+003	
  3.3750000000000000e+004	  3.0333030520656312e+003	 -3.5042661913761826e+003	
  3.3780000000000000e+004	  3.0353313000735238e+003	 -3.4860483514480834e+003	
  3.3810000000000000e+004	  3.0467454417502722e+003	 -3.4598570286282229e+003	
  3.3840000000000000e+004	  3.0581595834270215e+003	 -3.4336657058083633e+003	
  3.3870000000000000e+004	  3.0623056013142077e+003	 -3.4191754011647145e+003	
  3.3900000000000000e+004	  3.0654584778705439e+003	 -3.4495204431401726e+003	
  3.3930000000000000e+004	  3.0587023132310401e+003	 -3.4470937294709574e+003	
  3.3960000000000000e+004	  3.0522596500093055e+003	 -3.4524887031319295e+003	
  3.3990000000000000e+004	  3.0448258078303811e+003	 -3.4587136727407428e+003	
  3.4020000000000000e+004	  3.0373919656514558e+003	 -3.4649386423495557e+003	
  3.4050000000000000e+004	  3.0299581234725315e+003	 -3.4711636119583691e+003	
  3.4080000000000000e+004	  3.0225242812936062e+003	 -3.4773885815671824e+003	
  3.4110000000000000e+004	  3.0150904391146819e+003	 -3.4836135511759958e+003	
  3.4140000000000000e+004	  3.0076565969357571e+003	 -3.4898385207848091e+003	
  3.4170000000000000e+004	  3.0111349994750117e+003	 -3.5048227774191837e+003	
  3.4200000000000000e+004	  3.0129758091088920e+003	 -3.5446742968314634e+003	
  3.4230000000000000e+004	  3.0123099856212566e+003	 -3.5687410547537829e+003	
  3.4260000000000000e+004	  3.0115070775995860e+003	 -3.5697206463387943e+003	
  3.4290000000000000e+004	  3.0137982995233529e+003	 -3.5717911438987053e+003	
  3.4320000000000000e+004	  3.0146795380993849e+003	 -3.5744627538642162e+003	
  3.4350000000000000e+004	  3.0105670893863416e+003	 -3.6099283833313575e+003	
  3.4380000000000000e+004	  3.0176953325856375e+003	 -3.6566815638579828e+003	
  3.4410000000000000e+004	  3.0498507587050713e+003	 -3.6849115808320385e+003	
  3.4440000000000000e+004	  3.0582714856767948e+003	 -3.7009412425702890e+003	
  3.4470000000000000e+004	  3.0718229815387181e+003	 -3.6999616527522367e+003	
  3.4500000000000000e+004	  3.0942651966744129e+003	 -3.7031230589852994e+003	
  3.4530000000000000e+004	  3.0925223017938133e+003	 -3.7046592338729506e+003	
  3.4560000000000000e+004	  3.0931097944231128e+003	 -3.7044588633692497e+003	
  3.4590000000000000e+004	  3.0935210400480514e+003	 -3.7043920730265804e+003	
  3.4620000000000000e+004	  3.0939322842319702e+003	 -3.7030340037417031e+003	
  3.4650000000000000e+004	  3.0937364529988608e+003	 -3.7054607172288570e+003	
  3.4680000000000000e+004	  3.0941868644784995e+003	 -3.7049041323455631e+003	
  3.4710000000000000e+004	  3.0941281156234654e+003	 -3.7045479158722424e+003	
  3.4740000000000000e+004	  3.0942651966744129e+003	 -3.7043475465251540e+003	
  3.4770000000000000e+004	  3.0952443506548207e+003	 -3.7039913326364740e+003	
  3.4800000000000000e+004	  3.0955380976306233e+003	 -3.7039245424995738e+003	
  3.4830000000000000e+004	  3.0959689240164903e+003	 -3.7029894773989863e+003	
  3.4860000000000000e+004	  3.0949701877866487e+003	 -3.7010970867403075e+003	
  3.4890000000000000e+004	  3.0955772626889111e+003	 -3.7031675855750191e+003	
  3.4920000000000000e+004	  3.0952247667562560e+003	 -3.7033011653441763e+003	
  3.4950000000000000e+004	  3.0948331056767915e+003	 -3.7036351161261759e+003	
  3.4980000000000000e+004	  3.0959689243181679e+003	 -3.7028781610490055e+003	
  3.5010000000000000e+004	  3.0962626715377710e+003	 -3.7022547847714036e+003	
  3.5040000000000000e+004	  3.0960080903235894e+003	 -3.6993160143725900e+003	
  3.5070000000000000e+004	  3.1014521876136523e+003	 -3.6970674071968801e+003	
  3.5100000000000000e+004	  3.1038021580777759e+003	 -3.6965553496052680e+003	
  3.5130000000000000e+004	  3.1068179541557902e+003	 -3.6979356815965125e+003	
  3.5160000000000000e+004	  3.1075621111478349e+003	 -3.6982473678289111e+003	
  3.5190000000000000e+004	  3.1074837786141070e+003	 -3.7004737118995026e+003	
  3.5220000000000000e+004	  3.1074837786141070e+003	 -3.6968002478292392e+003	
  3.5250000000000000e+004	  3.1077775247584800e+003	 -3.6946852220689061e+003	
  3.5280000000000000e+004	  3.0992980488349622e+003	 -3.6946184319598569e+003	
  3.5310000000000000e+004	  3.0933056254111921e+003	 -3.6960878177830614e+003	
  3.5340000000000000e+004	  3.1018634336708824e+003	 -3.6957761300059674e+003	
  3.5370000000000000e+004	  3.1014521894132367e+003	 -3.6953085982402822e+003	
  3.5400000000000000e+004	  3.1008451118856378e+003	 -3.6970228811542715e+003	
  3.5430000000000000e+004	  3.1011976094038951e+003	 -3.6963327162467658e+003	
  3.5460000000000000e+004	  3.1008646968703133e+003	 -3.6948855930438376e+003	
  3.5490000000000000e+004	  3.1010996922997360e+003	 -3.6961100818650207e+003	
  3.5520000000000000e+004	  3.1004338681250861e+003	 -3.6987816923690502e+003	
  3.5550000000000000e+004	  3.1009038633799919e+003	 -3.6979579447271012e+003	
  3.5580000000000000e+004	  3.1009626103260971e+003	 -3.6964885591601792e+003	
  3.5610000000000000e+004	  3.1014717710866362e+003	 -3.6965776123356218e+003	
  3.5640000000000000e+004	  3.1017067693301587e+003	 -3.6968670383811746e+003	
  3.5670000000000000e+004	  3.1010605258616370e+003	 -3.6947297491377831e+003	
  3.5700000000000000e+004	  3.1008255292670528e+003	 -3.6937056319347807e+003	
  3.5730000000000000e+004	  3.1008059457388181e+003	 -3.6935052613036555e+003	
  3.5760000000000000e+004	  3.1010017764729164e+003	 -3.6942844800409330e+003	
  3.5790000000000000e+004	  3.1015696857633766e+003	 -3.6948188021174092e+003	
  3.5820000000000000e+004	  3.0966151665558518e+003	 -3.6952640711744739e+003	
  3.5850000000000000e+004	  3.0805178711071267e+003	 -3.6895201079298386e+003	
  3.5880000000000000e+004	  3.0569985846060945e+003	 -3.6821063904816392e+003	
  3.5910000000000000e+004	  3.0333030526614502e+003	 -3.6739134515846222e+003	
  3.5940000000000000e+004	  3.0139745456110804e+003	 -3.6464403919112337e+003	
  3.5970000000000000e+004	  3.0106454222354268e+003	 -3.6117539825968279e+003	
  3.6000000000000000e+004	  3.0071400500484701e+003	 -3.5778467943374685e+003	
  3.6030000000000000e+004	  3.0009126285134298e+003	 -3.5424479572733771e+003	
  3.6060000000000000e+004	  2.9965064342641422e+003	 -3.5039322400014739e+003	
  3.6090000000000000e+004	  2.9902006812809391e+003	 -3.4687560371514546e+003	
  3.6120000000000000e+004	  2.9970939258788630e+003	 -3.4342699988631334e+003	
  3.6150000000000000e+004	  2.9933339750239743e+003	 -3.3998952799449371e+003	
  3.6180000000000000e+004	  2.9858140705686010e+003	 -3.3664556223770560e+003	
  3.6210000000000000e+004	  2.9907098419942799e+003	 -3.3318582673989863e+003	
  3.6240000000000000e+004	  2.9962518548947619e+003	 -3.3049640553632025e+003	
  3.6270000000000000e+004	  3.0018526168697749e+003	 -3.2670939795938566e+003	
  3.6300000000000000e+004	  2.9896131891937416e+003	 -3.2264855006942839e+003	
  3.6330000000000000e+004	  2.9949397871825959e+003	 -3.1995690253256334e+003	
  3.6360000000000000e+004	  2.9976030865498069e+003	 -3.1745672049366976e+003	
  3.6390000000000000e+004	  2.9783724976205076e+003	 -3.1415950803391206e+003	
  3.6420000000000000e+004	  2.9946460410377522e+003	 -3.1091350138758417e+003	
  3.6450000000000000e+004	  2.9946460416517493e+003	 -3.0632501061107814e+003	
  3.6480000000000000e+004	  2.9935493888714218e+003	 -3.0239329062828774e+003	
  3.6510000000000000e+004	  2.9905923439240137e+003	 -2.9885340691670576e+003	
  3.6540000000000000e+004	  2.9893194437572834e+003	 -2.9644673116695371e+003	
  3.6570000000000000e+004	  2.9897894360051855e+003	 -2.9292465812249129e+003	
  3.6600000000000000e+004	  2.9870673875822890e+003	 -2.8881705706127477e+003	
  3.6630000000000000e+004	  2.9504861842624114e+003	 -2.8819813401654637e+003	
  3.6660000000000000e+004	  2.9114375128959350e+003	 -2.8809349597309242e+003	
  3.6690000000000000e+004	  2.8730742484101897e+003	 -2.8815138085341200e+003	
  3.6720000000000000e+004	  2.8367084588414432e+003	 -2.8863894970307010e+003	
  3.6750000000000000e+004	  2.8029276367348884e+003	 -2.8892837418511772e+003	
