  0.0000000000000000e+000	  6.7462785113237078e+002	  2.9235620575622484e+003	
  3.0000000000000000e+001	  7.2739072789648685e+002	  2.8800012232187105e+003	
  6.0000000000000000e+001	  7.8015360466060292e+002	  2.8364403888751731e+003	
  9.0000000000000000e+001	  8.3291648142471888e+002	  2.7928795545316352e+003	
  1.2000000000000000e+002	  8.8567935818883495e+002	  2.7493187201880974e+003	
  1.5000000000000000e+002	  9.3844223495295103e+002	  2.7057578858445595e+003	
  1.8000000000000000e+002	  9.9120511171706710e+002	  2.6621970515010216e+003	
  2.1000000000000000e+002	  1.0439679884811833e+003	  2.6186362171574838e+003	
  2.4000000000000000e+002	  1.0967308652452994e+003	  2.5750753828139464e+003	
  2.7000000000000000e+002	  1.1494937420094152e+003	  2.5315145484704080e+003	
  3.0000000000000000e+002	  1.1943628283279224e+003	  2.4977370412979521e+003	
  3.3000000000000000e+002	  1.1986157204595663e+003	  2.5087009510642124e+003	
  3.6000000000000000e+002	  1.1971324027971177e+003	  2.4987887662470184e+003	
  3.9000000000000000e+002	  1.1956490851346693e+003	  2.4888765814298245e+003	
  4.2000000000000000e+002	  1.1941657674722210e+003	  2.4789643966126305e+003	
  4.5000000000000000e+002	  1.1926824498097726e+003	  2.4690522117954365e+003	
  4.8000000000000000e+002	  1.1911991321473238e+003	  2.4591400269782421e+003	
  5.1000000000000000e+002	  1.1788149414220015e+003	  2.4861155412570229e+003	
  5.4000000000000000e+002	  1.1747085821093101e+003	  2.5068947336479391e+003	
  5.7000000000000000e+002	  1.1736904321360678e+003	  2.5055366639154499e+003	
  6.0000000000000000e+002	  1.1730041690602272e+003	  2.5107463017223495e+003	
  6.3000000000000000e+002	  1.1733529231266095e+003	  2.5168464812294455e+003	
  6.6000000000000000e+002	  1.1737748126850552e+003	  2.5072806312812668e+003	
  6.9000000000000000e+002	  1.1698653344465895e+003	  2.5069837855491151e+003	
  7.2000000000000000e+002	  1.1702928470947704e+003	  2.5235329288026946e+003	
  7.5000000000000000e+002	  1.1682171665982678e+003	  2.5289726234552154e+003	
  7.8000000000000000e+002	  1.1375095241905899e+003	  2.5480820576834731e+003	
  8.1000000000000000e+002	  1.1143001873758117e+003	  2.5625161760123360e+003	
  8.4000000000000000e+002	  1.0534980267311298e+003	  2.5884901670861223e+003	
  8.7000000000000000e+002	  1.0478447602618687e+003	  2.5871617815557256e+003	
  9.0000000000000000e+002	  1.0107300795273957e+003	  2.6227832524822502e+003	
  9.3000000000000000e+002	  1.0013923420740680e+003	  2.6256552349352651e+003	
  9.6000000000000000e+002	  1.0098131787192907e+003	  2.6252619136448220e+003	
  9.9000000000000000e+002	  9.9895103313157097e+002	  2.6248166443697887e+003	
  1.0200000000000000e+003	  9.7151158842430766e+002	  2.6380856452947937e+003	
  1.0500000000000000e+003	  8.4077204425944262e+002	  2.7181003743030774e+003	
  1.0800000000000000e+003	  8.0691993553791349e+002	  2.7562672965879533e+003	
  1.1100000000000000e+003	  7.9114141314589881e+002	  2.7425901373879710e+003	
  1.1400000000000000e+003	  7.3682503879042292e+002	  2.7643043919594070e+003	
  1.1700000000000000e+003	  7.2207029469618908e+002	  2.7774694948543397e+003	
  1.2000000000000000e+003	  7.2467474364172733e+002	  2.7814101199090683e+003	
  1.2300000000000000e+003	  7.2082151587888427e+002	  2.7787236667419443e+003	
  1.2600000000000000e+003	  6.9981724471362577e+002	  2.8160223164201116e+003	
  1.2900000000000000e+003	  6.7297968912591705e+002	  2.8261818575204334e+003	
  1.3200000000000000e+003	  6.4069136978330494e+002	  2.8597550949749830e+003	
  1.3500000000000000e+003	  6.1386506603152031e+002	  2.8710500691228094e+003	
  1.3800000000000000e+003	  6.1051878534755087e+002	  2.8619820336845114e+003	
  1.4100000000000000e+003	  6.0881991626110027e+002	  2.8515824764580220e+003	
  1.4400000000000000e+003	  6.0712104717464956e+002	  2.8411829192315322e+003	
  1.4700000000000000e+003	  6.0542217808819885e+002	  2.8307833620050428e+003	
  1.5000000000000000e+003	  6.0372330900174825e+002	  2.8203838047785530e+003	
  1.5300000000000000e+003	  6.0202443991529765e+002	  2.8099842475520632e+003	
  1.5600000000000000e+003	  6.0032557082884694e+002	  2.7995846903255738e+003	
  1.5900000000000000e+003	  5.9862670174239634e+002	  2.7891851330990839e+003	
  1.6200000000000000e+003	  5.9692783265594574e+002	  2.7787855758725941e+003	
  1.6500000000000000e+003	  5.9522896356949502e+002	  2.7683860186461047e+003	
  1.6800000000000000e+003	  5.9514460044574332e+002	  2.8125789098891314e+003	
  1.7100000000000000e+003	  5.7632849372682927e+002	  2.8151392010217742e+003	
  1.7400000000000000e+003	  5.8974445801349634e+002	  2.8178108130723840e+003	
  1.7700000000000000e+003	  5.8957571280413958e+002	  2.8148052509241802e+003	
  1.8000000000000000e+003	  5.8864756273696423e+002	  2.8148052509241802e+003	
  1.8300000000000000e+003	  5.8544122746601386e+002	  2.8141373489946259e+003	
  1.8600000000000000e+003	  5.8037860482172005e+002	  2.8148052509241802e+003	
  1.8900000000000000e+003	  5.8248803102415104e+002	  2.8125789098891314e+003	
  1.9200000000000000e+003	  5.8375368579221674e+002	  2.8131354933667103e+003	
  1.9500000000000000e+003	  5.7911295125866377e+002	  2.8144712997136471e+003	
  1.9800000000000000e+003	  5.8290991137727019e+002	  2.8142486654897243e+003	
  2.0100000000000000e+003	  5.9590398427286607e+002	  2.8139147156334252e+003	
  2.0400000000000000e+003	  5.9632587044023535e+002	  2.8134694442161349e+003	
  2.0700000000000000e+003	  5.8898506123479524e+002	  2.8142486654897243e+003	
  2.1000000000000000e+003	  5.8864756273696423e+002	  2.8145826158377795e+003	
  2.1300000000000000e+003	  5.9075698733584136e+002	  2.8277180342337388e+003	
  2.1600000000000000e+003	  5.8358492635418247e+002	  2.8207050550210779e+003	
  2.1900000000000000e+003	  5.8493496657993694e+002	  2.8227087637182203e+003	
  2.2200000000000000e+003	  5.8898506123479524e+002	  2.7924305136031344e+003	
  2.2500000000000000e+003	  5.6915643911090160e+002	  2.8235993037334629e+003	
  2.2800000000000000e+003	  5.7607535808944112e+002	  2.8248237895013508e+003	
  2.3100000000000000e+003	  5.9210701280976684e+002	  2.8038961756619028e+003	
  2.3400000000000000e+003	  5.8341618002918744e+002	  2.8258256421758833e+003	
  2.3700000000000000e+003	  5.8139111697035241e+002	  2.8366234016014814e+003	
  2.4000000000000000e+003	  5.8392244286321124e+002	  2.8268274960595622e+003	
  2.4300000000000000e+003	  5.8080047778042649e+002	  2.8267161796315213e+003	
  2.4600000000000000e+003	  5.8577873836213121e+002	  2.8249351069580784e+003	
  2.4900000000000000e+003	  5.8814129740861767e+002	  2.8224861312142584e+003	
  2.5200000000000000e+003	  5.8721314125964523e+002	  2.8223748147773595e+003	
  2.5500000000000000e+003	  5.9311954459971889e+002	  2.8183673969045249e+003	
  2.5800000000000000e+003	  5.9067261246905832e+002	  2.8200371555116217e+003	
  2.6100000000000000e+003	  5.8890069324001354e+002	  2.8213729596943858e+003	
  2.6400000000000000e+003	  5.9219139684256788e+002	  2.8194805681248454e+003	
  2.6700000000000000e+003	  5.9160076121020813e+002	  2.8197032040907038e+003	
  2.7000000000000000e+003	  5.9109448861153783e+002	  2.8210390079131712e+003	
  2.7300000000000000e+003	  5.8746627481777966e+002	  2.8327273045976776e+003	
  2.7600000000000000e+003	  5.8324741585538879e+002	  2.8361781332328892e+003	
  2.7900000000000000e+003	  5.8409119756921757e+002	  2.8307235957044263e+003	
  2.8200000000000000e+003	  5.8628499474546243e+002	  2.8116883713875018e+003	
  2.8500000000000000e+003	  5.8485058577013126e+002	  2.8178108130723840e+003	
  2.8800000000000000e+003	  5.8333179630326367e+002	  2.8215955919976291e+003	
  2.9100000000000000e+003	  5.8198176202625427e+002	  2.8276067145312677e+003	
  2.9400000000000000e+003	  5.8341618002918744e+002	  2.8219295435288627e+003	
  2.9700000000000000e+003	  5.8366930443478054e+002	  2.8175881782473930e+003	
  3.0000000000000000e+003	  5.8400681857840038e+002	  2.8197032040907038e+003	
  3.0300000000000000e+003	  5.8080047778042649e+002	  2.8497588200496089e+003	
  3.0600000000000000e+003	  5.7995672089877360e+002	  2.8389610605618027e+003	
  3.0900000000000000e+003	  5.8223490501139440e+002	  2.8159184221440637e+003	
  3.1200000000000000e+003	  5.7936606930642211e+002	  2.8279406668807001e+003	
  3.1500000000000000e+003	  5.8029423078288630e+002	  2.8262709116228298e+003	
  3.1800000000000000e+003	  5.8358492635418247e+002	  2.8209276904059238e+003	
  3.2100000000000000e+003	  5.8459744751778931e+002	  2.8200371555116217e+003	
  3.2400000000000000e+003	  5.8333179630326367e+002	  2.8154731532149985e+003	
  3.2700000000000000e+003	  5.8620062336271724e+002	  2.8133581273900550e+003	
  3.3000000000000000e+003	  5.8493496657993694e+002	  2.8104638834016910e+003	
  3.3300000000000000e+003	  5.8358492635418247e+002	  2.8144712997136471e+003	
  3.3600000000000000e+003	  5.8350055155184396e+002	  2.8070130531866257e+003	
  3.3900000000000000e+003	  5.8122237087990788e+002	  2.8031169540910869e+003	
  3.4200000000000000e+003	  5.7464095949268960e+002	  2.7974397816970763e+003	
  3.4500000000000000e+003	  5.7818478375919619e+002	  2.8061225170955217e+003	
  3.4800000000000000e+003	  5.7810041764548828e+002	  2.8156957884614812e+003	
  3.5100000000000000e+003	  5.7438783497362658e+002	  2.8053432957271657e+003	
  3.5400000000000000e+003	  5.9573524015454780e+002	  2.8201484713374175e+003	
  3.5700000000000000e+003	  5.8594748256772357e+002	  2.8703524830478727e+003	
  3.6000000000000000e+003	  5.7253152415666580e+002	  2.8803710219624068e+003	
  3.6300000000000000e+003	  5.6654074586263323e+002	  2.8872726810384556e+003	
  3.6600000000000000e+003	  5.7303778813442489e+002	  2.8495361835075591e+003	
  3.6900000000000000e+003	  5.7405031409556977e+002	  2.8447495524129708e+003	
  3.7200000000000000e+003	  5.6991583688913920e+002	  2.8153618370103663e+003	
  3.7500000000000000e+003	  5.7337529066517538e+002	  2.8096846637132639e+003	
  3.7800000000000000e+003	  5.8442869989446103e+002	  2.8402968659462990e+003	
  3.8100000000000000e+003	  5.7810041764548828e+002	  2.8339517921870638e+003	
  3.8400000000000000e+003	  5.8822566683315029e+002	  2.8358441826581825e+003	
  3.8700000000000000e+003	  5.8299429419429123e+002	  2.8124675915377316e+003	
  3.9000000000000000e+003	  5.8240365240133690e+002	  2.8149165682818202e+003	
  3.9300000000000000e+003	  5.7860667958072133e+002	  2.8388497442402067e+003	
  3.9600000000000000e+003	  5.7945045379052931e+002	  2.8326159856471745e+003	
  3.9900000000000000e+003	  5.8020984447439116e+002	  2.8438590116263940e+003	
  4.0200000000000000e+003	  5.7160338357518049e+002	  2.8827086822330966e+003	
  4.0500000000000000e+003	  5.8012546146083446e+002	  2.8787012644711499e+003	
  4.0800000000000000e+003	  5.7506284788060555e+002	  2.8710203841082462e+003	
  4.1100000000000000e+003	  5.7776290816565358e+002	  2.8484230156562194e+003	
  4.1400000000000000e+003	  5.8139111697035241e+002	  2.8299443768728042e+003	
  4.1700000000000000e+003	  5.8307866479947859e+002	  2.8254916907947595e+003	
  4.2000000000000000e+003	  5.8290991137727019e+002	  2.8258256421758833e+003	
  4.2300000000000000e+003	  5.8198176202625427e+002	  2.8287198868497780e+003	
  4.2600000000000000e+003	  5.8906944781328582e+002	  2.8485343304544481e+003	
  4.2900000000000000e+003	  5.8881631315664276e+002	  2.8624489703297950e+003	
  4.3200000000000000e+003	  5.9109448861153783e+002	  2.8323933521605181e+003	
  4.3500000000000000e+003	  5.9244452256481486e+002	  2.8287198868497780e+003	
  4.3800000000000000e+003	  5.9041947671629680e+002	  2.8195918867034575e+003	
  4.4100000000000000e+003	  5.9480708903876621e+002	  2.8162523749482762e+003	
  4.4400000000000000e+003	  5.9219139684256788e+002	  2.8229313978622981e+003	
  4.4700000000000000e+003	  5.8425994991228526e+002	  2.8431911108200552e+003	
  4.5000000000000000e+003	  5.7902856438711524e+002	  2.8541001872466300e+003	
  4.5300000000000000e+003	  5.7928168812258434e+002	  2.8475324770153984e+003	
  4.5600000000000000e+003	  5.8189738760410000e+002	  2.8263822280107988e+003	
  4.5900000000000000e+003	  5.7835354153704611e+002	  2.8474211611176547e+003	
  4.6200000000000000e+003	  5.8105362241848991e+002	  2.8278293511511019e+003	
  4.6500000000000000e+003	  5.8383805495412469e+002	  2.8222634955501176e+003	
  4.6800000000000000e+003	  5.8383805495412469e+002	  2.8250464248244334e+003	
  4.7100000000000000e+003	  5.8425994991228526e+002	  2.8152505196126722e+003	
  4.7400000000000000e+003	  5.6848141994540504e+002	  2.8056772484867652e+003	
  4.7700000000000000e+003	  5.6789077807819524e+002	  2.8143599791866382e+003	
  4.8000000000000000e+003	  5.7194087973940520e+002	  2.8249351069580784e+003	
  4.8300000000000000e+003	  5.7675038492101430e+002	  2.8326159856471745e+003	
  4.8600000000000000e+003	  5.7961920148668014e+002	  2.8233766662704584e+003	
  4.8900000000000000e+003	  5.7852229692672984e+002	  2.8294991077065943e+003	
  4.9200000000000000e+003	  5.8113799500284642e+002	  2.8212616425573874e+003	
  4.9500000000000000e+003	  5.8898506123479524e+002	  2.8303896461983486e+003	
  4.9800000000000000e+003	  5.8957571280413958e+002	  2.8299443768728042e+003	
  5.0100000000000000e+003	  5.8771940693149895e+002	  2.8269388144946174e+003	
  5.0400000000000000e+003	  5.8940694993314514e+002	  2.8291651557370046e+003	
  5.0700000000000000e+003	  5.8544122746601386e+002	  2.8284972548610390e+003	
  5.1000000000000000e+003	  5.8282553184093410e+002	  2.8217069103651165e+003	
  5.1300000000000000e+003	  5.8189738760410000e+002	  2.8228200813852250e+003	
  5.1600000000000000e+003	  5.8155987622343821e+002	  2.8229313978622981e+003	
  5.1900000000000000e+003	  5.8164425301774247e+002	  2.8234879831975509e+003	
  5.2200000000000000e+003	  5.8299429419429123e+002	  2.8199258368932174e+003	
  5.2500000000000000e+003	  5.8324741585538879e+002	  2.8166976393473187e+003	
  5.2800000000000000e+003	  5.8417556437223641e+002	  2.8174768590465751e+003	
  5.3100000000000000e+003	  5.8527247619555123e+002	  2.8187013479652028e+003	
  5.3400000000000000e+003	  5.8485058577013126e+002	  2.8252690585887804e+003	
  5.3700000000000000e+003	  5.8307866479947859e+002	  2.8320594002114722e+003	
  5.4000000000000000e+003	  5.8257241293029062e+002	  2.8365120827031919e+003	
  5.4300000000000000e+003	  5.8510372256753908e+002	  2.8291651557370046e+003	
  5.4600000000000000e+003	  5.8552560028950654e+002	  2.8288312042561947e+003	
  5.4900000000000000e+003	  5.8771940693149895e+002	  2.8289425236681273e+003	
  5.5200000000000000e+003	  5.8307866479947859e+002	  2.8204824228785546e+003	
  5.5500000000000000e+003	  5.8198176202625427e+002	  2.8176994930503106e+003	
  5.5800000000000000e+003	  5.7371279932249229e+002	  2.8253803760853893e+003	
  5.6100000000000000e+003	  5.7033772051837173e+002	  2.8327273045976776e+003	
  5.6400000000000000e+003	  5.7126586194843981e+002	  2.8205937387446247e+003	
  5.6700000000000000e+003	  5.7835354153704611e+002	  2.8145826158377795e+003	
  5.7000000000000000e+003	  5.7767852734753228e+002	  2.8146939339776823e+003	
  5.7300000000000000e+003	  5.8054734722908051e+002	  2.8199258368932174e+003	
  5.7600000000000000e+003	  5.8113799500284642e+002	  2.8221521783330732e+003	
  5.7900000000000000e+003	  5.8172863310066498e+002	  2.8234879831975509e+003	
  5.8200000000000000e+003	  5.8206613973580761e+002	  2.8225974464611818e+003	
  5.8500000000000000e+003	  5.8215052073133052e+002	  2.8229313978622981e+003	
  5.8800000000000000e+003	  5.8206613973580761e+002	  2.8222634955501176e+003	
  5.9100000000000000e+003	  5.8198176202625427e+002	  2.8247124708554579e+003	
  5.9400000000000000e+003	  5.8358492635418247e+002	  2.8218182259416672e+003	
  5.9700000000000000e+003	  5.8206613973580761e+002	  2.8210390079131712e+003	
  6.0000000000000000e+003	  5.8139111697035241e+002	  2.8185900294661683e+003	
  6.0300000000000000e+003	  5.7911295125866377e+002	  2.8251577383046028e+003	
  6.0600000000000000e+003	  5.7911295125866377e+002	  2.8144712997136471e+003	
  6.0900000000000000e+003	  5.8265678261601806e+002	  2.8174768590465751e+003	
  6.1200000000000000e+003	  5.8004108174365422e+002	  2.8159184221440637e+003	
  6.1500000000000000e+003	  5.7810041764548828e+002	  2.8125789098891314e+003	
  6.1800000000000000e+003	  5.6257503325993582e+002	  2.8144712997136471e+003	
  6.2100000000000000e+003	  5.5928431760074841e+002	  2.8117996884643539e+003	
  6.2400000000000000e+003	  5.6797516583034428e+002	  2.8166976393473187e+003	
  6.2700000000000000e+003	  5.6974708474702163e+002	  2.8203711058216149e+003	
  6.3000000000000000e+003	  5.7708789180189751e+002	  2.8193692515584667e+003	
  6.3300000000000000e+003	  5.7995672089877360e+002	  2.8230427147493660e+003	
  6.3600000000000000e+003	  5.8155987622343821e+002	  2.8131354933667103e+003	
  6.3900000000000000e+003	  5.7641286846266723e+002	  2.8140260297010118e+003	
  6.4200000000000000e+003	  5.7750977564568916e+002	  2.8162523749482762e+003	
  6.4500000000000000e+003	  5.7708789180189751e+002	  2.8163636896297512e+003	
  6.4800000000000000e+003	  5.7801603921786409e+002	  2.8155844714347563e+003	
  6.5100000000000000e+003	  5.7843793319373367e+002	  2.8189239829903281e+003	
  6.5400000000000000e+003	  5.7776290816565358e+002	  2.8175881782473930e+003	
  6.5700000000000000e+003	  5.7666599691537215e+002	  2.8176994930503106e+003	
  6.6000000000000000e+003	  5.7843793319373367e+002	  2.8170315895562471e+003	
  6.6300000000000000e+003	  5.8282553184093410e+002	  2.8182560780347571e+003	
  6.6600000000000000e+003	  5.7928168812258434e+002	  2.8191466180553757e+003	
  6.6900000000000000e+003	  5.7590660714859337e+002	  2.8178108130723840e+003	
  6.7200000000000000e+003	  5.7945045379052931e+002	  2.8282746213157457e+003	
  6.7500000000000000e+003	  5.8054734722908051e+002	  2.8339517921870638e+003	
  6.7800000000000000e+003	  5.8290991137727019e+002	  2.8181447627806410e+003	
  6.8100000000000000e+003	  5.8105362241848991e+002	  2.8202597891750288e+003	
  6.8400000000000000e+003	  5.7961920148668014e+002	  2.8202597891750288e+003	
  6.8700000000000000e+003	  5.7995672089877360e+002	  2.8253803760853893e+003	
  6.9000000000000000e+003	  5.7860667958072133e+002	  2.8261595940463890e+003	
  6.9300000000000000e+003	  5.8105362241848991e+002	  2.8209276904059238e+003	
  6.9600000000000000e+003	  5.7953482598764219e+002	  2.8205937387446247e+003	
  6.9900000000000000e+003	  5.7776290816565358e+002	  2.8211503242297481e+003	
  7.0200000000000000e+003	  5.7649724651756810e+002	  2.8256030091105649e+003	
  7.0500000000000000e+003	  5.7953482598764219e+002	  2.8228200813852250e+003	
  7.0800000000000000e+003	  5.8096923758093226e+002	  2.8223748147773595e+003	
  7.1100000000000000e+003	  5.7945045379052931e+002	  2.8237106166819162e+003	
  7.1400000000000000e+003	  5.8147550271918362e+002	  2.8241558853700858e+003	
  7.1700000000000000e+003	  5.8898506123479524e+002	  2.8277180342337388e+003	
  7.2000000000000000e+003	  5.8653812847295285e+002	  2.8316141318828782e+003	
  7.2300000000000000e+003	  5.8636936939235591e+002	  2.8281633011647200e+003	
  7.2600000000000000e+003	  5.8299429419429123e+002	  2.8259369585238251e+003	
  7.2900000000000000e+003	  5.8392244286321124e+002	  2.8248237895013508e+003	
  7.3200000000000000e+003	  5.7945045379052931e+002	  2.8227087637182203e+003	
  7.3500000000000000e+003	  5.8046298215714364e+002	  2.8223748147773595e+003	
  7.3800000000000000e+003	  5.7978796238476434e+002	  2.8197032040907038e+003	
  7.4100000000000000e+003	  5.7987233220417920e+002	  2.8181447627806410e+003	
  7.4400000000000000e+003	  5.7852229692672984e+002	  2.8171429103204955e+003	
  7.4700000000000000e+003	  5.7852229692672984e+002	  2.8179221319022249e+003	
  7.5000000000000000e+003	  5.7801603921786409e+002	  2.8178108130723840e+003	
  7.5300000000000000e+003	  5.7835354153704611e+002	  2.8181447627806410e+003	
  7.5600000000000000e+003	  5.7902856438711524e+002	  2.8180334463347153e+003	
  7.5900000000000000e+003	  5.7945045379052931e+002	  2.8169202740123351e+003	
  7.6200000000000000e+003	  5.7902856438711524e+002	  2.8171429103204955e+003	
  7.6500000000000000e+003	  5.7995672089877360e+002	  2.8193692515584667e+003	
  7.6800000000000000e+003	  5.7978796238476434e+002	  2.8191466180553757e+003	
  7.7100000000000000e+003	  5.7978796238476434e+002	  2.8173655418593721e+003	
  7.7400000000000000e+003	  5.7885980054995412e+002	  2.8221521783330732e+003	
  7.7700000000000000e+003	  5.8231927706327531e+002	  2.8224861312142584e+003	
  7.8000000000000000e+003	  5.7978796238476434e+002	  2.8165863234328376e+003	
  7.8300000000000000e+003	  5.8080047778042649e+002	  2.8072356869078308e+003	
  7.8600000000000000e+003	  5.7928168812258434e+002	  2.8100186132260283e+003	
  7.8900000000000000e+003	  5.7877543919350182e+002	  2.8006679782722490e+003	
  7.9200000000000000e+003	  5.8442869989446103e+002	  2.8010019289581719e+003	
  7.9500000000000000e+003	  5.8139111697035241e+002	  2.8006679782722490e+003	
  7.9800000000000000e+003	  5.8476620823070209e+002	  2.8192579354026261e+003	
  8.0100000000000000e+003	  5.8400681857840038e+002	  2.8180334463347153e+003	
  8.0400000000000000e+003	  5.8240365240133690e+002	  2.8163636896297512e+003	
  8.0700000000000000e+003	  5.8206613973580761e+002	  2.8143599791866382e+003	
  8.1000000000000000e+003	  5.8501933521899809e+002	  2.8181447627806410e+003	
  8.1300000000000000e+003	  5.8409119756921757e+002	  2.8201484713374175e+003	
  8.1600000000000000e+003	  5.8080047778042649e+002	  2.8158071042953138e+003	
  8.1900000000000000e+003	  5.9404768668692702e+002	  2.7973284647112182e+003	
  8.2200000000000000e+003	  6.0754803962869357e+002	  2.7966605617970704e+003	
  8.2500000000000000e+003	  6.0543860493592797e+002	  2.7987755887352819e+003	
  8.2800000000000000e+003	  5.9691650646275446e+002	  2.7991095393096875e+003	
  8.3100000000000000e+003	  6.0765748719398914e+002	  2.7999218539215590e+003	
  8.3400000000000000e+003	  5.7814260064627740e+002	  2.8385157906848353e+003	
  8.3700000000000000e+003	  5.7234307896889800e+002	  2.8442300693348020e+003	
  8.4000000000000000e+003	  6.4787185962537376e+002	  2.8028980297969538e+003	
  8.4300000000000000e+003	  7.0439047686060292e+002	  2.7795214392494195e+003	
  8.4600000000000000e+003	  7.4536963051803832e+002	  2.7561819554625836e+003	
  8.4900000000000000e+003	  7.4849158814555824e+002	  2.7499593277148447e+003	
  8.5200000000000000e+003	  7.9699437034448852e+002	  2.7144046468494789e+003	
  8.5500000000000000e+003	  8.1026126907163496e+002	  2.7023193211599014e+003	
  8.5800000000000000e+003	  8.3770633640521874e+002	  2.6852024617643783e+003	
  8.6100000000000000e+003	  9.6217384631820391e+002	  2.6156775098573135e+003	
  8.6400000000000000e+003	  1.0105866319369918e+003	  2.5807907324374260e+003	
  8.6700000000000000e+003	  1.0598656868042297e+003	  2.5612916880944581e+003	
  8.7000000000000000e+003	  1.1069621881268054e+003	  2.5425199144879571e+003	
  8.7300000000000000e+003	  1.1487344892545220e+003	  2.5312694653627218e+003	
  8.7600000000000000e+003	  1.2200753493374380e+003	  2.4864940174239223e+003	
  8.7900000000000000e+003	  1.2565178344750486e+003	  2.4616443292543950e+003	
  8.8200000000000000e+003	  1.2840163406300160e+003	  2.4425014990776467e+003	
  8.8500000000000000e+003	  1.2996120500386144e+003	  2.4181453178282691e+003	
  8.8800000000000000e+003	  1.3295434269677062e+003	  2.4107204659046006e+003	
  8.9100000000000000e+003	  1.3133795804973372e+003	  2.4228243462226364e+003	
  8.9400000000000000e+003	  1.2929996890060918e+003	  2.4296295320353702e+003	
  8.9700000000000000e+003	  1.2867332799541516e+003	  2.4463270962556330e+003	
  9.0000000000000000e+003	  1.2790380899311945e+003	  2.4687129658988756e+003	
  9.0300000000000000e+003	  1.2606101230793356e+003	  2.4943752686217226e+003	
  9.0600000000000000e+003	  1.2539668322736093e+003	  2.5003863924348839e+003	
  9.0900000000000000e+003	  1.2486032607392824e+003	  2.4958966027682191e+003	
  9.1200000000000000e+003	  1.2495848469697355e+003	  2.4950580103370066e+003	
  9.1500000000000000e+003	  1.3004464749294366e+003	  2.5775469675617283e+003	
  9.1800000000000000e+003	  1.3658118894165675e+003	  2.6849379863151221e+003	
  9.2100000000000000e+003	  1.4311773039036987e+003	  2.7923290050685150e+003	
  9.2400000000000000e+003	  1.4965427183908296e+003	  2.8997200238219089e+003	
  9.2700000000000000e+003	  1.5619081328779605e+003	  3.0071110425753018e+003	
  9.3000000000000000e+003	  1.6272735473650912e+003	  3.1145020613286956e+003	
  9.3300000000000000e+003	  1.6926389618522221e+003	  3.2218930800820890e+003	
  9.3600000000000000e+003	  1.7580043763393530e+003	  3.3292840988354824e+003	
  9.3900000000000000e+003	  1.8233697908264839e+003	  3.4366751175888758e+003	
  9.4200000000000000e+003	  1.8887352053136149e+003	  3.5440661363422691e+003	
  9.4500000000000000e+003	  1.9541006198007460e+003	  3.6514571550956625e+003	
  9.4800000000000000e+003	  2.0194660342878769e+003	  3.7588481738490559e+003	
  9.5100000000000000e+003	  2.0848314487750076e+003	  3.8662391926024488e+003	
  9.5400000000000000e+003	  2.1501968632621388e+003	  3.9736302113558422e+003	
  9.5700000000000000e+003	  2.2155622777492699e+003	  4.0810212301092356e+003	
  9.6000000000000000e+003	  2.2809276922364006e+003	  4.1884122488626290e+003	
  9.6300000000000000e+003	  2.3462931067235318e+003	  4.2958032676160228e+003	
  9.6600000000000000e+003	  2.4116585212106625e+003	  4.4031942863694157e+003	
  9.6900000000000000e+003	  2.4770239356977936e+003	  4.5105853051228087e+003	
  9.7200000000000000e+003	  2.5423893501849243e+003	  4.6179763238762025e+003	
  9.7500000000000000e+003	  2.6077547646720550e+003	  4.7253673426295954e+003	
  9.7800000000000000e+003	  2.6731201791591866e+003	  4.8327583613829893e+003	
  9.8100000000000000e+003	  2.7384855936463168e+003	  4.9401493801363831e+003	
  9.8400000000000000e+003	  2.8038510081334484e+003	  5.0475403988897770e+003	
  9.8700000000000000e+003	  2.8692164226205787e+003	  5.1549314176431690e+003	
  9.9000000000000000e+003	  2.9345818371077103e+003	  5.2623224363965628e+003	
  9.9300000000000000e+003	  2.9999472515948405e+003	  5.3697134551499557e+003	
  9.9600000000000000e+003	  3.0653126660819721e+003	  5.4771044739033505e+003	
  9.9900000000000000e+003	  3.1306780805691028e+003	  5.5844954926567434e+003	
  1.0020000000000000e+004	  3.1960434950562340e+003	  5.6918865114101363e+003	
  1.0050000000000000e+004	  3.2614089095433646e+003	  5.7992775301635293e+003	
  1.0080000000000000e+004	  3.3267743240304958e+003	  5.9066685489169231e+003	
  1.0110000000000000e+004	  3.3921397385176265e+003	  6.0140595676703169e+003	
  1.0140000000000000e+004	  3.4575051530047576e+003	  6.1214505864237099e+003	
  1.0170000000000000e+004	  3.5155269520887646e+003	  6.1671493914662806e+003	
  1.0200000000000000e+004	  3.5469321180050115e+003	  6.1978432266972231e+003	
  1.0230000000000000e+004	  3.5692583040805339e+003	  6.2275648931962496e+003	
  1.0260000000000000e+004	  3.5999265779597317e+003	  6.2610119707992517e+003	
  1.0290000000000000e+004	  3.6505078520262759e+003	  6.2538505701908953e+003	
  1.0320000000000000e+004	  3.6719396409461401e+003	  6.2479062374435307e+003	
  1.0350000000000000e+004	  3.6742346985123650e+003	  6.2479359221845352e+003	
  1.0380000000000000e+004	  3.6742346985123650e+003	  6.2479359221845352e+003	
  1.0410000000000000e+004	  3.6742346985123650e+003	  6.2479359221845352e+003	
  1.0440000000000000e+004	  3.6742346985123650e+003	  6.2479359221845352e+003	
  1.0470000000000000e+004	  3.6742346985123650e+003	  6.2479359221845352e+003	
  1.0500000000000000e+004	  3.6742346985123650e+003	  6.2479359221845352e+003	
  1.0530000000000000e+004	  3.6742346985123650e+003	  6.2479359221845352e+003	
  1.0560000000000000e+004	  3.6742346985123650e+003	  6.2479359221845352e+003	
  1.0590000000000000e+004	  3.6742346985123650e+003	  6.2479359221845352e+003	
  1.0620000000000000e+004	  3.6742346985123650e+003	  6.2479359221845352e+003	
  1.0650000000000000e+004	  3.6742346985123650e+003	  6.2479359221845352e+003	
  1.0680000000000000e+004	  3.6742346985123650e+003	  6.2479359221845352e+003	
  1.0710000000000000e+004	  3.6742346985123650e+003	  6.2479359221845352e+003	
  1.0740000000000000e+004	  3.6742346985123650e+003	  6.2479359221845352e+003	
  1.0770000000000000e+004	  3.6742346985123650e+003	  6.2479359221845352e+003	
  1.0800000000000000e+004	  3.6742346985123650e+003	  6.2479359221845352e+003	
  1.0830000000000000e+004	  3.6742346985123650e+003	  6.2479359221845352e+003	
  1.0860000000000000e+004	  3.6742346985123650e+003	  6.2479359221845352e+003	
  1.0890000000000000e+004	  3.6742346985123650e+003	  6.2479359221845352e+003	
  1.0920000000000000e+004	  3.6742346985123650e+003	  6.2479359221845352e+003	
  1.0950000000000000e+004	  3.6742346985123650e+003	  6.2479359221845352e+003	
  1.0980000000000000e+004	  3.6742346985123650e+003	  6.2479359221845352e+003	
  1.1010000000000000e+004	  3.6742346985123650e+003	  6.2479359221845352e+003	
  1.1040000000000000e+004	  3.6742346985123650e+003	  6.2479359221845352e+003	
  1.1070000000000000e+004	  3.6742346985123650e+003	  6.2479359221845352e+003	
  1.1100000000000000e+004	  3.6742346985123650e+003	  6.2479359221845352e+003	
  1.1130000000000000e+004	  3.6742346985123650e+003	  6.2479359221845352e+003	
  1.1160000000000000e+004	  3.6742346985123650e+003	  6.2479359221845352e+003	
  1.1190000000000000e+004	  3.6742346985123650e+003	  6.2479359221845352e+003	
  1.1220000000000000e+004	  3.6742346985123650e+003	  6.2479359221845352e+003	
  1.1250000000000000e+004	  3.6742346985123650e+003	  6.2479359221845352e+003	
  1.1280000000000000e+004	  3.6742346985123650e+003	  6.2479359221845352e+003	
  1.1310000000000000e+004	  3.6742346985123650e+003	  6.2479359221845352e+003	
  1.1340000000000000e+004	  3.6742346985123650e+003	  6.2479359221845352e+003	
  1.1370000000000000e+004	  3.6742346985123650e+003	  6.2479359221845352e+003	
  1.1400000000000000e+004	  3.6742346985123650e+003	  6.2479359221845352e+003	
  1.1430000000000000e+004	  3.6742346985123650e+003	  6.2479359221845352e+003	
  1.1460000000000000e+004	  3.6742346985123650e+003	  6.2479359221845352e+003	
  1.1490000000000000e+004	  3.6742346985123650e+003	  6.2479359221845352e+003	
  1.1520000000000000e+004	  3.6742346985123650e+003	  6.2479359221845352e+003	
  1.1550000000000000e+004	  3.6742346985123650e+003	  6.2479359221845352e+003	
  1.1580000000000000e+004	  3.6742346985123650e+003	  6.2479359221845352e+003	
  1.1610000000000000e+004	  3.6742346985123650e+003	  6.2479359221845352e+003	
  1.1640000000000000e+004	  3.6742346985123650e+003	  6.2479359221845352e+003	
  1.1670000000000000e+004	  3.6711585270452424e+003	  6.2526513186987031e+003	
  1.1700000000000000e+004	  3.6533372974478893e+003	  6.2734275378976845e+003	
  1.1730000000000000e+004	  3.6390775641683986e+003	  6.2710898789511148e+003	
  1.1760000000000000e+004	  3.6087299238147830e+003	  6.2576576154011627e+003	
  1.1790000000000000e+004	  3.5715758616984940e+003	  6.2183255735220318e+003	
  1.1820000000000000e+004	  3.5563879800824302e+003	  6.1964703156226124e+003	
  1.1850000000000000e+004	  3.5555160844563729e+003	  6.1763961328023552e+003	
  1.1880000000000000e+004	  3.5461783485311244e+003	  6.1523887450276998e+003	
  1.1910000000000000e+004	  3.5382750260670164e+003	  6.1445594419699901e+003	
  1.1940000000000000e+004	  3.5644331150665430e+003	  6.1164532371007890e+003	
  1.1970000000000000e+004	  3.6451011873707830e+003	  6.0359194042915606e+003	
  1.2000000000000000e+004	  3.7257692596750235e+003	  5.9553855714823312e+003	
  1.2030000000000000e+004	  3.8064373319792644e+003	  5.8748517386731028e+003	
  1.2060000000000000e+004	  3.8871054042835053e+003	  5.7943179058638743e+003	
  1.2090000000000000e+004	  3.9677734765877453e+003	  5.7137840730546468e+003	
  1.2120000000000000e+004	  4.0484415488919853e+003	  5.6332502402454174e+003	
  1.2150000000000000e+004	  4.1291096211962258e+003	  5.5527164074361881e+003	
  1.2180000000000000e+004	  4.2097776935004667e+003	  5.4721825746269606e+003	
  1.2210000000000000e+004	  4.2904457658047077e+003	  5.3916487418177312e+003	
  1.2240000000000000e+004	  4.3711138381089477e+003	  5.3111149090085028e+003	
  1.2270000000000000e+004	  4.4517819104131877e+003	  5.2305810761992743e+003	
  1.2300000000000000e+004	  4.5324499827174277e+003	  5.1500472433900459e+003	
  1.2330000000000000e+004	  4.6131180550216686e+003	  5.0695134105808174e+003	
  1.2360000000000000e+004	  4.6937861273259086e+003	  4.9889795777715890e+003	
  1.2390000000000000e+004	  4.7744541996301496e+003	  4.9084457449623605e+003	
  1.2420000000000000e+004	  4.8551222719343896e+003	  4.8279119121531312e+003	
  1.2450000000000000e+004	  4.9357903442386296e+003	  4.7473780793439028e+003	
  1.2480000000000000e+004	  5.0164584165428705e+003	  4.6668442465346743e+003	
  1.2510000000000000e+004	  5.0971264888471105e+003	  4.5863104137254459e+003	
  1.2540000000000000e+004	  5.1777945611513505e+003	  4.5057765809162174e+003	
  1.2570000000000000e+004	  5.2584626334555915e+003	  4.4252427481069890e+003	
  1.2600000000000000e+004	  5.3458889587914509e+003	  4.3437456135997099e+003	
  1.2630000000000000e+004	  5.4795085686038983e+003	  4.2629405318835825e+003	
  1.2660000000000000e+004	  5.5012272403928628e+003	  4.2533116034214581e+003	
  1.2690000000000000e+004	  5.7008044461251320e+003	  4.1344583351116480e+003	
  1.2720000000000000e+004	  5.8975972051045492e+003	  4.1161355405797631e+003	
  1.2750000000000000e+004	  6.0714731374101993e+003	  4.3047067073185581e+003	
  1.2780000000000000e+004	  6.1590734642495090e+003	  4.4067399623801930e+003	
  1.2810000000000000e+004	  6.2461253398030149e+003	  4.5476562782535793e+003	
  1.2840000000000000e+004	  6.3942578109745755e+003	  4.8007023097205001e+003	
  1.2870000000000000e+004	  6.4222203882829826e+003	  4.8475779400240226e+003	
  1.2900000000000000e+004	  6.5596369656850393e+003	  5.0759338381207435e+003	
  1.2930000000000000e+004	  6.7331753860476247e+003	  5.3653249017336302e+003	
  1.2960000000000000e+004	  6.7660824627612083e+003	  5.4098517420681519e+003	
  1.2990000000000000e+004	  6.8962426058391038e+003	  5.6498848030624958e+003	
  1.3020000000000000e+004	  7.0764974428539317e+003	  5.9254391531362671e+003	
  1.3050000000000000e+004	  7.1026881003411245e+003	  5.9624743515623886e+003	
  1.3080000000000000e+004	  7.2568957214263746e+003	  6.1863107751433845e+003	
  1.3110000000000000e+004	  7.3934432098378329e+003	  6.3324478633596464e+003	
  1.3140000000000000e+004	  7.4346698691017127e+003	  6.3815720991400603e+003	
  1.3170000000000000e+004	  7.5878227734856009e+003	  6.5529225117530250e+003	
  1.3200000000000000e+004	  7.6890331246345222e+003	  6.6577498239813240e+003	
  1.3230000000000000e+004	  7.7666178830226254e+003	  6.7557088730514124e+003	
  1.3260000000000000e+004	  7.8422535294281270e+003	  6.8433265615455557e+003	
  1.3290000000000000e+004	  7.8739877631586405e+003	  6.8798274373132035e+003	
  1.3320000000000000e+004	  7.8846783435559391e+003	  6.8893895770820845e+003	
  1.3350000000000000e+004	  7.9006678066117556e+003	  6.9060537466735541e+003	
  1.3380000000000000e+004	  7.8942298326896553e+003	  6.8922726897020193e+003	
  1.3410000000000000e+004	  7.9101264807239786e+003	  6.9092040209859942e+003	
  1.3440000000000000e+004	  7.8847795959821551e+003	  6.8860055382201945e+003	
  1.3470000000000000e+004	  7.8769578371664156e+003	  6.8691632607945030e+003	
  1.3500000000000000e+004	  7.8875893541941923e+003	  6.8410222972443562e+003	
  1.3530000000000000e+004	  7.9121768450251957e+003	  6.8134045245581328e+003	
  1.3560000000000000e+004	  7.9390172053821234e+003	  6.7886253379852278e+003	
  1.3590000000000000e+004	  7.9629465558996244e+003	  6.7641244445115781e+003	
  1.3620000000000000e+004	  7.9877365524972456e+003	  6.7480057285154298e+003	
  1.3650000000000000e+004	  8.0150409861071539e+003	  6.7372413645897141e+003	
  1.3680000000000000e+004	  8.0278793478318539e+003	  6.7355655367641912e+003	
  1.3710000000000000e+004	  8.0231271270780153e+003	  6.7251226432668800e+003	
  1.3740000000000000e+004	  8.0432679439937911e+003	  6.7216050230083674e+003	
  1.3770000000000000e+004	  8.0414932125668629e+003	  6.7249185625226955e+003	
  1.3800000000000000e+004	  8.0378424960830253e+003	  6.7308962901912273e+003	
  1.3830000000000000e+004	  8.0377215553974620e+003	  6.7343619627871822e+003	
  1.3860000000000000e+004	  8.0381603165259321e+003	  6.7342172507079904e+003	
  1.3890000000000000e+004	  8.0395075373994905e+003	  6.7345808864668152e+003	
  1.3920000000000000e+004	  8.0399209853011062e+003	  6.7361022204874453e+003	
  1.3950000000000000e+004	  8.0391953418990552e+003	  6.7365400677510288e+003	
  1.3980000000000000e+004	  8.0402134926911094e+003	  6.7370929422812460e+003	
  1.4010000000000000e+004	  8.0386187651847586e+003	  6.7361764312067635e+003	
  1.4040000000000000e+004	  8.0403635515656688e+003	  6.7354851746911872e+003	
