  0.0000000000000000e+000	  1.5314775822035901e+003	  4.7213332175402829e+003	
  3.0000000000000000e+001	  1.5355698697218525e+003	  4.6848657336525239e+003	
  6.0000000000000000e+001	  1.5353589236727671e+003	  4.6455596672196261e+003	
  9.0000000000000000e+001	  1.5628236809288132e+003	  4.6391700662354860e+003	
  1.2000000000000000e+002	  1.6040756574216230e+003	  4.6493110536869290e+003	
  1.5000000000000000e+002	  1.6158631454194826e+003	  4.6639158553323559e+003	
  1.8000000000000000e+002	  1.6274734359998511e+003	  4.7083091162891387e+003	
  2.1000000000000000e+002	  1.6511665336795625e+003	  4.6740234492586451e+003	
  2.4000000000000000e+002	  1.6454963918185720e+003	  4.6246765789895881e+003	
  2.7000000000000000e+002	  1.6232967684824757e+003	  4.6538416595915833e+003	
  3.0000000000000000e+002	  1.6256171361364461e+003	  4.6710624158285054e+003	
  3.3000000000000000e+002	  1.6348058080414460e+003	  4.7070957594777201e+003	
  3.6000000000000000e+002	  1.6093407940969450e+003	  4.7527357716090573e+003	
  3.9000000000000000e+002	  1.5746702315831903e+003	  4.7949694781898743e+003	
  4.2000000000000000e+002	  1.6555710170446735e+003	  4.9442123136306882e+003	
  4.5000000000000000e+002	  1.6453107638890026e+003	  4.9075778557183676e+003	
  4.8000000000000000e+002	  1.5960092034499244e+003	  4.8529768185896883e+003	
  5.1000000000000000e+002	  1.4560866160727305e+003	  4.5882313617561176e+003	
  5.4000000000000000e+002	  1.4808344259027785e+003	  4.6144131428682940e+003	
  5.7000000000000000e+002	  1.6604902033471869e+003	  4.7604500461289617e+003	
  6.0000000000000000e+002	  1.6831623396934851e+003	  4.7750437173766149e+003	
  6.3000000000000000e+002	  1.7433232291689462e+003	  4.7801643044012571e+003	
  6.6000000000000000e+002	  1.7562160564788628e+003	  4.7663832473048878e+003	
  6.9000000000000000e+002	  1.7626536481751798e+003	  4.7603561845522700e+003	
  7.2000000000000000e+002	  1.7745623285280233e+003	  4.7593315611728030e+003	
  7.5000000000000000e+002	  1.7864710088808663e+003	  4.7583069377933361e+003	
  7.8000000000000000e+002	  1.7591692572275442e+003	  4.7709361164563379e+003	
  8.1000000000000000e+002	  1.7562200825004140e+003	  4.7665760662052489e+003	
  8.4000000000000000e+002	  1.7355879668209352e+003	  4.7681703059646479e+003	
  8.7000000000000000e+002	  1.7149558511414566e+003	  4.7697645457240460e+003	
  9.0000000000000000e+002	  1.6943237354619780e+003	  4.7713587854834450e+003	
  9.3000000000000000e+002	  1.6736916197824992e+003	  4.7729530252428440e+003	
  9.6000000000000000e+002	  1.6530595041030206e+003	  4.7745472650022421e+003	
  9.9000000000000000e+002	  1.6324273884235420e+003	  4.7761415047616410e+003	
  1.0200000000000000e+003	  1.6255243274274690e+003	  4.7994332934081413e+003	
  1.0500000000000000e+003	  1.6169684839078550e+003	  4.8080937635016617e+003	
  1.0800000000000000e+003	  1.5854451900430759e+003	  4.8405538298876327e+003	
  1.1100000000000000e+003	  1.5924147412873876e+003	  4.8422235862511343e+003	
  1.1400000000000000e+003	  1.6545838063214323e+003	  4.8417337920637347e+003	
  1.1700000000000000e+003	  1.6635784115722763e+003	  4.8029509131831774e+003	
  1.2000000000000000e+003	  1.7122640113825673e+003	  4.7396337482078870e+003	
  1.2300000000000000e+003	  1.7463861224555203e+003	  4.6304984633888143e+003	
  1.2600000000000000e+003	  1.7479217854474941e+003	  4.5855486181379638e+003	
  1.2900000000000000e+003	  1.7534062985561184e+003	  4.5517972745065044e+003	
  1.3200000000000000e+003	  1.7706361059699088e+003	  4.5053557794846947e+003	
  1.3500000000000000e+003	  1.7614390007595146e+003	  4.4572667936120097e+003	
  1.3800000000000000e+003	  1.7504362230714983e+003	  4.4363169138305411e+003	
  1.4100000000000000e+003	  1.7154534653666142e+003	  4.4097343917918379e+003	
  1.4400000000000000e+003	  1.7035225411988808e+003	  4.3696157083025219e+003	
  1.4700000000000000e+003	  1.6831201546275249e+003	  4.3345285589390005e+003	
  1.5000000000000000e+003	  1.6620764954602787e+003	  4.2969033796662479e+003	
  1.5300000000000000e+003	  1.6411340907988401e+003	  4.2679831963370598e+003	
  1.5600000000000000e+003	  1.6197191800289584e+003	  4.2495490851653358e+003	
  1.5900000000000000e+003	  1.6066238479211233e+003	  4.2115454266312536e+003	
  1.6200000000000000e+003	  1.5554069317080325e+003	  4.2136381881619291e+003	
  1.6500000000000000e+003	  1.5331313686222773e+003	  4.2346771199029799e+003	
  1.6800000000000000e+003	  1.5310556933131684e+003	  4.2345435393712723e+003	
  1.7100000000000000e+003	  1.5310556933131684e+003	  4.2345435393712723e+003	
  1.7400000000000000e+003	  1.5310556933131684e+003	  4.2345435393712723e+003	
  1.7700000000000000e+003	  1.5310556933131684e+003	  4.2345435393712723e+003	
  1.8000000000000000e+003	  1.5310556933131684e+003	  4.2345435393712723e+003	
  1.8300000000000000e+003	  1.5310556933131684e+003	  4.2345435393712723e+003	
  1.8600000000000000e+003	  1.5310556933131684e+003	  4.2345435393712723e+003	
  1.8900000000000000e+003	  1.5310556933131684e+003	  4.2345435393712723e+003	
  1.9200000000000000e+003	  1.5310556933131684e+003	  4.2345435393712723e+003	
  1.9500000000000000e+003	  1.5310556933131684e+003	  4.2345435393712723e+003	
  1.9800000000000000e+003	  1.5310556933131684e+003	  4.2345435393712723e+003	
  2.0100000000000000e+003	  1.5310556933131684e+003	  4.2345435393712723e+003	
  2.0400000000000000e+003	  1.5310556933131684e+003	  4.2345435393712723e+003	
  2.0700000000000000e+003	  1.5310556933131684e+003	  4.2345435393712723e+003	
  2.1000000000000000e+003	  1.5310556933131684e+003	  4.2345435393712723e+003	
  2.1300000000000000e+003	  1.5310556933131684e+003	  4.2345435393712723e+003	
  2.1600000000000000e+003	  1.5310556933131684e+003	  4.2345435393712723e+003	
  2.1900000000000000e+003	  1.5310556933131684e+003	  4.2345435393712723e+003	
  2.2200000000000000e+003	  1.5310556933131684e+003	  4.2345435393712723e+003	
  2.2500000000000000e+003	  1.5310556933131684e+003	  4.2345435393712723e+003	
  2.2800000000000000e+003	  1.5310556933131684e+003	  4.2345435393712723e+003	
  2.3100000000000000e+003	  1.5310556933131684e+003	  4.2345435393712723e+003	
  2.3400000000000000e+003	  1.5310556933131684e+003	  4.2345435393712723e+003	
  2.3700000000000000e+003	  1.5310556933131684e+003	  4.2345435393712723e+003	
  2.4000000000000000e+003	  1.5310556933131684e+003	  4.2345435393712723e+003	
  2.4300000000000000e+003	  1.5310556933131684e+003	  4.2345435393712723e+003	
  2.4600000000000000e+003	  1.5310556933131684e+003	  4.2345435393712723e+003	
  2.4900000000000000e+003	  1.5310556933131684e+003	  4.2345435393712723e+003	
  2.5200000000000000e+003	  1.5310556933131684e+003	  4.2345435393712723e+003	
  2.5500000000000000e+003	  1.5310556933131684e+003	  4.2345435393712723e+003	
  2.5800000000000000e+003	  1.5310556933131684e+003	  4.2345435393712723e+003	
  2.6100000000000000e+003	  1.5310556933131684e+003	  4.2345435393712723e+003	
  2.6400000000000000e+003	  1.5310556933131684e+003	  4.2345435393712723e+003	
  2.6700000000000000e+003	  1.5310556933131684e+003	  4.2345435393712723e+003	
  2.7000000000000000e+003	  1.5310556933131684e+003	  4.2345435393712723e+003	
  2.7300000000000000e+003	  1.5310556933131684e+003	  4.2345435393712723e+003	
  2.7600000000000000e+003	  1.5310556933131684e+003	  4.2345435393712723e+003	
  2.7900000000000000e+003	  1.5310556933131684e+003	  4.2345435393712723e+003	
  2.8200000000000000e+003	  1.5310556933131684e+003	  4.2345435393712723e+003	
  2.8500000000000000e+003	  1.5310556933131684e+003	  4.2345435393712723e+003	
  2.8800000000000000e+003	  1.5310556933131684e+003	  4.2345435393712723e+003	
  2.9100000000000000e+003	  1.5310556933131684e+003	  4.2345435393712723e+003	
  2.9400000000000000e+003	  1.5310556933131684e+003	  4.2345435393712723e+003	
  2.9700000000000000e+003	  1.5310556933131684e+003	  4.2345435393712723e+003	
  3.0000000000000000e+003	  1.5310556933131684e+003	  4.2345435393712723e+003	
  3.0300000000000000e+003	  1.5310556933131684e+003	  4.2345435393712723e+003	
  3.0600000000000000e+003	  1.5310556933131684e+003	  4.2345435393712723e+003	
  3.0900000000000000e+003	  1.5310556933131684e+003	  4.2345435393712723e+003	
  3.1200000000000000e+003	  1.5310556933131684e+003	  4.2345435393712723e+003	
  3.1500000000000000e+003	  1.5310556933131684e+003	  4.2345435393712723e+003	
  3.1800000000000000e+003	  1.5310556933131684e+003	  4.2345435393712723e+003	
  3.2100000000000000e+003	  1.5310556933131684e+003	  4.2345435393712723e+003	
  3.2400000000000000e+003	  1.5310556933131684e+003	  4.2345435393712723e+003	
  3.2700000000000000e+003	  1.5310556933131684e+003	  4.2345435393712723e+003	
  3.3000000000000000e+003	  1.5310556933131684e+003	  4.2345435393712723e+003	
  3.3300000000000000e+003	  1.5310556933131684e+003	  4.2345435393712723e+003	
  3.3600000000000000e+003	  1.5310556933131684e+003	  4.2345435393712723e+003	
  3.3900000000000000e+003	  1.5310556933131684e+003	  4.2345435393712723e+003	
  3.4200000000000000e+003	  1.5310556933131684e+003	  4.2345435393712723e+003	
  3.4500000000000000e+003	  1.5310556933131684e+003	  4.2345435393712723e+003	
  3.4800000000000000e+003	  1.5310556933131684e+003	  4.2345435393712723e+003	
  3.5100000000000000e+003	  1.5310556933131684e+003	  4.2345435393712723e+003	
  3.5400000000000000e+003	  1.5310556933131684e+003	  4.2345435393712723e+003	
  3.5700000000000000e+003	  1.5310556933131684e+003	  4.2345435393712723e+003	
  3.6000000000000000e+003	  1.5310556933131684e+003	  4.2345435393712723e+003	
  3.6300000000000000e+003	  1.5310556933131684e+003	  4.2345435393712723e+003	
  3.6600000000000000e+003	  1.5310556933131684e+003	  4.2345435393712723e+003	
  3.6900000000000000e+003	  1.5310556933131684e+003	  4.2345435393712723e+003	
  3.7200000000000000e+003	  1.5310556933131684e+003	  4.2345435393712723e+003	
  3.7500000000000000e+003	  1.5310556933131684e+003	  4.2345435393712723e+003	
  3.7800000000000000e+003	  1.5310556933131684e+003	  4.2345435393712723e+003	
  3.8100000000000000e+003	  1.5310556933131684e+003	  4.2345435393712723e+003	
  3.8400000000000000e+003	  1.5310556933131684e+003	  4.2345435393712723e+003	
  3.8700000000000000e+003	  1.5310556933131684e+003	  4.2345435393712723e+003	
  3.9000000000000000e+003	  1.5310556933131684e+003	  4.2345435393712723e+003	
  3.9300000000000000e+003	  1.5310556933131684e+003	  4.2345435393712723e+003	
  3.9600000000000000e+003	  1.5310556933131684e+003	  4.2345435393712723e+003	
  3.9900000000000000e+003	  1.5310556933131684e+003	  4.2345435393712723e+003	
  4.0200000000000000e+003	  1.5310556933131684e+003	  4.2345435393712723e+003	
  4.0500000000000000e+003	  1.5310556933131684e+003	  4.2345435393712723e+003	
  4.0800000000000000e+003	  1.5310556933131684e+003	  4.2345435393712723e+003	
  4.1100000000000000e+003	  1.5310556933131684e+003	  4.2345435393712723e+003	
  4.1400000000000000e+003	  1.5310556933131684e+003	  4.2345435393712723e+003	
  4.1700000000000000e+003	  1.5310556933131684e+003	  4.2345435393712723e+003	
  4.2000000000000000e+003	  1.5310556933131684e+003	  4.2345435393712723e+003	
  4.2300000000000000e+003	  1.5310556933131684e+003	  4.2345435393712723e+003	
  4.2600000000000000e+003	  1.5310556933131684e+003	  4.2345435393712723e+003	
  4.2900000000000000e+003	  1.5310556933131684e+003	  4.2345435393712723e+003	
  4.3200000000000000e+003	  1.5310556933131684e+003	  4.2345435393712723e+003	
  4.3500000000000000e+003	  1.5310556933131684e+003	  4.2345435393712723e+003	
  4.3800000000000000e+003	  1.5310556933131684e+003	  4.2345435393712723e+003	
  4.4100000000000000e+003	  1.5310556933131684e+003	  4.2345435393712723e+003	
  4.4400000000000000e+003	  1.5310556933131684e+003	  4.2345435393712723e+003	
  4.4700000000000000e+003	  1.5310556933131684e+003	  4.2345435393712723e+003	
  4.5000000000000000e+003	  1.5310556933131684e+003	  4.2345435393712723e+003	
  4.5300000000000000e+003	  1.5310556933131684e+003	  4.2345435393712723e+003	
  4.5600000000000000e+003	  1.5310556933131684e+003	  4.2345435393712723e+003	
  4.5900000000000000e+003	  1.5310556933131684e+003	  4.2345435393712723e+003	
  4.6200000000000000e+003	  1.5310556933131684e+003	  4.2345435393712723e+003	
  4.6500000000000000e+003	  1.5310556933131684e+003	  4.2345435393712723e+003	
  4.6800000000000000e+003	  1.5310556933131684e+003	  4.2345435393712723e+003	
  4.7100000000000000e+003	  1.5310556933131684e+003	  4.2345435393712723e+003	
  4.7400000000000000e+003	  1.5310556933131684e+003	  4.2345435393712723e+003	
  4.7700000000000000e+003	  1.5310556933131684e+003	  4.2345435393712723e+003	
  4.8000000000000000e+003	  1.5310556933131684e+003	  4.2345435393712723e+003	
  4.8300000000000000e+003	  1.5310556933131684e+003	  4.2345435393712723e+003	
  4.8600000000000000e+003	  1.5310556933131684e+003	  4.2345435393712723e+003	
  4.8900000000000000e+003	  1.5310556933131684e+003	  4.2345435393712723e+003	
  4.9200000000000000e+003	  1.5310556933131684e+003	  4.2345435393712723e+003	
  4.9500000000000000e+003	  1.5310556933131684e+003	  4.2345435393712723e+003	
  4.9800000000000000e+003	  1.5310556933131684e+003	  4.2345435393712723e+003	
  5.0100000000000000e+003	  1.5310556933131684e+003	  4.2345435393712723e+003	
  5.0400000000000000e+003	  1.5319023607507318e+003	  4.2343541532115651e+003	
  5.0700000000000000e+003	  1.5411978268994994e+003	  4.2501279324303723e+003	
  5.1000000000000000e+003	  1.4774593417250053e+003	  4.3122206111206624e+003	
  5.1300000000000000e+003	  1.5257905605492592e+003	  4.2102986756364644e+003	
  5.1600000000000000e+003	  1.5291993980572913e+003	  4.1901280160787919e+003	
  5.1900000000000000e+003	  1.5394427804965476e+003	  4.1750111549363965e+003	
  5.2200000000000000e+003	  1.5215210768766044e+003	  4.1869666126644051e+003	
  5.2500000000000000e+003	  1.5331988710611618e+003	  4.1719388018518566e+003	
  5.2800000000000000e+003	  1.5430878705646076e+003	  4.1551521839183688e+003	
  5.3100000000000000e+003	  1.5458723149407663e+003	  4.1592709165667911e+003	
  5.3400000000000000e+003	  1.5441172738519840e+003	  4.1545733355721040e+003	
  5.3700000000000000e+003	  1.5434253768205685e+003	  4.1570668381907572e+003	
  5.4000000000000000e+003	  1.5274949793247097e+003	  4.1971409945066753e+003	
  5.4300000000000000e+003	  1.5390546468024427e+003	  4.1855640158582955e+003	
  5.4600000000000000e+003	  1.5623089827683191e+003	  4.1740983557165564e+003	
  5.4900000000000000e+003	  1.5405059319080440e+003	  4.1279685471572930e+003	
  5.5200000000000000e+003	  1.5163740726219580e+003	  4.1010966003205158e+003	
  5.5500000000000000e+003	  1.5208629351502648e+003	  4.0973563461843414e+003	
  5.5800000000000000e+003	  1.5202216681372720e+003	  4.0863359542307617e+003	
  5.6100000000000000e+003	  1.5035993775610216e+003	  4.0728665849690201e+003	
  5.6400000000000000e+003	  1.4899471587217590e+003	  4.0443694070797783e+003	
  5.6700000000000000e+003	  1.4849014045939716e+003	  4.0068332796869086e+003	
  5.7000000000000000e+003	  1.4676378439087698e+003	  4.0164510776089214e+003	
  5.7300000000000000e+003	  1.4827244731270948e+003	  3.9607257365677478e+003	
  5.7600000000000000e+003	  1.4987055035283274e+003	  3.9346107458455399e+003	
  5.7900000000000000e+003	  1.5080038611308817e+003	  3.8994345423061386e+003	
  5.8200000000000000e+003	  1.5103832979121403e+003	  3.8979206307326849e+003	
  5.8500000000000000e+003	  1.5103832979121403e+003	  3.8979206307326854e+003	
  5.8800000000000000e+003	  1.5103832979121403e+003	  3.8979206307326854e+003	
  5.9100000000000000e+003	  1.5103832979121403e+003	  3.8979206307326854e+003	
  5.9400000000000000e+003	  1.5103832979121403e+003	  3.8979206307326854e+003	
  5.9700000000000000e+003	  1.5103832979121403e+003	  3.8979206307326854e+003	
  6.0000000000000000e+003	  1.5103832979121403e+003	  3.8979206307326854e+003	
  6.0300000000000000e+003	  1.5103832979121403e+003	  3.8979206307326854e+003	
  6.0600000000000000e+003	  1.5103832979121403e+003	  3.8979206307326854e+003	
  6.0900000000000000e+003	  1.5103832979121403e+003	  3.8979206307326854e+003	
  6.1200000000000000e+003	  1.5103832979121403e+003	  3.8979206307326854e+003	
  6.1500000000000000e+003	  1.5103832979121403e+003	  3.8979206307326854e+003	
  6.1800000000000000e+003	  1.5103832979121403e+003	  3.8979206307326854e+003	
  6.2100000000000000e+003	  1.5103832979121403e+003	  3.8979206307326854e+003	
  6.2400000000000000e+003	  1.5103832979121403e+003	  3.8979206307326854e+003	
  6.2700000000000000e+003	  1.5103832979121403e+003	  3.8979206307326854e+003	
  6.3000000000000000e+003	  1.5103832979121403e+003	  3.8979206307326854e+003	
  6.3300000000000000e+003	  1.5103832979121403e+003	  3.8979206307326854e+003	
  6.3600000000000000e+003	  1.5103832979121403e+003	  3.8979206307326854e+003	
  6.3900000000000000e+003	  1.5103832979121403e+003	  3.8979206307326854e+003	
  6.4200000000000000e+003	  1.5103832979121403e+003	  3.8979206307326854e+003	
  6.4500000000000000e+003	  1.5103832979121403e+003	  3.8979206307326854e+003	
  6.4800000000000000e+003	  1.5103832979121403e+003	  3.8979206307326854e+003	
  6.5100000000000000e+003	  1.5103832979121403e+003	  3.8979206307326854e+003	
  6.5400000000000000e+003	  1.5103832979121403e+003	  3.8979206307326854e+003	
  6.5700000000000000e+003	  1.5103832979121403e+003	  3.8979206307326854e+003	
  6.6000000000000000e+003	  1.5103832979121403e+003	  3.8979206307326854e+003	
  6.6300000000000000e+003	  1.5103832979121403e+003	  3.8979206307326854e+003	
  6.6600000000000000e+003	  1.5103832979121403e+003	  3.8979206307326854e+003	
  6.6900000000000000e+003	  1.5103832979121403e+003	  3.8979206307326854e+003	
  6.7200000000000000e+003	  1.5103832979121403e+003	  3.8979206307326854e+003	
  6.7500000000000000e+003	  1.5103832979121403e+003	  3.8979206307326854e+003	
  6.7800000000000000e+003	  1.5103832979121403e+003	  3.8979206307326854e+003	
  6.8100000000000000e+003	  1.5103832979121403e+003	  3.8979206307326854e+003	
  6.8400000000000000e+003	  1.5103832979121403e+003	  3.8979206307326854e+003	
  6.8700000000000000e+003	  1.5103832979121403e+003	  3.8979206307326854e+003	
  6.9000000000000000e+003	  1.5103832979121403e+003	  3.8979206307326854e+003	
  6.9300000000000000e+003	  1.5103832979121403e+003	  3.8979206307326854e+003	
  6.9600000000000000e+003	  1.5103832979121403e+003	  3.8979206307326854e+003	
  6.9900000000000000e+003	  1.5103832979121403e+003	  3.8979206307326854e+003	
  7.0200000000000000e+003	  1.5103832979121403e+003	  3.8979206307326854e+003	
  7.0500000000000000e+003	  1.5103832979121403e+003	  3.8979206307326854e+003	
  7.0800000000000000e+003	  1.5103832979121403e+003	  3.8979206307326854e+003	
  7.1100000000000000e+003	  1.5103832979121403e+003	  3.8979206307326854e+003	
  7.1400000000000000e+003	  1.5103832979121403e+003	  3.8979206307326854e+003	
  7.1700000000000000e+003	  1.5103832979121403e+003	  3.8979206307326854e+003	
  7.2000000000000000e+003	  1.5103832979121403e+003	  3.8979206307326854e+003	
  7.2300000000000000e+003	  1.5103832979121403e+003	  3.8979206307326854e+003	
  7.2600000000000000e+003	  1.5103832979121403e+003	  3.8979206307326854e+003	
  7.2900000000000000e+003	  1.5103832979121403e+003	  3.8979206307326854e+003	
  7.3200000000000000e+003	  1.5103832979121403e+003	  3.8979206307326854e+003	
  7.3500000000000000e+003	  1.5103832979121403e+003	  3.8979206307326854e+003	
  7.3800000000000000e+003	  1.5103832979121403e+003	  3.8979206307326854e+003	
  7.4100000000000000e+003	  1.5103832979121403e+003	  3.8979206307326854e+003	
  7.4400000000000000e+003	  1.5103832979121403e+003	  3.8979206307326854e+003	
  7.4700000000000000e+003	  1.5103832979121403e+003	  3.8979206307326854e+003	
  7.5000000000000000e+003	  1.5103832979121403e+003	  3.8979206307326854e+003	
  7.5300000000000000e+003	  1.5103832979121403e+003	  3.8979206307326854e+003	
  7.5600000000000000e+003	  1.5103832979121403e+003	  3.8979206307326854e+003	
  7.5900000000000000e+003	  1.5103832979121403e+003	  3.8979206307326854e+003	
  7.6200000000000000e+003	  1.5103832979121403e+003	  3.8979206307326854e+003	
  7.6500000000000000e+003	  1.5103832979121403e+003	  3.8979206307326854e+003	
  7.6800000000000000e+003	  1.5103832979121403e+003	  3.8979206307326854e+003	
  7.7100000000000000e+003	  1.5103832979121403e+003	  3.8979206307326854e+003	
  7.7400000000000000e+003	  1.5103832979121403e+003	  3.8979206307326854e+003	
  7.7700000000000000e+003	  1.5103832979121403e+003	  3.8979206307326854e+003	
  7.8000000000000000e+003	  1.5103832979121403e+003	  3.8979206307326854e+003	
  7.8300000000000000e+003	  1.5103832979121403e+003	  3.8979206307326854e+003	
  7.8600000000000000e+003	  1.5103832979121403e+003	  3.8979206307326854e+003	
  7.8900000000000000e+003	  1.5103832979121403e+003	  3.8979206307326854e+003	
  7.9200000000000000e+003	  1.5103832979121403e+003	  3.8979206307326854e+003	
  7.9500000000000000e+003	  1.5103832979121403e+003	  3.8979206307326854e+003	
  7.9800000000000000e+003	  1.5103832979121403e+003	  3.8979206307326854e+003	
  8.0100000000000000e+003	  1.5103832979121403e+003	  3.8979206307326854e+003	
  8.0400000000000000e+003	  1.5103832979121403e+003	  3.8979206307326854e+003	
  8.0700000000000000e+003	  1.5103832979121403e+003	  3.8979206307326854e+003	
  8.1000000000000000e+003	  1.5103832979121403e+003	  3.8979206307326854e+003	
  8.1300000000000000e+003	  1.5103832979121403e+003	  3.8979206307326854e+003	
  8.1600000000000000e+003	  1.5103832979121403e+003	  3.8979206307326854e+003	
  8.1900000000000000e+003	  1.5103832979121403e+003	  3.8979206307326854e+003	
  8.2200000000000000e+003	  1.5103832979121403e+003	  3.8979206307326854e+003	
  8.2500000000000000e+003	  1.5103832979121403e+003	  3.8979206307326854e+003	
  8.2800000000000000e+003	  1.5103832979121403e+003	  3.8979206307326854e+003	
  8.3100000000000000e+003	  1.5103832979121403e+003	  3.8979206307326854e+003	
  8.3400000000000000e+003	  1.5103832979121403e+003	  3.8979206307326854e+003	
  8.3700000000000000e+003	  1.5103832979121403e+003	  3.8979206307326854e+003	
  8.4000000000000000e+003	  1.5103832979121403e+003	  3.8979206307326854e+003	
  8.4300000000000000e+003	  1.5103832979121403e+003	  3.8979206307326854e+003	
  8.4600000000000000e+003	  1.5103832979121403e+003	  3.8979206307326854e+003	
  8.4900000000000000e+003	  1.5103832979121403e+003	  3.8979206307326854e+003	
  8.5200000000000000e+003	  1.5103832979121403e+003	  3.8979206307326854e+003	
  8.5500000000000000e+003	  1.5103832979121403e+003	  3.8979206307326854e+003	
  8.5800000000000000e+003	  1.5103832979121403e+003	  3.8979206307326854e+003	
  8.6100000000000000e+003	  1.5103832979121403e+003	  3.8979206307326854e+003	
  8.6400000000000000e+003	  1.5103832979121403e+003	  3.8979206307326854e+003	
  8.6700000000000000e+003	  1.5103832979121403e+003	  3.8979206307326854e+003	
  8.7000000000000000e+003	  1.5103832979121403e+003	  3.8979206307326854e+003	
  8.7300000000000000e+003	  1.5103832979121403e+003	  3.8979206307326854e+003	
  8.7600000000000000e+003	  1.5103832979121403e+003	  3.8979206307326854e+003	
  8.7900000000000000e+003	  1.5103832979121403e+003	  3.8979206307326854e+003	
  8.8200000000000000e+003	  1.5103832979121403e+003	  3.8979206307326854e+003	
  8.8500000000000000e+003	  1.5103832979121403e+003	  3.8979206307326854e+003	
  8.8800000000000000e+003	  1.5103832979121403e+003	  3.8979206307326854e+003	
  8.9100000000000000e+003	  1.5103832979121403e+003	  3.8979206307326854e+003	
  8.9400000000000000e+003	  1.5103832979121403e+003	  3.8979206307326854e+003	
  8.9700000000000000e+003	  1.5103832979121403e+003	  3.8979206307326854e+003	
  9.0000000000000000e+003	  1.5103832979121403e+003	  3.8979206307326854e+003	
  9.0300000000000000e+003	  1.5103832979121403e+003	  3.8979206307326854e+003	
  9.0600000000000000e+003	  1.5103832979121403e+003	  3.8979206307326854e+003	
  9.0900000000000000e+003	  1.5103832979121403e+003	  3.8979206307326854e+003	
  9.1200000000000000e+003	  1.5103832979121403e+003	  3.8979206307326854e+003	
  9.1500000000000000e+003	  1.5103832979121403e+003	  3.8979206307326854e+003	
  9.1800000000000000e+003	  1.5103832979121403e+003	  3.8979206307326854e+003	
  9.2100000000000000e+003	  1.5103832979121403e+003	  3.8979206307326854e+003	
  9.2400000000000000e+003	  1.5103832979121403e+003	  3.8979206307326854e+003	
  9.2700000000000000e+003	  1.5103832979121403e+003	  3.8979206307326854e+003	
  9.3000000000000000e+003	  1.5103832979121403e+003	  3.8979206307326854e+003	
  9.3300000000000000e+003	  1.5103832979121403e+003	  3.8979206307326854e+003	
  9.3600000000000000e+003	  1.5103832979121403e+003	  3.8979206307326854e+003	
  9.3900000000000000e+003	  1.5103832979121403e+003	  3.8979206307326854e+003	
  9.4200000000000000e+003	  1.5103832979121403e+003	  3.8979206307326854e+003	
  9.4500000000000000e+003	  1.5103832979121403e+003	  3.8979206307326854e+003	
  9.4800000000000000e+003	  1.5103832979121403e+003	  3.8979206307326854e+003	
  9.5100000000000000e+003	  1.5103832979121403e+003	  3.8979206307326854e+003	
  9.5400000000000000e+003	  1.5103832979121403e+003	  3.8979206307326854e+003	
  9.5700000000000000e+003	  1.5103832979121403e+003	  3.8979206307326854e+003	
  9.6000000000000000e+003	  1.5103832979121403e+003	  3.8979206307326854e+003	
  9.6300000000000000e+003	  1.5103832979121403e+003	  3.8979206307326854e+003	
  9.6600000000000000e+003	  1.5103832979121403e+003	  3.8979206307326854e+003	
  9.6900000000000000e+003	  1.5103832979121403e+003	  3.8979206307326854e+003	
  9.7200000000000000e+003	  1.5103832979121403e+003	  3.8979206307326854e+003	
  9.7500000000000000e+003	  1.5103832979121403e+003	  3.8979206307326854e+003	
  9.7800000000000000e+003	  1.5103832979121403e+003	  3.8979206307326854e+003	
  9.8100000000000000e+003	  1.5103832979121403e+003	  3.8979206307326854e+003	
  9.8400000000000000e+003	  1.5103832979121403e+003	  3.8979206307326854e+003	
  9.8700000000000000e+003	  1.5103832979121403e+003	  3.8979206307326854e+003	
  9.9000000000000000e+003	  1.5103832979121403e+003	  3.8979206307326854e+003	
  9.9300000000000000e+003	  1.5103832979121403e+003	  3.8979206307326854e+003	
  9.9600000000000000e+003	  1.5103832979121403e+003	  3.8979206307326854e+003	
  9.9900000000000000e+003	  1.5103832979121403e+003	  3.8979206307326854e+003	
  1.0020000000000000e+004	  1.5103832979121403e+003	  3.8979206307326854e+003	
  1.0050000000000000e+004	  1.5103832979121403e+003	  3.8979206307326854e+003	
  1.0080000000000000e+004	  1.5103832979121403e+003	  3.8979206307326854e+003	
  1.0110000000000000e+004	  1.5103832979121403e+003	  3.8979206307326854e+003	
  1.0140000000000000e+004	  1.5103832979121403e+003	  3.8979206307326854e+003	
  1.0170000000000000e+004	  1.5103832979121403e+003	  3.8979206307326854e+003	
  1.0200000000000000e+004	  1.5103832979121403e+003	  3.8979206307326854e+003	
  1.0230000000000000e+004	  1.5103832979121403e+003	  3.8979206307326854e+003	
  1.0260000000000000e+004	  1.5103832979121403e+003	  3.8979206307326854e+003	
  1.0290000000000000e+004	  1.5103832979121403e+003	  3.8979206307326854e+003	
  1.0320000000000000e+004	  1.5103832979121403e+003	  3.8979206307326854e+003	
  1.0350000000000000e+004	  1.5103832979121403e+003	  3.8979206307326854e+003	
  1.0380000000000000e+004	  1.5103832979121403e+003	  3.8979206307326854e+003	
  1.0410000000000000e+004	  1.5103832979121403e+003	  3.8979206307326854e+003	
  1.0440000000000000e+004	  1.5103832979121403e+003	  3.8979206307326854e+003	
  1.0470000000000000e+004	  1.5103832979121403e+003	  3.8979206307326854e+003	
  1.0500000000000000e+004	  1.5103832979121403e+003	  3.8979206307326854e+003	
  1.0530000000000000e+004	  1.5103832979121403e+003	  3.8979206307326854e+003	
  1.0560000000000000e+004	  1.5199995775672551e+003	  3.9014682253498859e+003	
  1.0590000000000000e+004	  1.5577149179789585e+003	  3.9153819990159081e+003	
  1.0620000000000000e+004	  1.5954302583906622e+003	  3.9292957726819313e+003	
  1.0650000000000000e+004	  1.6331455988023656e+003	  3.9432095463479541e+003	
  1.0680000000000000e+004	  1.6708609392140693e+003	  3.9571233200139764e+003	
  1.0710000000000000e+004	  1.6766653014075705e+003	  3.9581320515897482e+003	
  1.0740000000000000e+004	  1.4879221032325142e+003	  3.9518982915504298e+003	
  1.0770000000000000e+004	  1.4480539131474970e+003	  3.9557943894099603e+003	
  1.0800000000000000e+004	  1.4272296352471967e+003	  3.9800503859400865e+003	
  1.0830000000000000e+004	  1.4423837725681847e+003	  3.9831004755394561e+003	
  1.0860000000000000e+004	  1.4480707872304442e+003	  3.9439947786236239e+003	
  1.0890000000000000e+004	  1.3690600462497148e+003	  3.9676385303652942e+003	
  1.0920000000000000e+004	  1.3124936245230808e+003	  3.9822655971672129e+003	
  1.0950000000000000e+004	  1.3409962143666839e+003	  4.0342840757779222e+003	
  1.0980000000000000e+004	  1.3612551627596001e+003	  4.0325920567669987e+003	
  1.1010000000000000e+004	  1.3708572819834412e+003	  4.0626365433987971e+003	
  1.1040000000000000e+004	  1.3979676487128795e+003	  4.1217904488778295e+003	
  1.1070000000000000e+004	  1.3972673175309760e+003	  4.1008071763511653e+003	
  1.1100000000000000e+004	  1.3410721498190921e+003	  4.0962097782476903e+003	
  1.1130000000000000e+004	  1.3227623211744483e+003	  4.1266550061225598e+003	
  1.1160000000000000e+004	  1.1939268821965811e+003	  4.1764916728811058e+003	
  1.1190000000000000e+004	  1.1831856711258238e+003	  4.1995454432895285e+003	
  1.1220000000000000e+004	  1.1913365074154938e+003	  4.2328849151468266e+003	
  1.1250000000000000e+004	  1.2069181478603844e+003	  4.2683765178629019e+003	
  1.1280000000000000e+004	  1.3307106428096945e+003	  4.2704544361275512e+003	
  1.1310000000000000e+004	  1.3928965826195188e+003	  4.2863505178479918e+003	
  1.1340000000000000e+004	  1.4004399029620104e+003	  4.2857494050206860e+003	
  1.1370000000000000e+004	  1.3396116642890374e+003	  4.2708506235932155e+003	
  1.1400000000000000e+004	  1.2694252350509921e+003	  4.2536597219461337e+003	
  1.1430000000000000e+004	  1.1992388058129463e+003	  4.2364688202990501e+003	
  1.1460000000000000e+004	  1.3442953605315270e+003	  4.2532225495274379e+003	
  1.1490000000000000e+004	  1.3604451420118835e+003	  4.2583876621827776e+003	
  1.1520000000000000e+004	  1.3565637928770948e+003	  4.2651557429619725e+003	
  1.1550000000000000e+004	  1.3565637928770948e+003	  4.2651557429619725e+003	
  1.1580000000000000e+004	  1.3565637928770948e+003	  4.2651557429619725e+003	
  1.1610000000000000e+004	  1.3565637928770948e+003	  4.2651557429619725e+003	
  1.1640000000000000e+004	  1.3565637928770948e+003	  4.2651557429619725e+003	
  1.1670000000000000e+004	  1.3565637928770948e+003	  4.2651557429619725e+003	
  1.1700000000000000e+004	  1.3565637928770948e+003	  4.2651557429619725e+003	
  1.1730000000000000e+004	  1.3565637928770948e+003	  4.2651557429619725e+003	
  1.1760000000000000e+004	  1.3565637928770948e+003	  4.2651557429619725e+003	
  1.1790000000000000e+004	  1.3565637928770948e+003	  4.2651557429619725e+003	
  1.1820000000000000e+004	  1.3464860107717418e+003	  4.2646961478623716e+003	
  1.1850000000000000e+004	  1.3152865025331753e+003	  4.2620388627725370e+003	
  1.1880000000000000e+004	  1.2947153586168627e+003	  4.2687178885890053e+003	
  1.1910000000000000e+004	  1.2443422173748188e+003	  4.2586102956585019e+003	
  1.1940000000000000e+004	  1.2313987616562436e+003	  4.2497717191687798e+003	
  1.1970000000000000e+004	  1.2317531434917078e+003	  4.2942762964937374e+003	
  1.2000000000000000e+004	  1.2491517082632267e+003	  4.3136899978282763e+003	
  1.2030000000000000e+004	  1.2617070294357757e+003	  4.3166510327986562e+003	
  1.2060000000000000e+004	  1.2939053379475777e+003	  4.3661648779558473e+003	
  1.2090000000000000e+004	  1.3590782342214136e+003	  4.3994486903700690e+003	
  1.2120000000000000e+004	  1.3644108689488271e+003	  4.3989143688268077e+003	
  1.2150000000000000e+004	  1.3522774333376362e+003	  4.4388104174183054e+003	
  1.2180000000000000e+004	  1.3836151026777461e+003	  4.4675747553724923e+003	
  1.2210000000000000e+004	  1.4272549544135838e+003	  4.4550181867909541e+003	
  1.2240000000000000e+004	  1.4358782918153481e+003	  4.5291999021637021e+003	
  1.2270000000000000e+004	  1.4187497395263065e+003	  4.5467657408711511e+003	
  1.2300000000000000e+004	  1.4446028899053738e+003	  4.5452963546897563e+003	
  1.2330000000000000e+004	  1.4633346081769689e+003	  4.5968139094797807e+003	
  1.2360000000000000e+004	  1.4906896743156583e+003	  4.6068101839076189e+003	
  1.2390000000000000e+004	  1.5108389352757065e+003	  4.6407618993006527e+003	
  1.2420000000000000e+004	  1.5252674212987647e+003	  4.6664316232294459e+003	
  1.2450000000000000e+004	  1.5463617052287107e+003	  4.6697488724527393e+003	
  1.2480000000000000e+004	  1.5335363807877868e+003	  4.7126282196618249e+003	
  1.2510000000000000e+004	  1.5530612476733331e+003	  4.7441086949120963e+003	
  1.2540000000000000e+004	  1.5495174086590591e+003	  4.7493628627222943e+003	
  1.2570000000000000e+004	  1.5231411193396602e+003	  4.8022830109677088e+003	
  1.2600000000000000e+004	  1.5074300997397520e+003	  4.8339861206286341e+003	
  1.2630000000000000e+004	  1.4943853925462945e+003	  4.8472105927848634e+003	
  1.2660000000000000e+004	  1.4860151848804148e+003	  4.8855704653794946e+003	
  1.2690000000000000e+004	  1.4611239314997567e+003	  4.8920268572088626e+003	
  1.2720000000000000e+004	  1.4201672757799429e+003	  4.8895333548122089e+003	
  1.2750000000000000e+004	  1.4178215898106171e+003	  4.9082346264836460e+003	
  1.2780000000000000e+004	  1.4178292604934934e+003	  4.9114729422634491e+003	
  1.2810000000000000e+004	  1.4616133173949115e+003	  4.9666761043081706e+003	
  1.2840000000000000e+004	  1.5160365648582451e+003	  4.9732438125705194e+003	
  1.2870000000000000e+004	  1.5183147485079860e+003	  4.9331696573397630e+003	
  1.2900000000000000e+004	  1.5102989196746453e+003	  4.9204795088497394e+003	
  1.2930000000000000e+004	  1.5410121934274639e+003	  4.9286056558295841e+003	
  1.2960000000000000e+004	  1.5470029698700564e+003	  4.9469729777590755e+003	
  1.2990000000000000e+004	  1.5477733021826848e+003	  4.9498981438495557e+003	
  1.3020000000000000e+004	  1.5410817271830620e+003	  4.9449352561902560e+003	
  1.3050000000000000e+004	  1.5343901521834396e+003	  4.9399723685309573e+003	
  1.3080000000000000e+004	  1.5276985771838167e+003	  4.9350094808716567e+003	
  1.3110000000000000e+004	  1.5210070021841941e+003	  4.9300465932123579e+003	
  1.3140000000000000e+004	  1.5143154271845717e+003	  4.9250837055530583e+003	
  1.3170000000000000e+004	  1.5076238521849489e+003	  4.9201208178937586e+003	
  1.3200000000000000e+004	  1.4605332883410399e+003	  4.8819192652727679e+003	
  1.3230000000000000e+004	  1.4698822745802113e+003	  4.8850806704993684e+003	
  1.3260000000000000e+004	  1.4451210281167869e+003	  4.8801846291797438e+003	
  1.3290000000000000e+004	  1.4141694700375058e+003	  4.8740645775302155e+003	
  1.3320000000000000e+004	  1.3832179119582247e+003	  4.8679445258806854e+003	
  1.3350000000000000e+004	  1.3522663538789441e+003	  4.8618244742311563e+003	
  1.3380000000000000e+004	  1.3213147957996630e+003	  4.8557044225816262e+003	
  1.3410000000000000e+004	  1.2903632377203821e+003	  4.8495843709320970e+003	
  1.3440000000000000e+004	  1.2594116796411010e+003	  4.8434643192825670e+003	
  1.3470000000000000e+004	  1.2346810338458606e+003	  4.8403311968389662e+003	
  1.3500000000000000e+004	  1.3131433245974767e+003	  4.8906019988661528e+003	
  1.3530000000000000e+004	  1.3702328857486079e+003	  4.9325685441562064e+003	
  1.3560000000000000e+004	  1.2997779861163485e+003	  4.8576966629616709e+003	
  1.3590000000000000e+004	  1.2997779861163485e+003	  4.8576966629616700e+003	
  1.3620000000000000e+004	  1.2997779861163485e+003	  4.8576966629616700e+003	
  1.3650000000000000e+004	  1.2997779861163485e+003	  4.8576966629616700e+003	
  1.3680000000000000e+004	  1.2997779861163485e+003	  4.8576966629616700e+003	
  1.3710000000000000e+004	  1.2997779861163485e+003	  4.8576966629616700e+003	
  1.3740000000000000e+004	  1.2997779861163485e+003	  4.8576966629616700e+003	
  1.3770000000000000e+004	  1.2997779861163485e+003	  4.8576966629616700e+003	
  1.3800000000000000e+004	  1.2997779861163485e+003	  4.8576966629616700e+003	
  1.3830000000000000e+004	  1.2997779861163485e+003	  4.8576966629616700e+003	
  1.3860000000000000e+004	  1.2997779861163485e+003	  4.8576966629616700e+003	
  1.3890000000000000e+004	  1.2997779861163485e+003	  4.8576966629616700e+003	
  1.3920000000000000e+004	  1.2997779861163485e+003	  4.8576966629616700e+003	
  1.3950000000000000e+004	  1.2997779861163485e+003	  4.8576966629616700e+003	
  1.3980000000000000e+004	  1.3246122475895374e+003	  4.8739836495501449e+003	
  1.4010000000000000e+004	  1.3582278900397746e+003	  4.8960297054935072e+003	
  1.4040000000000000e+004	  1.3795987500451979e+003	  4.9093032714822066e+003	
  1.4070000000000000e+004	  1.3679547048680245e+003	  4.9005537477388862e+003	
  1.4100000000000000e+004	  1.3679547048680245e+003	  4.9005537477388862e+003	
  1.4130000000000000e+004	  1.3679547048680245e+003	  4.9005537477388862e+003	
  1.4160000000000000e+004	  1.3679547048680245e+003	  4.9005537477388862e+003	
  1.4190000000000000e+004	  1.3679547048680245e+003	  4.9005537477388862e+003	
  1.4220000000000000e+004	  1.3679547048680245e+003	  4.9005537477388862e+003	
  1.4250000000000000e+004	  1.3679547048680245e+003	  4.9005537477388862e+003	
  1.4280000000000000e+004	  1.3679547048680245e+003	  4.9005537477388862e+003	
  1.4310000000000000e+004	  1.3679547048680245e+003	  4.9005537477388862e+003	
  1.4340000000000000e+004	  1.3679547048680245e+003	  4.9005537477388862e+003	
  1.4370000000000000e+004	  1.3679547048680245e+003	  4.9005537477388862e+003	
  1.4400000000000000e+004	  1.3679547048680245e+003	  4.9005537477388862e+003	
  1.4430000000000000e+004	  1.3679547048680245e+003	  4.9005537477388862e+003	
  1.4460000000000000e+004	  1.3679547048680245e+003	  4.9005537477388862e+003	
  1.4490000000000000e+004	  1.3679547048680245e+003	  4.9005537477388862e+003	
  1.4520000000000000e+004	  1.3679547048680245e+003	  4.9005537477388862e+003	
  1.4550000000000000e+004	  1.3679547048680245e+003	  4.9005537477388862e+003	
  1.4580000000000000e+004	  1.3679547048680245e+003	  4.9005537477388862e+003	
  1.4610000000000000e+004	  1.3679547048680245e+003	  4.9005537477388862e+003	
  1.4640000000000000e+004	  1.3679547048680245e+003	  4.9005537477388862e+003	
  1.4670000000000000e+004	  1.3679547048680245e+003	  4.9005537477388862e+003	
  1.4700000000000000e+004	  1.3679547048680245e+003	  4.9005537477388862e+003	
  1.4730000000000000e+004	  1.3679547048680245e+003	  4.9005537477388862e+003	
  1.4760000000000000e+004	  1.3679547048680245e+003	  4.9005537477388862e+003	
  1.4790000000000000e+004	  1.3679547048680245e+003	  4.9005537477388862e+003	
  1.4820000000000000e+004	  1.3679547048680245e+003	  4.9005537477388862e+003	
  1.4850000000000000e+004	  1.3679547048680245e+003	  4.9005537477388862e+003	
  1.4880000000000000e+004	  1.3679547048680245e+003	  4.9005537477388862e+003	
  1.4910000000000000e+004	  1.3679547048680245e+003	  4.9005537477388862e+003	
  1.4940000000000000e+004	  1.3679547048680245e+003	  4.9005537477388862e+003	
  1.4970000000000000e+004	  1.3679547048680245e+003	  4.9005537477388862e+003	
  1.5000000000000000e+004	  1.3679547048680245e+003	  4.9005537477388862e+003	
  1.5030000000000000e+004	  1.3679547048680245e+003	  4.9005537477388862e+003	
  1.5060000000000000e+004	  1.3679547048680245e+003	  4.9005537477388862e+003	
  1.5090000000000000e+004	  1.3679547048680245e+003	  4.9005537477388862e+003	
  1.5120000000000000e+004	  1.3679547048680245e+003	  4.9005537477388862e+003	
  1.5150000000000000e+004	  1.3679547048680245e+003	  4.9005537477388862e+003	
  1.5180000000000000e+004	  1.3679547048680245e+003	  4.9005537477388862e+003	
  1.5210000000000000e+004	  1.3679547048680245e+003	  4.9005537477388862e+003	
  1.5240000000000000e+004	  1.3679547048680245e+003	  4.9005537477388862e+003	
  1.5270000000000000e+004	  1.3679547048680245e+003	  4.9005537477388862e+003	
  1.5300000000000000e+004	  1.3679547048680245e+003	  4.9005537477388862e+003	
  1.5330000000000000e+004	  1.3679547048680245e+003	  4.9005537477388862e+003	
  1.5360000000000000e+004	  1.3679547048680245e+003	  4.9005537477388862e+003	
  1.5390000000000000e+004	  1.3679547048680245e+003	  4.9005537477388862e+003	
  1.5420000000000000e+004	  1.3679547048680245e+003	  4.9005537477388862e+003	
  1.5450000000000000e+004	  1.3679547048680245e+003	  4.9005537477388862e+003	
  1.5480000000000000e+004	  1.3679547048680245e+003	  4.9005537477388862e+003	
  1.5510000000000000e+004	  1.3679547048680245e+003	  4.9005537477388862e+003	
  1.5540000000000000e+004	  1.3679547048680245e+003	  4.9005537477388862e+003	
  1.5570000000000000e+004	  1.3679547048680245e+003	  4.9005537477388862e+003	
  1.5600000000000000e+004	  1.3679547048680245e+003	  4.9005537477388862e+003	
  1.5630000000000000e+004	  1.3679547048680245e+003	  4.9005537477388862e+003	
  1.5660000000000000e+004	  1.3679547048680245e+003	  4.9005537477388862e+003	
  1.5690000000000000e+004	  1.3679547048680245e+003	  4.9005537477388862e+003	
  1.5720000000000000e+004	  1.3679547048680245e+003	  4.9005537477388862e+003	
  1.5750000000000000e+004	  1.3679547048680245e+003	  4.9005537477388862e+003	
  1.5780000000000000e+004	  1.3679547048680245e+003	  4.9005537477388862e+003	
  1.5810000000000000e+004	  1.3679547048680245e+003	  4.9005537477388862e+003	
  1.5840000000000000e+004	  1.3679547048680245e+003	  4.9005537477388862e+003	
  1.5870000000000000e+004	  1.3679547048680245e+003	  4.9005537477388862e+003	
  1.5900000000000000e+004	  1.3679547048680245e+003	  4.9005537477388862e+003	
  1.5930000000000000e+004	  1.3679547048680245e+003	  4.9005537477388862e+003	
  1.5960000000000000e+004	  1.3679547048680245e+003	  4.9005537477388862e+003	
  1.5990000000000000e+004	  1.3679547048680245e+003	  4.9005537477388862e+003	
  1.6020000000000000e+004	  1.3679547048680245e+003	  4.9005537477388862e+003	
  1.6050000000000000e+004	  1.3679547048680245e+003	  4.9005537477388862e+003	
  1.6080000000000000e+004	  1.3679547048680245e+003	  4.9005537477388862e+003	
  1.6110000000000000e+004	  1.3679547048680245e+003	  4.9005537477388862e+003	
  1.6140000000000000e+004	  1.3679547048680245e+003	  4.9005537477388862e+003	
  1.6170000000000000e+004	  1.3679547048680245e+003	  4.9005537477388862e+003	
  1.6200000000000000e+004	  1.3679547048680245e+003	  4.9005537477388862e+003	
  1.6230000000000000e+004	  1.3679547048680245e+003	  4.9005537477388862e+003	
  1.6260000000000000e+004	  1.3679547048680245e+003	  4.9005537477388862e+003	
  1.6290000000000000e+004	  1.3679547048680245e+003	  4.9005537477388862e+003	
  1.6320000000000000e+004	  1.3679547048680245e+003	  4.9005537477388862e+003	
  1.6350000000000000e+004	  1.3679547048680245e+003	  4.9005537477388862e+003	
  1.6380000000000000e+004	  1.3679547048680245e+003	  4.9005537477388862e+003	
  1.6410000000000000e+004	  1.3679547048680245e+003	  4.9005537477388862e+003	
  1.6440000000000000e+004	  1.3679547048680245e+003	  4.9005537477388862e+003	
  1.6470000000000000e+004	  1.3679547048680245e+003	  4.9005537477388862e+003	
  1.6500000000000000e+004	  1.3679547048680245e+003	  4.9005537477388862e+003	
  1.6530000000000000e+004	  1.3679547048680245e+003	  4.9005537477388862e+003	
  1.6560000000000000e+004	  1.3912962421019854e+003	  4.9166174400952104e+003	
  1.6590000000000000e+004	  1.4244118710690620e+003	  4.9394076818252770e+003	
  1.6620000000000000e+004	  1.4548800207483284e+003	  4.9765165374752060e+003	
  1.6650000000000000e+004	  1.4882343021224053e+003	  4.9543310375206620e+003	
  1.6680000000000000e+004	  1.5289968927707353e+003	  4.9564460634690704e+003	
  1.6710000000000000e+004	  1.5450369833395039e+003	  4.9601529228216332e+003	
  1.6740000000000000e+004	  1.5430372452755380e+003	  4.9575481030874016e+003	
  1.6770000000000000e+004	  1.5430372452755380e+003	  4.9575481030874016e+003	
  1.6800000000000000e+004	  1.5430372452755380e+003	  4.9575481030874016e+003	
  1.6830000000000000e+004	  1.5430372452755380e+003	  4.9575481030874016e+003	
  1.6860000000000000e+004	  1.5430372452755380e+003	  4.9575481030874016e+003	
  1.6890000000000000e+004	  1.5430372452755380e+003	  4.9575481030874016e+003	
  1.6920000000000000e+004	  1.5430372452755380e+003	  4.9575481030874016e+003	
  1.6950000000000000e+004	  1.5430372452755380e+003	  4.9575481030874016e+003	
  1.6980000000000000e+004	  1.5430372452755380e+003	  4.9575481030874016e+003	
  1.7010000000000000e+004	  1.5430372452755380e+003	  4.9575481030874016e+003	
  1.7040000000000000e+004	  1.5430372452755380e+003	  4.9575481030874016e+003	
  1.7070000000000000e+004	  1.5430372452755380e+003	  4.9575481030874016e+003	
  1.7100000000000000e+004	  1.5430372452755380e+003	  4.9575481030874016e+003	
  1.7130000000000000e+004	  1.5430372452755380e+003	  4.9575481030874016e+003	
  1.7160000000000000e+004	  1.5430372452755380e+003	  4.9575481030874016e+003	
  1.7190000000000000e+004	  1.5430372452755380e+003	  4.9575481030874016e+003	
  1.7220000000000000e+004	  1.5530111333682232e+003	  4.9504713400465953e+003	
  1.7250000000000000e+004	  1.5857968167538102e+003	  4.9272089462544664e+003	
  1.7280000000000000e+004	  1.5963973418236226e+003	  4.9172513114022895e+003	
  1.7310000000000000e+004	  1.5920603561954019e+003	  4.8888877153680514e+003	
  1.7340000000000000e+004	  1.5956716987196942e+003	  4.8541345168297576e+003	
  1.7370000000000000e+004	  1.6394802998581545e+003	  4.8637077870907251e+003	
  1.7400000000000000e+004	  1.6822763799923637e+003	  4.8772216833534558e+003	
  1.7430000000000000e+004	  1.6867044942492464e+003	  4.8956406554152591e+003	
  1.7460000000000000e+004	  1.6637201644235063e+003	  4.8830039384965321e+003	
  1.7490000000000000e+004	  1.6407358345977661e+003	  4.8703672215778051e+003	
  1.7520000000000000e+004	  1.6177515047720260e+003	  4.8577305046590791e+003	
  1.7550000000000000e+004	  1.5947671749462859e+003	  4.8450937877403512e+003	
  1.7580000000000000e+004	  1.6174325572608186e+003	  4.8321159945665922e+003	
  1.7610000000000000e+004	  1.5557444416439116e+003	  4.8425464061702414e+003	
  1.7640000000000000e+004	  1.5354348628086452e+003	  4.8634517572543318e+003	
  1.7670000000000000e+004	  1.5494752172993399e+003	  4.8814406025910030e+003	
  1.7700000000000000e+004	  1.5310303790447208e+003	  4.9090249777776544e+003	
  1.7730000000000000e+004	  1.5305494289390022e+003	  4.9212587287100787e+003	
