  0.0000000000000000e+000	  4.3268917572313612e+003	  5.9198844282079763e+003	
  3.0000000000000000e+001	  4.2913689875157379e+003	  5.8339476274445924e+003	
  6.0000000000000000e+001	  4.0773042226264552e+003	  5.4285307504869506e+003	
  9.0000000000000000e+001	  4.0446502767630400e+003	  5.4089389415915839e+003	
  1.2000000000000000e+002	  4.0460846881969874e+003	  5.4041523061004391e+003	
  1.5000000000000000e+002	  3.9482916007381759e+003	  5.2185867011862783e+003	
  1.8000000000000000e+002	  3.6928820438301523e+003	  4.7752106927307359e+003	
  2.1000000000000000e+002	  3.4679326267845208e+003	  4.7375855126731612e+003	
  2.4000000000000000e+002	  3.4838799055877703e+003	  4.7578452245304043e+003	
  2.7000000000000000e+002	  3.3546141498978768e+003	  4.8709433979445594e+003	
  3.0000000000000000e+002	  3.3040722505842186e+003	  4.9021121869000872e+003	
  3.3000000000000000e+002	  3.2586773561029649e+003	  4.9408505375800250e+003	
  3.6000000000000000e+002	  3.0714445166603364e+003	  5.0164348467438467e+003	
  3.9000000000000000e+002	  2.9710357356245463e+003	  5.0708689090333719e+003	
  4.2000000000000000e+002	  2.8562828435288061e+003	  5.1697184943065740e+003	
  4.5000000000000000e+002	  2.7854060557993653e+003	  5.1122788719319287e+003	
  4.8000000000000000e+002	  2.7117448277224958e+003	  5.0094218689836389e+003	
  5.1000000000000000e+002	  2.5539596014801332e+003	  4.7444871729226934e+003	
  5.4000000000000000e+002	  2.5544658653384067e+003	  4.7384760496684494e+003	
  5.7000000000000000e+002	  2.5414717853138868e+003	  4.7274556567658274e+003	
  6.0000000000000000e+002	  2.4973425492330216e+003	  4.7130957508063357e+003	
  6.3000000000000000e+002	  2.4953174971826015e+003	  4.6829288171206344e+003	
  6.6000000000000000e+002	  2.4693293433069584e+003	  4.6360643184802857e+003	
  6.9000000000000000e+002	  2.4145685893548994e+003	  4.5588102504003164e+003	
  7.2000000000000000e+002	  2.3564327480952538e+003	  4.5155078987473498e+003	
  7.5000000000000000e+002	  2.3254663443696140e+003	  4.5200719004568464e+003	
  7.8000000000000000e+002	  2.3112909867820649e+003	  4.4920199905836653e+003	
  8.1000000000000000e+002	  2.3095190648485905e+003	  4.5416674170325323e+003	
  8.4000000000000000e+002	  2.2821808786483080e+003	  4.4851183303093994e+003	
  8.7000000000000000e+002	  2.2894373103519179e+003	  4.4935784315595029e+003	
  9.0000000000000000e+002	  2.2820964997092428e+003	  4.4992556018840851e+003	
  9.3000000000000000e+002	  2.2819277443457254e+003	  4.4804430120332299e+003	
  9.6000000000000000e+002	  2.3105315921943202e+003	  4.4901275985656648e+003	
  9.9000000000000000e+002	  2.3439449339939865e+003	  4.5586989337129380e+003	
  1.0200000000000000e+003	  2.3690893168998086e+003	  4.5961014791689986e+003	
  1.0500000000000000e+003	  2.3695112033012460e+003	  4.5893111369142180e+003	
  1.0800000000000000e+003	  2.3813239985382784e+003	  4.5748399130802745e+003	
  1.1100000000000000e+003	  2.3780332930889199e+003	  4.5836339649252632e+003	
  1.1400000000000000e+003	  2.3373635171590386e+003	  4.5212963899577526e+003	
  1.1700000000000000e+003	  2.3061439799445034e+003	  4.5191813625671875e+003	
  1.2000000000000000e+003	  2.3499357106473408e+003	  4.5231887787243777e+003	
  1.2300000000000000e+003	  2.3597234552708342e+003	  4.5359902444902418e+003	
  1.2600000000000000e+003	  2.3798052130489700e+003	  4.5477898568114852e+003	
  1.2900000000000000e+003	  2.4046120890025527e+003	  4.5368807829244570e+003	
  1.3200000000000000e+003	  2.4061308775594093e+003	  4.5382165873404056e+003	
  1.3500000000000000e+003	  2.4022495275845922e+003	  4.5480124912082165e+003	
  1.3800000000000000e+003	  2.4128810468659426e+003	  4.5421126864725466e+003	
  1.4100000000000000e+003	  2.4052871052020128e+003	  4.5422240029780578e+003	
  1.4400000000000000e+003	  2.3966806367711042e+003	  4.5514633229384690e+003	
  1.4700000000000000e+003	  2.4110247476872623e+003	  4.5354336592910713e+003	
  1.5000000000000000e+003	  2.4131341776751028e+003	  4.5284206828850565e+003	
  1.5300000000000000e+003	  2.4250313523769128e+003	  4.5159531673174806e+003	
  1.5600000000000000e+003	  2.4127966677717254e+003	  4.5240793164135603e+003	
  1.5900000000000000e+003	  2.4200531018051297e+003	  4.5264169750057781e+003	
  1.6200000000000000e+003	  2.4024182830210279e+003	  4.5371034170974290e+003	
  1.6500000000000000e+003	  2.3928836657568008e+003	  4.5389958074528940e+003	
  1.6800000000000000e+003	  2.3771051448617027e+003	  4.5201832182206954e+003	
  1.7100000000000000e+003	  2.2740806737644930e+003	  4.5384392216627120e+003	
  1.7400000000000000e+003	  2.2917154935816548e+003	  4.5802944515767158e+003	
  1.7700000000000000e+003	  2.4023339049046704e+003	  4.7480493216653131e+003	
  1.8000000000000000e+003	  2.5548033730539082e+003	  4.9765833258716002e+003	
  1.8300000000000000e+003	  2.6970632056686500e+003	  5.2024457214268405e+003	
  1.8600000000000000e+003	  2.7979782479726473e+003	  5.3941337666315221e+003	
  1.8900000000000000e+003	  2.8073441126930497e+003	  5.3932432308740990e+003	
  1.9200000000000000e+003	  2.8589829109272869e+003	  5.5207013101699749e+003	
  1.9500000000000000e+003	  2.9421787582245847e+003	  5.6715359787749248e+003	
  1.9800000000000000e+003	  2.9603198413522928e+003	  5.7140591125791807e+003	
  2.0100000000000000e+003	  2.9573666407518172e+003	  5.7199589168506864e+003	
  2.0400000000000000e+003	  3.0735539451926138e+003	  5.9512758505749653e+003	
  2.0700000000000000e+003	  3.1131268152085740e+003	  6.0222961611169949e+003	
  2.1000000000000000e+003	  3.2882093496602265e+003	  6.3452270667804187e+003	
  2.1300000000000000e+003	  3.4702951864816159e+003	  6.6694937787831223e+003	
  2.1600000000000000e+003	  3.5912919841972689e+003	  6.8712003631272819e+003	
  2.1900000000000000e+003	  3.6827567879298913e+003	  7.0456342574660957e+003	
  2.2200000000000000e+003	  3.7071417780535098e+003	  7.0506435262993700e+003	
  2.2500000000000000e+003	  3.7464615189777273e+003	  7.1437046228638128e+003	
  2.2800000000000000e+003	  3.8297417397551699e+003	  7.3192516894281298e+003	
  2.3100000000000000e+003	  3.9553792780167137e+003	  7.5460046219880342e+003	
  2.3400000000000000e+003	  4.0729166123704654e+003	  7.7557260373721374e+003	
  2.3700000000000000e+003	  4.1317274688267071e+003	  7.8509021573739974e+003	
  2.4000000000000000e+003	  4.1503748138351302e+003	  7.8815143601292148e+003	
  2.4300000000000000e+003	  4.2088481613882568e+003	  7.9973954604144656e+003	
  2.4600000000000000e+003	  4.3468047574931406e+003	  8.2513097647805607e+003	
  2.4900000000000000e+003	  4.4186940671887833e+003	  8.3843336993664234e+003	
  2.5200000000000000e+003	  4.4425727940849620e+003	  8.4141666818947742e+003	
  2.5500000000000000e+003	  4.4845082236348835e+003	  8.5156878767732087e+003	
  2.5800000000000000e+003	  4.5149683662237494e+003	  8.6832201119194960e+003	
  2.6100000000000000e+003	  4.4202972335570830e+003	  8.7145002167325783e+003	
  2.6400000000000000e+003	  4.3760836199041305e+003	  8.6373574666595359e+003	
  2.6700000000000000e+003	  4.3614020000493874e+003	  8.6046302389569737e+003	
  2.7000000000000000e+003	  4.3139820580838323e+003	  8.5206971462625461e+003	
  2.7300000000000000e+003	  4.3144039424094062e+003	  8.5263743186187367e+003	
  2.7600000000000000e+003	  4.3134757943579925e+003	  8.5290459282877600e+003	
  2.7900000000000000e+003	  4.3152477129127246e+003	  8.5209197801673145e+003	
  2.8200000000000000e+003	  4.3172727646569547e+003	  8.5241479769197867e+003	
  2.8500000000000000e+003	  4.3144883189299144e+003	  8.5233687566447734e+003	
  2.8800000000000000e+003	  4.3166821238290286e+003	  8.5233687566447734e+003	
  2.9100000000000000e+003	  4.3172727646569547e+003	  8.5288232941640708e+003	
  2.9400000000000000e+003	  4.3160071072205164e+003	  8.5243706102353372e+003	
  2.9700000000000000e+003	  4.3162602403562714e+003	  8.5298251488177375e+003	
  3.0000000000000000e+003	  4.3134757943579925e+003	  8.5288232941640708e+003	
  3.0300000000000000e+003	  4.3139820580838323e+003	  8.5259290496432368e+003	
  3.0600000000000000e+003	  4.3143195642387200e+003	  8.5258177331359930e+003	
  3.0900000000000000e+003	  4.3151633365885755e+003	  8.5244819276265735e+003	
  3.1200000000000000e+003	  4.3126320227589722e+003	  8.5268195865878533e+003	
  3.1500000000000000e+003	  4.3132226632472266e+003	  8.5269309037870371e+003	
  3.1800000000000000e+003	  4.3113663647552476e+003	  8.5271535385925563e+003	
  3.2100000000000000e+003	  4.3103538402598315e+003	  8.5279327583313916e+003	
  3.2400000000000000e+003	  4.3098475778799320e+003	  8.5271535385925563e+003	
  3.2700000000000000e+003	  4.3094256918458541e+003	  8.5280440747692992e+003	
  3.3000000000000000e+003	  4.3101007081203879e+003	  8.5263743186187367e+003	
  3.3300000000000000e+003	  4.3102694624361966e+003	  8.5267082700540559e+003	
  3.3600000000000000e+003	  4.3109444806877818e+003	  8.5263743186187367e+003	
  3.3900000000000000e+003	  4.3122101368384474e+003	  8.5264856358046709e+003	
  3.4200000000000000e+003	  4.3131382850031932e+003	  8.5265969525966648e+003	
  3.4500000000000000e+003	  4.3138976800365353e+003	  8.5263743186187367e+003	
  3.4800000000000000e+003	  4.3162602403562714e+003	  8.5259290496432368e+003	
  3.5100000000000000e+003	  4.3138976800365353e+003	  8.5287119767762342e+003	
  3.5400000000000000e+003	  4.3135601722819056e+003	  8.5279327583313916e+003	
  3.5700000000000000e+003	  4.3137289252722567e+003	  8.5251498300567928e+003	
  3.6000000000000000e+003	  4.3143195642387200e+003	  8.5168010478534488e+003	
  3.6300000000000000e+003	  4.3164289924157320e+003	  8.5179142187349808e+003	
  3.6600000000000000e+003	  4.3160914858843971e+003	  8.5182481704749844e+003	
  3.6900000000000000e+003	  4.3139820580838323e+003	  8.5235913901788044e+003	
  3.7200000000000000e+003	  4.3139820580838323e+003	  8.5240366588762026e+003	
  3.7500000000000000e+003	  4.3145726958938330e+003	  8.5195839758776019e+003	
  3.7800000000000000e+003	  4.3146570733011386e+003	  8.5202518779627662e+003	
  3.8100000000000000e+003	  4.3147414511518027e+003	  8.5210310986484637e+003	
  3.8400000000000000e+003	  4.3149945810838290e+003	  8.5245932451535609e+003	
  3.8700000000000000e+003	  4.3155008445451149e+003	  8.5241479769197867e+003	
  3.9000000000000000e+003	  4.3156695990901071e+003	  8.5238140247858028e+003	
  3.9300000000000000e+003	  4.3160071072205164e+003	  8.5234800738737558e+003	
  3.9600000000000000e+003	  4.3167665018531179e+003	  8.5232574395515694e+003	
  3.9900000000000000e+003	  4.3150789586145465e+003	  8.5257064157050627e+003	
  4.0200000000000000e+003	  4.3164289924157320e+003	  8.5247045622865116e+003	
  4.0500000000000000e+003	  4.3002285856765511e+003	  8.4997695314794819e+003	
  4.0800000000000000e+003	  4.2832687824814420e+003	  8.4591387901777889e+003	
  4.1100000000000000e+003	  4.2506992124083972e+003	  8.4018104829611329e+003	
  4.1400000000000000e+003	  4.1205053101734657e+003	  8.1697143312949756e+003	
  4.1700000000000000e+003	  4.0452409159749691e+003	  8.0393620070778752e+003	
  4.2000000000000000e+003	  4.0078618494833008e+003	  7.9539817910234988e+003	
  4.2300000000000000e+003	  4.0087899991537142e+003	  7.9533138891670515e+003	
  4.2600000000000000e+003	  3.9852487799995806e+003	  7.9087870489710804e+003	
  4.2900000000000000e+003	  3.9285473514541218e+003	  7.8148354167695761e+003	
  4.3200000000000000e+003	  4.0173120881630507e+003	  7.7405869112009213e+003	
  4.3500000000000000e+003	  4.0919858428622474e+003	  7.6976185106339544e+003	
  4.3800000000000000e+003	  4.1216865908332147e+003	  7.6742419202423334e+003	
  4.4100000000000000e+003	  4.1258210696420092e+003	  7.6743532370775392e+003	
  4.4400000000000000e+003	  4.1382245062791962e+003	  7.6715703096507823e+003	
  4.4700000000000000e+003	  4.1297024183747581e+003	  7.6701231874208552e+003	
  4.5000000000000000e+003	  4.1426121171029909e+003	  7.6601046485200513e+003	
  4.5300000000000000e+003	  4.1546780456227434e+003	  7.6026650245310211e+003	
  4.5600000000000000e+003	  4.0479409838512856e+003	  7.3979528791822922e+003	
  4.5900000000000000e+003	  3.9683733549153308e+003	  7.2505690385919825e+003	
  4.6200000000000000e+003	  3.9707359147949292e+003	  7.2421089392661343e+003	
  4.6500000000000000e+003	  3.8597799959057697e+003	  7.0611073346862322e+003	
  4.6800000000000000e+003	  3.8045129793966812e+003	  6.9513486744461161e+003	
  4.7100000000000000e+003	  3.8096599841935868e+003	  6.9283060350918631e+003	
  4.7400000000000000e+003	  3.7174357855303697e+003	  6.7911633678405678e+003	
  4.7700000000000000e+003	  3.6552498451793108e+003	  6.6948740773538739e+003	
  4.8000000000000000e+003	  3.6684970541866537e+003	  6.6873045139286396e+003	
  4.8300000000000000e+003	  3.6106143463024769e+003	  6.6020356157007100e+003	
  4.8600000000000000e+003	  3.5726446408989486e+003	  6.5527221407002935e+003	
  4.8900000000000000e+003	  3.5715477367664703e+003	  6.5558390192259312e+003	
  4.9200000000000000e+003	  3.5502847030004768e+003	  6.5106442759216689e+003	
  4.9500000000000000e+003	  3.6058892273252704e+003	  6.4543178250394812e+003	
  4.9800000000000000e+003	  3.6756691096446530e+003	  6.4016648359970532e+003	
  5.0100000000000000e+003	  3.7691589640488446e+003	  6.3316463807538930e+003	
  5.0400000000000000e+003	  3.8300792481419885e+003	  6.3101621806509547e+003	
  5.0700000000000000e+003	  3.9450008913560873e+003	  6.2626297788979164e+003	
  5.1000000000000000e+003	  3.9786673645059227e+003	  6.2405889933563794e+003	
  5.1300000000000000e+003	  4.0336812491508995e+003	  6.2123144498886159e+003	
  5.1600000000000000e+003	  4.0279436064030519e+003	  6.2086409851005092e+003	
  5.1900000000000000e+003	  4.1019423436986681e+003	  6.1530937528308659e+003	
  5.2200000000000000e+003	  4.1154426826153040e+003	  6.1549861432544030e+003	
  5.2500000000000000e+003	  4.1886820266365357e+003	  6.1176949157601548e+003	
  5.2800000000000000e+003	  4.3464672489064315e+003	  6.0286412358687976e+003	
  5.3100000000000000e+003	  4.3662958723561806e+003	  6.0397729461915542e+003	
  5.3400000000000000e+003	  4.3851963498586538e+003	  6.0638174384800459e+003	
  5.3700000000000000e+003	  4.3740585684188045e+003	  6.0560252414134238e+003	
  5.4000000000000000e+003	  4.3630051657138520e+003	  6.0458953858016057e+003	
  5.4300000000000000e+003	  4.3592081961568938e+003	  6.0412200670357834e+003	
  5.4600000000000000e+003	  4.3698397112962321e+003	  6.0757283683463656e+003	
  5.4900000000000000e+003	  4.3659348496078974e+003	  6.0769163592109599e+003	
  5.5200000000000000e+003	  4.3579259390996494e+003	  6.0601640479616417e+003	
  5.5500000000000000e+003	  4.3477666576597549e+003	  6.0326263878478676e+003	
  5.5800000000000000e+003	  4.3792224484871658e+003	  6.0312571865716300e+003	
  5.6100000000000000e+003	  4.4113110688875686e+003	  6.0320809336252441e+003	
  5.6400000000000000e+003	  4.4044090198876020e+003	  6.0436913072560637e+003	
  5.6700000000000000e+003	  4.3992535776881623e+003	  6.0453610631467618e+003	
  5.7000000000000000e+003	  4.3965956995677243e+003	  6.0458508593980196e+003	
  5.7300000000000000e+003	  4.4005529857325319e+003	  6.0460400981677485e+003	
  5.7600000000000000e+003	  4.4045524621590639e+003	  6.0414427011826110e+003	
  5.7900000000000000e+003	  4.4030674229251545e+003	  6.0414093061267022e+003	
  5.8200000000000000e+003	  4.4080794265421555e+003	  6.0427228485955529e+003	
  5.8500000000000000e+003	  4.4204828623674466e+003	  6.0429232192212776e+003	
  5.8800000000000000e+003	  4.4187531307135423e+003	  6.0512386057034964e+003	
  5.9100000000000000e+003	  4.2407342764688447e+003	  6.1147227478071527e+003	
  5.9400000000000000e+003	  4.2127463832415979e+003	  6.1372978563850829e+003	
  5.9700000000000000e+003	  4.0143757647867033e+003	  6.2261956927029569e+003	
  6.0000000000000000e+003	  3.9227928338818724e+003	  6.2825444079454901e+003	
  6.0300000000000000e+003	  3.8240715970066276e+003	  6.3042067159444878e+003	
  6.0600000000000000e+003	  3.7373909770847558e+003	  6.3750155227364630e+003	
  6.0900000000000000e+003	  3.6555873544115807e+003	  6.3576500547317055e+003	
  6.1200000000000000e+003	  3.5729315213183881e+003	  6.2167226072627564e+003	
  6.1500000000000000e+003	  3.5388009760819282e+003	  6.1483516446289232e+003	
  6.1800000000000000e+003	  3.5138928481895118e+003	  6.1084333330380105e+003	
  6.2100000000000000e+003	  3.4955914489390861e+003	  6.0708415479872965e+003	
  6.2400000000000000e+003	  3.4037553868381256e+003	  5.8865115637232693e+003	
  6.2700000000000000e+003	  3.3181041667173863e+003	  5.8069198359351230e+003	
  6.3000000000000000e+003	  3.2567788701193813e+003	  5.8493761786772375e+003	
  6.3300000000000000e+003	  3.2151978253934858e+003	  5.8509234857904748e+003	
  6.3600000000000000e+003	  3.1973098735293543e+003	  5.8509902754043778e+003	
  6.3900000000000000e+003	  3.1780296990058023e+003	  5.8126192716338755e+003	
  6.4200000000000000e+003	  3.1817407601298746e+003	  5.7919507217299506e+003	
  6.4500000000000000e+003	  3.1759202722585551e+003	  5.8155580432706320e+003	
  6.4800000000000000e+003	  3.1337992106275797e+003	  5.8174726977199953e+003	
  6.5100000000000000e+003	  3.1337992106275797e+003	  5.8174726977199953e+003	
  6.5400000000000000e+003	  3.1337992106275797e+003	  5.8174726977199953e+003	
  6.5700000000000000e+003	  3.1337992106275797e+003	  5.8174726977199953e+003	
  6.6000000000000000e+003	  3.1337992106275797e+003	  5.8174726977199953e+003	
  6.6300000000000000e+003	  3.1337992106275797e+003	  5.8174726977199953e+003	
  6.6600000000000000e+003	  3.1337992106275797e+003	  5.8174726977199953e+003	
  6.6900000000000000e+003	  3.1337992106275797e+003	  5.8174726977199953e+003	
  6.7200000000000000e+003	  3.1337992106275797e+003	  5.8174726977199953e+003	
  6.7500000000000000e+003	  3.1337992106275797e+003	  5.8174726977199953e+003	
  6.7800000000000000e+003	  3.1337992106275797e+003	  5.8174726977199953e+003	
  6.8100000000000000e+003	  3.1337992106275797e+003	  5.8174726977199953e+003	
  6.8400000000000000e+003	  3.1337992106275797e+003	  5.8174726977199953e+003	
  6.8700000000000000e+003	  3.1337992106275797e+003	  5.8174726977199953e+003	
  6.9000000000000000e+003	  3.1337992106275797e+003	  5.8174726977199953e+003	
  6.9300000000000000e+003	  3.1337992106275797e+003	  5.8174726977199953e+003	
  6.9600000000000000e+003	  3.1337992106275797e+003	  5.8174726977199953e+003	
  6.9900000000000000e+003	  3.1337992106275797e+003	  5.8174726977199953e+003	
  7.0200000000000000e+003	  3.1337992106275797e+003	  5.8174726977199953e+003	
  7.0500000000000000e+003	  3.1337992106275797e+003	  5.8174726977199953e+003	
  7.0800000000000000e+003	  3.1337992106275797e+003	  5.8174726977199953e+003	
  7.1100000000000000e+003	  3.1337992106275797e+003	  5.8174726977199953e+003	
  7.1400000000000000e+003	  3.1337992106275797e+003	  5.8174726977199953e+003	
  7.1700000000000000e+003	  3.1337992106275797e+003	  5.8174726977199953e+003	
  7.2000000000000000e+003	  3.1337992106275797e+003	  5.8174726977199953e+003	
  7.2300000000000000e+003	  3.1337992106275797e+003	  5.8174726977199953e+003	
  7.2600000000000000e+003	  3.1337992106275797e+003	  5.8174726977199953e+003	
  7.2900000000000000e+003	  3.1337992106275797e+003	  5.8174726977199953e+003	
  7.3200000000000000e+003	  3.1337992106275797e+003	  5.8174726977199953e+003	
  7.3500000000000000e+003	  3.1337992106275797e+003	  5.8174726977199953e+003	
  7.3800000000000000e+003	  3.1337992106275797e+003	  5.8174726977199953e+003	
  7.4100000000000000e+003	  3.1337992106275797e+003	  5.8174726977199953e+003	
  7.4400000000000000e+003	  3.1337992106275797e+003	  5.8174726977199953e+003	
  7.4700000000000000e+003	  3.1337992106275797e+003	  5.8174726977199953e+003	
  7.5000000000000000e+003	  3.1337992106275797e+003	  5.8174726977199953e+003	
  7.5300000000000000e+003	  3.1337992106275797e+003	  5.8174726977199953e+003	
  7.5600000000000000e+003	  3.1337992106275797e+003	  5.8174726977199953e+003	
  7.5900000000000000e+003	  3.1337992106275797e+003	  5.8174726977199953e+003	
  7.6200000000000000e+003	  3.1337992106275797e+003	  5.8174726977199953e+003	
  7.6500000000000000e+003	  3.1337992106275797e+003	  5.8174726977199953e+003	
  7.6800000000000000e+003	  3.1337992106275797e+003	  5.8174726977199953e+003	
  7.7100000000000000e+003	  3.1337992106275797e+003	  5.8174726977199953e+003	
  7.7400000000000000e+003	  3.1337992106275797e+003	  5.8174726977199953e+003	
  7.7700000000000000e+003	  3.1337992106275797e+003	  5.8174726977199953e+003	
  7.8000000000000000e+003	  3.1337992106275797e+003	  5.8174726977199953e+003	
  7.8300000000000000e+003	  3.1337992106275797e+003	  5.8174726977199953e+003	
  7.8600000000000000e+003	  3.1337992106275797e+003	  5.8174726977199953e+003	
  7.8900000000000000e+003	  3.1337992106275797e+003	  5.8174726977199953e+003	
  7.9200000000000000e+003	  3.1337992106275797e+003	  5.8174726977199953e+003	
  7.9500000000000000e+003	  3.1337992106275797e+003	  5.8174726977199953e+003	
  7.9800000000000000e+003	  3.1337992106275797e+003	  5.8174726977199953e+003	
  8.0100000000000000e+003	  3.1337992106275797e+003	  5.8174726977199953e+003	
  8.0400000000000000e+003	  3.1337992106275797e+003	  5.8174726977199953e+003	
  8.0700000000000000e+003	  3.1337992106275797e+003	  5.8174726977199953e+003	
  8.1000000000000000e+003	  3.1337992106275797e+003	  5.8174726977199953e+003	
  8.1300000000000000e+003	  3.1337992106275797e+003	  5.8174726977199953e+003	
  8.1600000000000000e+003	  3.1337992106275797e+003	  5.8174726977199953e+003	
  8.1900000000000000e+003	  3.1337992106275797e+003	  5.8174726977199953e+003	
  8.2200000000000000e+003	  3.1337992106275797e+003	  5.8174726977199953e+003	
  8.2500000000000000e+003	  3.1337992106275797e+003	  5.8174726977199953e+003	
  8.2800000000000000e+003	  3.1337992106275797e+003	  5.8174726977199953e+003	
  8.3100000000000000e+003	  3.1337992106275797e+003	  5.8174726977199953e+003	
  8.3400000000000000e+003	  3.1337992106275797e+003	  5.8174726977199953e+003	
  8.3700000000000000e+003	  3.1337992106275797e+003	  5.8174726977199953e+003	
  8.4000000000000000e+003	  3.1337992106275797e+003	  5.8174726977199953e+003	
  8.4300000000000000e+003	  3.1337992106275797e+003	  5.8174726977199953e+003	
  8.4600000000000000e+003	  3.1337992106275797e+003	  5.8174726977199953e+003	
  8.4900000000000000e+003	  3.1337992106275797e+003	  5.8174726977199953e+003	
  8.5200000000000000e+003	  3.1337992106275797e+003	  5.8174726977199953e+003	
  8.5500000000000000e+003	  3.1337992106275797e+003	  5.8174726977199953e+003	
  8.5800000000000000e+003	  3.1337992106275797e+003	  5.8174726977199953e+003	
  8.6100000000000000e+003	  3.1337992106275797e+003	  5.8174726977199953e+003	
  8.6400000000000000e+003	  3.1337992106275797e+003	  5.8174726977199953e+003	
  8.6700000000000000e+003	  3.1337992106275797e+003	  5.8174726977199953e+003	
  8.7000000000000000e+003	  3.1337992106275797e+003	  5.8174726977199953e+003	
  8.7300000000000000e+003	  3.1337992106275797e+003	  5.8174726977199953e+003	
  8.7600000000000000e+003	  3.1337992106275797e+003	  5.8174726977199953e+003	
  8.7900000000000000e+003	  3.1337992106275797e+003	  5.8174726977199953e+003	
  8.8200000000000000e+003	  3.1337992106275797e+003	  5.8174726977199953e+003	
  8.8500000000000000e+003	  3.1337992106275797e+003	  5.8174726977199953e+003	
  8.8800000000000000e+003	  3.1337992106275797e+003	  5.8174726977199953e+003	
  8.9100000000000000e+003	  3.1337992106275797e+003	  5.8174726977199953e+003	
  8.9400000000000000e+003	  3.1337992106275797e+003	  5.8174726977199953e+003	
  8.9700000000000000e+003	  3.1337992106275797e+003	  5.8174726977199953e+003	
  9.0000000000000000e+003	  3.1337992106275797e+003	  5.8174726977199953e+003	
  9.0300000000000000e+003	  3.1337992106275797e+003	  5.8174726977199953e+003	
  9.0600000000000000e+003	  3.1337992106275797e+003	  5.8174726977199953e+003	
  9.0900000000000000e+003	  3.1337992106275797e+003	  5.8174726977199953e+003	
  9.1200000000000000e+003	  3.1337992106275797e+003	  5.8174726977199953e+003	
  9.1500000000000000e+003	  3.1337992106275797e+003	  5.8174726977199953e+003	
  9.1800000000000000e+003	  3.1337992106275797e+003	  5.8174726977199953e+003	
  9.2100000000000000e+003	  3.1337992106275797e+003	  5.8174726977199953e+003	
  9.2400000000000000e+003	  3.1337992106275797e+003	  5.8174726977199953e+003	
  9.2700000000000000e+003	  3.1337992106275797e+003	  5.8174726977199953e+003	
  9.3000000000000000e+003	  3.1337992106275797e+003	  5.8174726977199953e+003	
  9.3300000000000000e+003	  3.1337992106275797e+003	  5.8174726977199953e+003	
  9.3600000000000000e+003	  3.1337992106275797e+003	  5.8174726977199953e+003	
  9.3900000000000000e+003	  3.1337992106275797e+003	  5.8174726977199953e+003	
  9.4200000000000000e+003	  3.1337992106275797e+003	  5.8174726977199953e+003	
  9.4500000000000000e+003	  3.1337992106275797e+003	  5.8174726977199953e+003	
  9.4800000000000000e+003	  3.1337992106275797e+003	  5.8174726977199953e+003	
  9.5100000000000000e+003	  3.1337992106275797e+003	  5.8174726977199953e+003	
  9.5400000000000000e+003	  3.1337992106275797e+003	  5.8174726977199953e+003	
  9.5700000000000000e+003	  3.1337992106275797e+003	  5.8174726977199953e+003	
  9.6000000000000000e+003	  3.1337992106275797e+003	  5.8174726977199953e+003	
  9.6300000000000000e+003	  3.1337992106275797e+003	  5.8174726977199953e+003	
  9.6600000000000000e+003	  3.1337992106275797e+003	  5.8174726977199953e+003	
  9.6900000000000000e+003	  3.1337992106275797e+003	  5.8174726977199953e+003	
  9.7200000000000000e+003	  3.1337992106275797e+003	  5.8174726977199953e+003	
  9.7500000000000000e+003	  3.1337992106275797e+003	  5.8174726977199953e+003	
  9.7800000000000000e+003	  3.1337992106275797e+003	  5.8174726977199953e+003	
  9.8100000000000000e+003	  3.1337992106275797e+003	  5.8174726977199953e+003	
  9.8400000000000000e+003	  3.1337992106275797e+003	  5.8174726977199953e+003	
  9.8700000000000000e+003	  3.1337992106275797e+003	  5.8174726977199953e+003	
  9.9000000000000000e+003	  3.1337992106275797e+003	  5.8174726977199953e+003	
  9.9300000000000000e+003	  3.1337992106275797e+003	  5.8174726977199953e+003	
  9.9600000000000000e+003	  3.1337992106275797e+003	  5.8174726977199953e+003	
  9.9900000000000000e+003	  3.1337992106275797e+003	  5.8174726977199953e+003	
  1.0020000000000000e+004	  3.1337992106275797e+003	  5.8174726977199953e+003	
  1.0050000000000000e+004	  3.1337992106275797e+003	  5.8174726977199953e+003	
  1.0080000000000000e+004	  3.1337992106275797e+003	  5.8174726977199953e+003	
  1.0110000000000000e+004	  3.1337992106275797e+003	  5.8174726977199953e+003	
  1.0140000000000000e+004	  3.1337992106275797e+003	  5.8174726977199953e+003	
  1.0170000000000000e+004	  3.1337992106275797e+003	  5.8174726977199953e+003	
  1.0200000000000000e+004	  3.1337992106275797e+003	  5.8174726977199953e+003	
  1.0230000000000000e+004	  3.1337992106275797e+003	  5.8174726977199953e+003	
  1.0260000000000000e+004	  3.1337992106275797e+003	  5.8174726977199953e+003	
  1.0290000000000000e+004	  3.1337992106275797e+003	  5.8174726977199953e+003	
  1.0320000000000000e+004	  3.1337992106275797e+003	  5.8174726977199953e+003	
  1.0350000000000000e+004	  3.1337992106275797e+003	  5.8174726977199953e+003	
  1.0380000000000000e+004	  3.1337992106275797e+003	  5.8174726977199953e+003	
  1.0410000000000000e+004	  3.1436161196105927e+003	  5.8283632916107335e+003	
  1.0440000000000000e+004	  3.1705317827274189e+003	  5.8582227470475209e+003	
  1.0470000000000000e+004	  3.1974474458442455e+003	  5.8880822024843083e+003	
  1.0500000000000000e+004	  3.2243631089610726e+003	  5.9179416579210947e+003	
  1.0530000000000000e+004	  3.2512787720778992e+003	  5.9478011133578830e+003	
  1.0560000000000000e+004	  3.2781944351947259e+003	  5.9776605687946703e+003	
  1.0590000000000000e+004	  3.3051100983115525e+003	  6.0075200242314586e+003	
  1.0620000000000000e+004	  3.3320257614283792e+003	  6.0373794796682459e+003	
  1.0650000000000000e+004	  3.3589414245452062e+003	  6.0672389351050342e+003	
  1.0680000000000000e+004	  3.3858570876620324e+003	  6.0970983905418216e+003	
  1.0710000000000000e+004	  3.4127727507788595e+003	  6.1269578459786080e+003	
  1.0740000000000000e+004	  3.4396884138956862e+003	  6.1568173014153963e+003	
  1.0770000000000000e+004	  3.4666040770125123e+003	  6.1866767568521836e+003	
  1.0800000000000000e+004	  3.4935197401293394e+003	  6.2165362122889710e+003	
  1.0830000000000000e+004	  3.5204354032461656e+003	  6.2463956677257574e+003	
  1.0860000000000000e+004	  3.5473510663629927e+003	  6.2762551231625457e+003	
  1.0890000000000000e+004	  3.5742667294798193e+003	  6.3061145785993331e+003	
  1.0920000000000000e+004	  3.6011823925966460e+003	  6.3359740340361204e+003	
  1.0950000000000000e+004	  3.6280980557134731e+003	  6.3658334894729078e+003	
  1.0980000000000000e+004	  3.6550137188302988e+003	  6.3956929449096951e+003	
  1.1010000000000000e+004	  3.7783560716115958e+003	  6.3344738349643330e+003	
  1.1040000000000000e+004	  3.8223334286505005e+003	  6.3199580851934152e+003	
  1.1070000000000000e+004	  3.8014247761070642e+003	  6.3189117045473949e+003	
  1.1100000000000000e+004	  3.8563374104876334e+003	  6.3076241502395842e+003	
  1.1130000000000000e+004	  3.9419633148937260e+003	  6.2874534921823088e+003	
  1.1160000000000000e+004	  4.0817255846056564e+003	  6.1907189321549140e+003	
  1.1190000000000000e+004	  4.2681146526917291e+003	  6.0913795532743470e+003	
  1.1220000000000000e+004	  4.3055274692242856e+003	  6.0929379925950871e+003	
  1.1250000000000000e+004	  4.3081937862411332e+003	  6.0901550649875871e+003	
  1.1280000000000000e+004	  4.3716453834188633e+003	  6.0582738475205497e+003	
  1.1310000000000000e+004	  4.3752060984537493e+003	  6.0311124754423181e+003	
  1.1340000000000000e+004	  4.4018523937773480e+003	  6.0519510361378489e+003	
  1.1370000000000000e+004	  4.4293424610125412e+003	  6.0591866474956323e+003	
  1.1400000000000000e+004	  4.4541625940438898e+003	  6.0500498991174454e+003	
  1.1430000000000000e+004	  4.4607168885285391e+003	  6.0402997136415779e+003	
  1.1460000000000000e+004	  4.4672711830131884e+003	  6.0305495281657104e+003	
  1.1490000000000000e+004	  4.4738254774978377e+003	  6.0207993426898411e+003	
  1.1520000000000000e+004	  4.6340582377944575e+003	  6.3147261813039759e+003	
  1.1550000000000000e+004	  4.6372814448658555e+003	  6.3255016772304034e+003	
  1.1580000000000000e+004	  4.6401671410262225e+003	  6.3374348699655911e+003	
  1.1610000000000000e+004	  4.6254180204761751e+003	  6.3342957276926827e+003	
  1.1640000000000000e+004	  4.6328094561053822e+003	  6.3051306476151176e+003	
  1.1670000000000000e+004	  4.6524355746107121e+003	  6.2684182677860708e+003	
  1.1700000000000000e+004	  4.6462422942407302e+003	  6.2505630053558843e+003	
  1.1730000000000000e+004	  4.6342607423411919e+003	  6.2685518486449655e+003	
  1.1760000000000000e+004	  4.6341088644460924e+003	  6.2697540739558408e+003	
  1.1790000000000000e+004	  4.6341088644460924e+003	  6.2697540739558408e+003	
  1.1820000000000000e+004	  4.6341088644460924e+003	  6.2697540739558408e+003	
  1.1850000000000000e+004	  4.6341088644460924e+003	  6.2697540739558408e+003	
  1.1880000000000000e+004	  4.6341088644460924e+003	  6.2697540739558408e+003	
  1.1910000000000000e+004	  4.6341088644460924e+003	  6.2697540739558408e+003	
  1.1940000000000000e+004	  4.6341088644460924e+003	  6.2697540739558408e+003	
  1.1970000000000000e+004	  4.6341088644460924e+003	  6.2697540739558408e+003	
  1.2000000000000000e+004	  4.6341088644460924e+003	  6.2697540739558408e+003	
  1.2030000000000000e+004	  4.6341088644460924e+003	  6.2697540739558408e+003	
  1.2060000000000000e+004	  4.6341088644460924e+003	  6.2697540739558408e+003	
  1.2090000000000000e+004	  4.6341088644460924e+003	  6.2697540739558408e+003	
  1.2120000000000000e+004	  4.6341088644460924e+003	  6.2697540739558408e+003	
  1.2150000000000000e+004	  4.6341088644460924e+003	  6.2697540739558408e+003	
  1.2180000000000000e+004	  4.6341088644460924e+003	  6.2697540739558408e+003	
  1.2210000000000000e+004	  4.6341088644460924e+003	  6.2697540739558408e+003	
  1.2240000000000000e+004	  4.6341088644460924e+003	  6.2697540739558408e+003	
  1.2270000000000000e+004	  4.6341088644460924e+003	  6.2697540739558408e+003	
  1.2300000000000000e+004	  4.6341088644460924e+003	  6.2697540739558408e+003	
  1.2330000000000000e+004	  4.6341088644460924e+003	  6.2697540739558408e+003	
  1.2360000000000000e+004	  4.6341088644460924e+003	  6.2697540739558408e+003	
  1.2390000000000000e+004	  4.6341088644460924e+003	  6.2697540739558408e+003	
  1.2420000000000000e+004	  4.6341088644460924e+003	  6.2697540739558408e+003	
  1.2450000000000000e+004	  4.6341088644460924e+003	  6.2697540739558408e+003	
  1.2480000000000000e+004	  4.6341088644460924e+003	  6.2697540739558408e+003	
  1.2510000000000000e+004	  4.6341088644460924e+003	  6.2697540739558408e+003	
  1.2540000000000000e+004	  4.6341088644460924e+003	  6.2697540739558408e+003	
  1.2570000000000000e+004	  4.6341088644460924e+003	  6.2697540739558408e+003	
  1.2600000000000000e+004	  4.6341088644460924e+003	  6.2697540739558408e+003	
  1.2630000000000000e+004	  4.6341088644460924e+003	  6.2697540739558408e+003	
  1.2660000000000000e+004	  4.6341088644460924e+003	  6.2697540739558408e+003	
  1.2690000000000000e+004	  4.6341088644460924e+003	  6.2697540739558408e+003	
  1.2720000000000000e+004	  4.6341088644460924e+003	  6.2697540739558408e+003	
  1.2750000000000000e+004	  4.6341088644460924e+003	  6.2697540739558408e+003	
  1.2780000000000000e+004	  4.6341088644460924e+003	  6.2697540739558408e+003	
  1.2810000000000000e+004	  4.6341088644460924e+003	  6.2697540739558408e+003	
  1.2840000000000000e+004	  4.6341088644460924e+003	  6.2697540739558408e+003	
  1.2870000000000000e+004	  4.6341088644460924e+003	  6.2697540739558408e+003	
  1.2900000000000000e+004	  4.6341088644460924e+003	  6.2697540739558408e+003	
  1.2930000000000000e+004	  4.6341088644460924e+003	  6.2697540739558408e+003	
  1.2960000000000000e+004	  4.6341088644460924e+003	  6.2697540739558408e+003	
  1.2990000000000000e+004	  4.6341088644460924e+003	  6.2697540739558408e+003	
  1.3020000000000000e+004	  4.6341088644460924e+003	  6.2697540739558408e+003	
  1.3050000000000000e+004	  4.6341088644460924e+003	  6.2697540739558408e+003	
  1.3080000000000000e+004	  4.6341088644460924e+003	  6.2697540739558408e+003	
  1.3110000000000000e+004	  4.6341088644460924e+003	  6.2697540739558408e+003	
  1.3140000000000000e+004	  4.6341088644460924e+003	  6.2697540739558408e+003	
  1.3170000000000000e+004	  4.6341088644460924e+003	  6.2697540739558408e+003	
  1.3200000000000000e+004	  4.6341088644460924e+003	  6.2697540739558408e+003	
  1.3230000000000000e+004	  4.6341088644460924e+003	  6.2697540739558408e+003	
  1.3260000000000000e+004	  4.6341088644460924e+003	  6.2697540739558408e+003	
  1.3290000000000000e+004	  4.6341088644460924e+003	  6.2697540739558408e+003	
  1.3320000000000000e+004	  4.6341088644460924e+003	  6.2697540739558408e+003	
  1.3350000000000000e+004	  4.6341088644460924e+003	  6.2697540739558408e+003	
  1.3380000000000000e+004	  4.6341088644460924e+003	  6.2697540739558408e+003	
  1.3410000000000000e+004	  4.6341088644460924e+003	  6.2697540739558408e+003	
  1.3440000000000000e+004	  4.6341088644460924e+003	  6.2697540739558408e+003	
  1.3470000000000000e+004	  4.6341088644460924e+003	  6.2697540739558408e+003	
  1.3500000000000000e+004	  4.6341088644460924e+003	  6.2697540739558408e+003	
  1.3530000000000000e+004	  4.6341088644460924e+003	  6.2697540739558408e+003	
  1.3560000000000000e+004	  4.6341088644460924e+003	  6.2697540739558408e+003	
  1.3590000000000000e+004	  4.6266586964049166e+003	  6.2843229789102834e+003	
  1.3620000000000000e+004	  4.6083557546522552e+003	  6.3201146304955146e+003	
  1.3650000000000000e+004	  4.5900528128995938e+003	  6.3559062820807485e+003	
  1.3680000000000000e+004	  4.5717498711469325e+003	  6.3916979336659815e+003	
  1.3710000000000000e+004	  4.5534469293942711e+003	  6.4274895852512136e+003	
  1.3740000000000000e+004	  4.5351439876416098e+003	  6.4632812368364457e+003	
  1.3770000000000000e+004	  4.5168410458889484e+003	  6.4990728884216787e+003	
  1.3800000000000000e+004	  4.4985381041362880e+003	  6.5348645400069117e+003	
  1.3830000000000000e+004	  4.4802351623836266e+003	  6.5706561915921438e+003	
  1.3860000000000000e+004	  4.4619322206309653e+003	  6.6064478431773778e+003	
  1.3890000000000000e+004	  4.4436292788783048e+003	  6.6422394947626099e+003	
  1.3920000000000000e+004	  4.4253263371256435e+003	  6.6780311463478429e+003	
  1.3950000000000000e+004	  4.4070233953729821e+003	  6.7138227979330750e+003	
  1.3980000000000000e+004	  4.3887204536203208e+003	  6.7496144495183080e+003	
  1.4010000000000000e+004	  4.3704175118676594e+003	  6.7854061011035410e+003	
  1.4040000000000000e+004	  4.3521145701149981e+003	  6.8211977526887731e+003	
  1.4070000000000000e+004	  4.3338116283623367e+003	  6.8569894042740052e+003	
  1.4100000000000000e+004	  4.3155086866096754e+003	  6.8927810558592391e+003	
  1.4130000000000000e+004	  4.2972057448570140e+003	  6.9285727074444721e+003	
  1.4160000000000000e+004	  4.2789028031043526e+003	  6.9643643590297042e+003	
  1.4190000000000000e+004	  4.2605998613516922e+003	  7.0001560106149373e+003	
  1.4220000000000000e+004	  4.2422969195990308e+003	  7.0359476622001694e+003	
  1.4250000000000000e+004	  4.2239939778463695e+003	  7.0717393137854024e+003	
  1.4280000000000000e+004	  4.2056910360937081e+003	  7.1075309653706363e+003	
  1.4310000000000000e+004	  4.1873880943410468e+003	  7.1433226169558675e+003	
  1.4340000000000000e+004	  4.1690851525883854e+003	  7.1791142685411005e+003	
  1.4370000000000000e+004	  4.1507822108357250e+003	  7.2149059201263335e+003	
  1.4400000000000000e+004	  4.1324792690830636e+003	  7.2506975717115665e+003	
  1.4430000000000000e+004	  4.1141763273304023e+003	  7.2864892232967986e+003	
  1.4460000000000000e+004	  4.0958733855777409e+003	  7.3222808748820316e+003	
  1.4490000000000000e+004	  4.0670608407878572e+003	  7.3463907980794884e+003	
  1.4520000000000000e+004	  4.0195396441389676e+003	  7.3455447879591175e+003	
  1.4550000000000000e+004	  3.9068961824425787e+003	  7.1270515849923349e+003	
  1.4580000000000000e+004	  3.8277335649660140e+003	  7.0010183644585704e+003	
  1.4610000000000000e+004	  3.8240715966118814e+003	  7.0050703063820620e+003	
  1.4640000000000000e+004	  3.7833174456018996e+003	  6.8685510154950625e+003	
  1.4670000000000000e+004	  3.7677414295779954e+003	  6.8036086196150600e+003	
  1.4700000000000000e+004	  3.7694627224750088e+003	  6.8016049115503019e+003	
  1.4730000000000000e+004	  3.6963921316759925e+003	  6.7203656922665805e+003	
  1.4760000000000000e+004	  3.6493603215539833e+003	  6.6443138507097638e+003	
  1.4790000000000000e+004	  3.6545410772981677e+003	  6.6347628419778539e+003	
  1.4820000000000000e+004	  3.6290591870356934e+003	  6.6537535407520718e+003	
  1.4850000000000000e+004	  3.6878531658545098e+003	  6.6141023899831443e+003	
  1.4880000000000000e+004	  3.7376187958990290e+003	  6.5107778573104179e+003	
  1.4910000000000000e+004	  3.6741334466042281e+003	  6.4027780072754122e+003	
  1.4940000000000000e+004	  3.6189676822387423e+003	  6.2941547814662217e+003	
  1.4970000000000000e+004	  3.6048935774410356e+003	  6.2775017435236205e+003	
  1.5000000000000000e+004	  3.6043704398423615e+003	  6.2859395796138488e+003	
  1.5030000000000000e+004	  3.6567686342962215e+003	  6.2551047428993088e+003	
  1.5060000000000000e+004	  3.7306661204702732e+003	  6.2162996024289141e+003	
  1.5090000000000000e+004	  3.7322017829511415e+003	  6.2175018264953451e+003	
  1.5120000000000000e+004	  3.7692433410076592e+003	  6.1897616057418936e+003	
  1.5150000000000000e+004	  3.8754910163554946e+003	  6.1222143892403128e+003	
  1.5180000000000000e+004	  3.8974965707448087e+003	  6.1311865473421485e+003	
  1.5210000000000000e+004	  3.9210884158808803e+003	  6.0964110862837088e+003	
  1.5240000000000000e+004	  3.9127182041741589e+003	  6.0391495697673408e+003	
  1.5270000000000000e+004	  3.9083812202362960e+003	  6.0298211975607555e+003	
  1.5300000000000000e+004	  3.9091743655158498e+003	  6.0375243391168733e+003	
  1.5330000000000000e+004	  3.9036729772360259e+003	  6.0318916948399446e+003	
  1.5360000000000000e+004	  3.8913201655907478e+003	  6.0228972732965149e+003	
  1.5390000000000000e+004	  3.8281554510977498e+003	  6.0137024815104787e+003	
  1.5420000000000000e+004	  3.7678426820069662e+003	  6.0611235648407501e+003	
  1.5450000000000000e+004	  3.7198995998494806e+003	  6.1063405712826989e+003	
  1.5480000000000000e+004	  3.7097068416927896e+003	  6.1428971068020055e+003	
