  0.0000000000000000e+000	  4.4608826300018227e+003	  8.2421817626520497e+003	
  3.0000000000000000e+001	  4.4305912421999828e+003	  8.2715694763510182e+003	
  6.0000000000000000e+001	  4.4084000590986680e+003	  8.3416992491717756e+003	
  9.0000000000000000e+001	  4.4281443054915035e+003	  8.3834431618950584e+003	
  1.2000000000000000e+002	  4.4381851830382993e+003	  8.4034802395366223e+003	
  1.5000000000000000e+002	  4.4473822887252863e+003	  8.4201778053572343e+003	
  1.8000000000000000e+002	  4.4219847749935370e+003	  8.4539068864387427e+003	
  2.1000000000000000e+002	  4.3850275952453021e+003	  8.4881925534417969e+003	
  2.4000000000000000e+002	  4.3776024081214391e+003	  8.4919773347650480e+003	
  2.7000000000000000e+002	  4.3735523051579003e+003	  8.4906415286212068e+003	
  3.0000000000000000e+002	  4.3782774265369626e+003	  8.4908641633885236e+003	
  3.3000000000000000e+002	  4.3788680637704583e+003	  8.4899736265267129e+003	
  3.6000000000000000e+002	  4.3873901559031956e+003	  8.4905302117079536e+003	
  3.9000000000000000e+002	  4.3797118365563429e+003	  8.4883038701521109e+003	
  4.2000000000000000e+002	  4.3856182357871830e+003	  8.4857435766803028e+003	
  4.5000000000000000e+002	  4.3841838236359654e+003	  8.4845190891031216e+003	
  4.8000000000000000e+002	  4.3842682004815479e+003	  8.4852983083028448e+003	
  5.1000000000000000e+002	  4.3808931167675591e+003	  8.4834059180932054e+003	
  5.4000000000000000e+002	  4.3807243613351366e+003	  8.4940923599003672e+003	
  5.7000000000000000e+002	  4.3786993107428425e+003	  8.4901962612541502e+003	
  6.0000000000000000e+002	  4.3754929804517997e+003	  8.4913094318992389e+003	
  6.3000000000000000e+002	  4.3845213336362467e+003	  8.4850756749324755e+003	
  6.6000000000000000e+002	  4.3809774930769763e+003	  8.4820701128947985e+003	
  6.9000000000000000e+002	  4.3803868536486925e+003	  8.4885265045138276e+003	
  7.2000000000000000e+002	  4.3874745328480749e+003	  8.4924226028769335e+003	
  7.5000000000000000e+002	  4.3817368871413455e+003	  8.4855209427510345e+003	
  7.8000000000000000e+002	  4.3835931835128613e+003	  8.4866341130627807e+003	
  8.1000000000000000e+002	  4.3825806578850807e+003	  8.4835172347932603e+003	
  8.4000000000000000e+002	  4.3819056406833324e+003	  8.4824040638166916e+003	
  8.7000000000000000e+002	  4.3868838910378190e+003	  8.4852983083028448e+003	
  9.0000000000000000e+002	  4.3913558783850158e+003	  8.4878586014685789e+003	
  9.3000000000000000e+002	  4.3831712984396900e+003	  8.4835172347932603e+003	
  9.6000000000000000e+002	  4.3824962815257368e+003	  8.4834059180932054e+003	
  9.9000000000000000e+002	  4.3798805897554812e+003	  8.4887491383568122e+003	
  1.0200000000000000e+003	  4.3780242934171301e+003	  8.4830719666821169e+003	
  1.0500000000000000e+003	  4.3720335189844945e+003	  8.4924226028769335e+003	
  1.0800000000000000e+003	  4.3836775614246044e+003	  8.4881925534417969e+003	
  1.1100000000000000e+003	  4.3878120408704362e+003	  8.4904188949310137e+003	
  1.1400000000000000e+003	  4.3687428088769884e+003	  8.4920886518545067e+003	
  1.1700000000000000e+003	  4.3689115640039809e+003	  8.4906415286212068e+003	
  1.2000000000000000e+003	  4.3958278676387044e+003	  8.4835172347932603e+003	
  1.2300000000000000e+003	  4.3871370235671911e+003	  8.4864114796124086e+003	
  1.2600000000000000e+003	  4.3888245656215740e+003	  8.4869680647932728e+003	
  1.2900000000000000e+003	  4.3850275952453021e+003	  8.4806229906272620e+003	
  1.3200000000000000e+003	  4.3844369554817149e+003	  8.4868567475907985e+003	
  1.3500000000000000e+003	  4.3917777649396930e+003	  8.4857435766803028e+003	
  1.3800000000000000e+003	  4.4090750743014614e+003	  8.4788419161599995e+003	
  1.4100000000000000e+003	  4.4420665311222047e+003	  8.4447788847740230e+003	
  1.4400000000000000e+003	  4.4275536645335987e+003	  8.3932390676200848e+003	
  1.4700000000000000e+003	  4.4133783088048403e+003	  8.3567270582651581e+003	
  1.5000000000000000e+003	  4.3852807257599388e+003	  8.3202150492710152e+003	
  1.5300000000000000e+003	  4.3730460431869078e+003	  8.2803635283002604e+003	
  1.5600000000000000e+003	  4.3489141867311282e+003	  8.2434062504988469e+003	
  1.5900000000000000e+003	  4.3276511495501272e+003	  8.2060037053741216e+003	
  1.6200000000000000e+003	  4.3102694624361966e+003	  8.1647050614700829e+003	
  1.6500000000000000e+003	  4.2860532282196564e+003	  8.1360965661708715e+003	
  1.6800000000000000e+003	  4.2733122837986803e+003	  8.0936847513348348e+003	
  1.7100000000000000e+003	  4.2559305953315579e+003	  8.0551690355639139e+003	
  1.7400000000000000e+003	  4.2286767843331072e+003	  8.0183230746935524e+003	
  1.7700000000000000e+003	  4.2153451979871797e+003	  7.9803639435489767e+003	
  1.8000000000000000e+003	  4.1908758328587346e+003	  7.9442972035461780e+003	
  1.8300000000000000e+003	  4.1718066020989691e+003	  7.9171358312512966e+003	
  1.8600000000000000e+003	  4.1497841740372714e+003	  7.8805125058315170e+003	
  1.8900000000000000e+003	  4.1322337321204586e+003	  7.8394364958360902e+003	
  1.9200000000000000e+003	  4.1221928536452706e+003	  7.8029244874103588e+003	
  1.9500000000000000e+003	  4.0913108263760005e+003	  7.7666351133923381e+003	
  1.9800000000000000e+003	  4.0817762106151417e+003	  7.7444830097842205e+003	
  2.0100000000000000e+003	  4.0763760735578039e+003	  7.7369134472730175e+003	
  2.0400000000000000e+003	  4.0595006498947837e+003	  7.7157631987939421e+003	
  2.0700000000000000e+003	  4.0416970777297261e+003	  7.6817001656051189e+003	
  2.1000000000000000e+003	  4.0136838716101306e+003	  7.6505313779919679e+003	
  2.1300000000000000e+003	  3.9979897255967458e+003	  7.6222568350484080e+003	
  2.1600000000000000e+003	  3.9792580051671880e+003	  7.5888617048715732e+003	
  2.1900000000000000e+003	  3.9648295181391441e+003	  7.5712736036983979e+003	
  2.2200000000000000e+003	  3.9549573935885151e+003	  7.5451140842570539e+003	
  2.2500000000000000e+003	  3.9387569845799158e+003	  7.5015890992350614e+003	
  2.2800000000000000e+003	  3.9158064086104537e+003	  7.5422198397815846e+003	
  2.3100000000000000e+003	  3.9179158356406333e+003	  7.5238525186402012e+003	
  2.3400000000000000e+003	  3.9194346245872580e+003	  7.5526836476408453e+003	
  2.3700000000000000e+003	  3.9220503154358557e+003	  7.5574702826248567e+003	
  2.4000000000000000e+003	  3.9220503154358557e+003	  7.5574702826248567e+003	
  2.4300000000000000e+003	  3.9220503154358557e+003	  7.5574702826248567e+003	
  2.4600000000000000e+003	  3.9220503154358557e+003	  7.5574702826248567e+003	
  2.4900000000000000e+003	  3.9220503154358557e+003	  7.5574702826248567e+003	
  2.5200000000000000e+003	  3.9220503154358557e+003	  7.5574702826248567e+003	
  2.5500000000000000e+003	  3.9220503154358557e+003	  7.5574702826248567e+003	
  2.5800000000000000e+003	  3.9220503154358557e+003	  7.5574702826248567e+003	
  2.6100000000000000e+003	  3.9220503154358557e+003	  7.5574702826248567e+003	
  2.6400000000000000e+003	  3.9220503154358557e+003	  7.5574702826248567e+003	
  2.6700000000000000e+003	  3.9220503154358557e+003	  7.5574702826248567e+003	
  2.7000000000000000e+003	  3.9220503154358557e+003	  7.5574702826248567e+003	
  2.7300000000000000e+003	  3.9220503154358557e+003	  7.5574702826248567e+003	
  2.7600000000000000e+003	  3.9220503154358557e+003	  7.5574702826248567e+003	
  2.7900000000000000e+003	  3.9220503154358557e+003	  7.5574702826248567e+003	
  2.8200000000000000e+003	  3.9220503154358557e+003	  7.5574702826248567e+003	
  2.8500000000000000e+003	  3.9220503154358557e+003	  7.5574702826248567e+003	
  2.8800000000000000e+003	  3.9220503154358557e+003	  7.5574702826248567e+003	
  2.9100000000000000e+003	  3.9220503154358557e+003	  7.5574702826248567e+003	
  2.9400000000000000e+003	  3.9220503154358557e+003	  7.5574702826248567e+003	
  2.9700000000000000e+003	  3.9220503154358557e+003	  7.5574702826248567e+003	
  3.0000000000000000e+003	  3.9220503154358557e+003	  7.5574702826248567e+003	
  3.0300000000000000e+003	  3.9220503154358557e+003	  7.5574702826248567e+003	
  3.0600000000000000e+003	  3.9220503154358557e+003	  7.5574702826248567e+003	
  3.0900000000000000e+003	  3.9220503154358557e+003	  7.5574702826248567e+003	
  3.1200000000000000e+003	  3.9220503154358557e+003	  7.5574702826248567e+003	
  3.1500000000000000e+003	  3.9220503154358557e+003	  7.5574702826248567e+003	
  3.1800000000000000e+003	  3.9220503154358557e+003	  7.5574702826248567e+003	
  3.2100000000000000e+003	  3.9220503154358557e+003	  7.5574702826248567e+003	
  3.2400000000000000e+003	  3.9220503154358557e+003	  7.5574702826248567e+003	
  3.2700000000000000e+003	  3.9220503154358557e+003	  7.5574702826248567e+003	
  3.3000000000000000e+003	  3.9220503154358557e+003	  7.5574702826248567e+003	
  3.3300000000000000e+003	  3.9220503154358557e+003	  7.5574702826248567e+003	
  3.3600000000000000e+003	  3.9220503154358557e+003	  7.5574702826248567e+003	
  3.3900000000000000e+003	  3.9220503154358557e+003	  7.5574702826248567e+003	
  3.4200000000000000e+003	  3.9220503154358557e+003	  7.5574702826248567e+003	
  3.4500000000000000e+003	  3.9220503154358557e+003	  7.5574702826248567e+003	
  3.4800000000000000e+003	  3.9220503154358557e+003	  7.5574702826248567e+003	
  3.5100000000000000e+003	  3.9220503154358557e+003	  7.5574702826248567e+003	
  3.5400000000000000e+003	  3.9220503154358557e+003	  7.5574702826248567e+003	
  3.5700000000000000e+003	  3.9220503154358557e+003	  7.5574702826248567e+003	
  3.6000000000000000e+003	  3.9220503154358557e+003	  7.5574702826248567e+003	
  3.6300000000000000e+003	  3.9220503154358557e+003	  7.5574702826248567e+003	
  3.6600000000000000e+003	  3.9220503154358557e+003	  7.5574702826248567e+003	
  3.6900000000000000e+003	  3.9220503154358557e+003	  7.5574702826248567e+003	
  3.7200000000000000e+003	  3.9220503154358557e+003	  7.5574702826248567e+003	
  3.7500000000000000e+003	  3.9220503154358557e+003	  7.5574702826248567e+003	
  3.7800000000000000e+003	  3.9220503154358557e+003	  7.5574702826248567e+003	
  3.8100000000000000e+003	  3.9220503154358557e+003	  7.5574702826248567e+003	
  3.8400000000000000e+003	  3.9220503154358557e+003	  7.5574702826248567e+003	
  3.8700000000000000e+003	  3.9220503154358557e+003	  7.5574702826248567e+003	
  3.9000000000000000e+003	  3.9220503154358557e+003	  7.5574702826248567e+003	
  3.9300000000000000e+003	  3.9220503154358557e+003	  7.5574702826248567e+003	
  3.9600000000000000e+003	  3.9220503154358557e+003	  7.5574702826248567e+003	
  3.9900000000000000e+003	  3.9220503154358557e+003	  7.5574702826248567e+003	
  4.0200000000000000e+003	  3.9220503154358557e+003	  7.5574702826248567e+003	
  4.0500000000000000e+003	  3.9220503154358557e+003	  7.5574702826248567e+003	
  4.0800000000000000e+003	  3.9220503154358557e+003	  7.5574702826248567e+003	
  4.1100000000000000e+003	  3.9220503154358557e+003	  7.5574702826248567e+003	
  4.1400000000000000e+003	  3.9220503154358557e+003	  7.5574702826248567e+003	
  4.1700000000000000e+003	  3.9220503154358557e+003	  7.5574702826248567e+003	
  4.2000000000000000e+003	  3.9220503154358557e+003	  7.5574702826248567e+003	
  4.2300000000000000e+003	  3.9220503154358557e+003	  7.5574702826248567e+003	
  4.2600000000000000e+003	  3.9220503154358557e+003	  7.5574702826248567e+003	
  4.2900000000000000e+003	  3.9220503154358557e+003	  7.5574702826248567e+003	
  4.3200000000000000e+003	  3.9220503154358557e+003	  7.5574702826248567e+003	
  4.3500000000000000e+003	  3.9220503154358557e+003	  7.5574702826248567e+003	
  4.3800000000000000e+003	  3.9220503154358557e+003	  7.5574702826248567e+003	
  4.4100000000000000e+003	  3.9220503154358557e+003	  7.5574702826248567e+003	
  4.4400000000000000e+003	  3.9220503154358557e+003	  7.5574702826248567e+003	
  4.4700000000000000e+003	  3.9220503154358557e+003	  7.5574702826248567e+003	
  4.5000000000000000e+003	  3.9220503154358557e+003	  7.5574702826248567e+003	
  4.5300000000000000e+003	  3.9220503154358557e+003	  7.5574702826248567e+003	
  4.5600000000000000e+003	  3.9220503154358557e+003	  7.5574702826248567e+003	
  4.5900000000000000e+003	  3.9220503154358557e+003	  7.5574702826248567e+003	
  4.6200000000000000e+003	  3.9220503154358557e+003	  7.5574702826248567e+003	
  4.6500000000000000e+003	  3.9220503154358557e+003	  7.5574702826248567e+003	
  4.6800000000000000e+003	  3.9220503154358557e+003	  7.5574702826248567e+003	
  4.7100000000000000e+003	  3.9220503154358557e+003	  7.5574702826248567e+003	
  4.7400000000000000e+003	  3.9220503154358557e+003	  7.5574702826248567e+003	
  4.7700000000000000e+003	  3.9220503154358557e+003	  7.5574702826248567e+003	
  4.8000000000000000e+003	  3.9220503154358557e+003	  7.5574702826248567e+003	
  4.8300000000000000e+003	  3.9220503154358557e+003	  7.5574702826248567e+003	
  4.8600000000000000e+003	  3.9220503154358557e+003	  7.5574702826248567e+003	
  4.8900000000000000e+003	  3.9220503154358557e+003	  7.5574702826248567e+003	
  4.9200000000000000e+003	  3.9220503154358557e+003	  7.5574702826248567e+003	
  4.9500000000000000e+003	  3.9220503154358557e+003	  7.5574702826248567e+003	
  4.9800000000000000e+003	  3.9220503154358557e+003	  7.5574702826248567e+003	
  5.0100000000000000e+003	  3.9220503154358557e+003	  7.5574702826248567e+003	
  5.0400000000000000e+003	  3.9220503154358557e+003	  7.5574702826248567e+003	
  5.0700000000000000e+003	  3.9220503154358557e+003	  7.5574702826248567e+003	
  5.1000000000000000e+003	  3.9220503154358557e+003	  7.5574702826248567e+003	
  5.1300000000000000e+003	  3.9220503154358557e+003	  7.5574702826248567e+003	
  5.1600000000000000e+003	  3.9220503154358557e+003	  7.5574702826248567e+003	
  5.1900000000000000e+003	  3.9220503154358557e+003	  7.5574702826248567e+003	
  5.2200000000000000e+003	  3.9220503154358557e+003	  7.5574702826248567e+003	
  5.2500000000000000e+003	  3.9220503154358557e+003	  7.5574702826248567e+003	
  5.2800000000000000e+003	  3.9220503154358557e+003	  7.5574702826248567e+003	
  5.3100000000000000e+003	  3.9220503154358557e+003	  7.5574702826248567e+003	
  5.3400000000000000e+003	  3.9220503154358557e+003	  7.5574702826248567e+003	
  5.3700000000000000e+003	  3.9220503154358557e+003	  7.5574702826248567e+003	
  5.4000000000000000e+003	  3.9220503154358557e+003	  7.5574702826248567e+003	
  5.4300000000000000e+003	  3.9220503154358557e+003	  7.5574702826248567e+003	
  5.4600000000000000e+003	  3.9220503154358557e+003	  7.5574702826248567e+003	
  5.4900000000000000e+003	  3.9220503154358557e+003	  7.5574702826248567e+003	
  5.5200000000000000e+003	  3.9220503154358557e+003	  7.5574702826248567e+003	
  5.5500000000000000e+003	  3.9220503154358557e+003	  7.5574702826248567e+003	
  5.5800000000000000e+003	  3.9220503154358557e+003	  7.5574702826248567e+003	
  5.6100000000000000e+003	  3.9220503154358557e+003	  7.5574702826248567e+003	
  5.6400000000000000e+003	  3.9220503154358557e+003	  7.5574702826248567e+003	
  5.6700000000000000e+003	  3.9220503154358557e+003	  7.5574702826248567e+003	
  5.7000000000000000e+003	  3.9220503154358557e+003	  7.5574702826248567e+003	
  5.7300000000000000e+003	  3.9220503154358557e+003	  7.5574702826248567e+003	
  5.7600000000000000e+003	  3.9220503154358557e+003	  7.5574702826248567e+003	
  5.7900000000000000e+003	  3.9220503154358557e+003	  7.5574702826248567e+003	
  5.8200000000000000e+003	  3.9220503154358557e+003	  7.5574702826248567e+003	
  5.8500000000000000e+003	  3.9220503154358557e+003	  7.5574702826248567e+003	
  5.8800000000000000e+003	  3.9220503154358557e+003	  7.5574702826248567e+003	
  5.9100000000000000e+003	  3.9220503154358557e+003	  7.5574702826248567e+003	
  5.9400000000000000e+003	  3.9220503154358557e+003	  7.5574702826248567e+003	
  5.9700000000000000e+003	  3.9220503154358557e+003	  7.5574702826248567e+003	
  6.0000000000000000e+003	  3.9220503154358557e+003	  7.5574702826248567e+003	
  6.0300000000000000e+003	  3.9220503154358557e+003	  7.5574702826248567e+003	
  6.0600000000000000e+003	  3.9220503154358557e+003	  7.5574702826248567e+003	
  6.0900000000000000e+003	  3.9220503154358557e+003	  7.5574702826248567e+003	
  6.1200000000000000e+003	  3.9220503154358557e+003	  7.5574702826248567e+003	
  6.1500000000000000e+003	  3.9220503154358557e+003	  7.5574702826248567e+003	
  6.1800000000000000e+003	  3.9220503154358557e+003	  7.5574702826248567e+003	
  6.2100000000000000e+003	  3.9220503154358557e+003	  7.5574702826248567e+003	
  6.2400000000000000e+003	  3.9220503154358557e+003	  7.5574702826248567e+003	
  6.2700000000000000e+003	  3.9220503154358557e+003	  7.5574702826248567e+003	
  6.3000000000000000e+003	  3.9220503154358557e+003	  7.5574702826248567e+003	
  6.3300000000000000e+003	  3.9220503154358557e+003	  7.5574702826248567e+003	
  6.3600000000000000e+003	  3.9220503154358557e+003	  7.5574702826248567e+003	
  6.3900000000000000e+003	  3.9220503154358557e+003	  7.5574702826248567e+003	
  6.4200000000000000e+003	  3.9220503154358557e+003	  7.5574702826248567e+003	
  6.4500000000000000e+003	  3.9220503154358557e+003	  7.5574702826248567e+003	
  6.4800000000000000e+003	  3.9220503154358557e+003	  7.5574702826248567e+003	
  6.5100000000000000e+003	  3.9220503154358557e+003	  7.5574702826248567e+003	
  6.5400000000000000e+003	  3.9220503154358557e+003	  7.5574702826248567e+003	
  6.5700000000000000e+003	  3.9220503154358557e+003	  7.5574702826248567e+003	
  6.6000000000000000e+003	  3.9220503154358557e+003	  7.5574702826248567e+003	
  6.6300000000000000e+003	  3.9220503154358557e+003	  7.5574702826248567e+003	
  6.6600000000000000e+003	  3.9220503154358557e+003	  7.5574702826248567e+003	
  6.6900000000000000e+003	  3.9220503154358557e+003	  7.5574702826248567e+003	
  6.7200000000000000e+003	  3.9220503154358557e+003	  7.5574702826248567e+003	
  6.7500000000000000e+003	  3.9220503154358557e+003	  7.5574702826248567e+003	
  6.7800000000000000e+003	  3.9220503154358557e+003	  7.5574702826248567e+003	
  6.8100000000000000e+003	  3.9220503154358557e+003	  7.5574702826248567e+003	
  6.8400000000000000e+003	  3.9220503154358557e+003	  7.5574702826248567e+003	
  6.8700000000000000e+003	  3.9220503154358557e+003	  7.5574702826248567e+003	
  6.9000000000000000e+003	  3.9220503154358557e+003	  7.5574702826248567e+003	
  6.9300000000000000e+003	  3.9220503154358557e+003	  7.5574702826248567e+003	
  6.9600000000000000e+003	  3.9220503154358557e+003	  7.5574702826248567e+003	
  6.9900000000000000e+003	  3.9220503154358557e+003	  7.5574702826248567e+003	
  7.0200000000000000e+003	  3.9220503154358557e+003	  7.5574702826248567e+003	
  7.0500000000000000e+003	  3.9220503154358557e+003	  7.5574702826248567e+003	
  7.0800000000000000e+003	  3.9220503154358557e+003	  7.5574702826248567e+003	
  7.1100000000000000e+003	  3.9220503154358557e+003	  7.5574702826248567e+003	
  7.1400000000000000e+003	  3.9220503154358557e+003	  7.5574702826248567e+003	
  7.1700000000000000e+003	  3.9220503154358557e+003	  7.5574702826248567e+003	
  7.2000000000000000e+003	  3.9220503154358557e+003	  7.5574702826248567e+003	
  7.2300000000000000e+003	  3.9220503154358557e+003	  7.5574702826248567e+003	
  7.2600000000000000e+003	  3.9220503154358557e+003	  7.5574702826248567e+003	
  7.2900000000000000e+003	  3.9220503154358557e+003	  7.5574702826248567e+003	
  7.3200000000000000e+003	  3.9220503154358557e+003	  7.5574702826248567e+003	
  7.3500000000000000e+003	  3.9220503154358557e+003	  7.5574702826248567e+003	
  7.3800000000000000e+003	  3.9220503154358557e+003	  7.5574702826248567e+003	
  7.4100000000000000e+003	  3.9220503154358557e+003	  7.5574702826248567e+003	
  7.4400000000000000e+003	  3.9220503154358557e+003	  7.5574702826248567e+003	
  7.4700000000000000e+003	  3.9220503154358557e+003	  7.5574702826248567e+003	
  7.5000000000000000e+003	  3.9220503154358557e+003	  7.5574702826248567e+003	
  7.5300000000000000e+003	  3.9220503154358557e+003	  7.5574702826248567e+003	
  7.5600000000000000e+003	  3.9220503154358557e+003	  7.5574702826248567e+003	
  7.5900000000000000e+003	  3.9220503154358557e+003	  7.5574702826248567e+003	
  7.6200000000000000e+003	  3.9220503154358557e+003	  7.5574702826248567e+003	
  7.6500000000000000e+003	  3.9220503154358557e+003	  7.5574702826248567e+003	
  7.6800000000000000e+003	  3.9220503154358557e+003	  7.5574702826248567e+003	
  7.7100000000000000e+003	  3.9220503154358557e+003	  7.5574702826248567e+003	
  7.7400000000000000e+003	  3.9220503154358557e+003	  7.5574702826248567e+003	
  7.7700000000000000e+003	  3.9220503154358557e+003	  7.5574702826248567e+003	
  7.8000000000000000e+003	  3.9220503154358557e+003	  7.5574702826248567e+003	
  7.8300000000000000e+003	  3.9220503154358557e+003	  7.5574702826248567e+003	
  7.8600000000000000e+003	  3.9220503154358557e+003	  7.5574702826248567e+003	
  7.8900000000000000e+003	  3.9220503154358557e+003	  7.5574702826248567e+003	
  7.9200000000000000e+003	  3.9220503154358557e+003	  7.5574702826248567e+003	
  7.9500000000000000e+003	  3.9220503154358557e+003	  7.5574702826248567e+003	
  7.9800000000000000e+003	  3.9220503154358557e+003	  7.5574702826248567e+003	
  8.0100000000000000e+003	  3.9220503154358557e+003	  7.5574702826248567e+003	
  8.0400000000000000e+003	  3.9220503154358557e+003	  7.5574702826248567e+003	
  8.0700000000000000e+003	  3.9220503154358557e+003	  7.5574702826248567e+003	
  8.1000000000000000e+003	  3.9220503154358557e+003	  7.5574702826248567e+003	
  8.1300000000000000e+003	  3.9220503154358557e+003	  7.5574702826248567e+003	
  8.1600000000000000e+003	  3.9220503154358557e+003	  7.5574702826248567e+003	
  8.1900000000000000e+003	  3.9220503154358557e+003	  7.5574702826248567e+003	
  8.2200000000000000e+003	  3.9220503154358557e+003	  7.5574702826248567e+003	
  8.2500000000000000e+003	  3.9220503154358557e+003	  7.5574702826248567e+003	
  8.2800000000000000e+003	  3.9220503154358557e+003	  7.5574702826248567e+003	
  8.3100000000000000e+003	  3.9220503154358557e+003	  7.5574702826248567e+003	
  8.3400000000000000e+003	  3.9220503154358557e+003	  7.5574702826248567e+003	
  8.3700000000000000e+003	  3.9220503154358557e+003	  7.5574702826248567e+003	
  8.4000000000000000e+003	  3.9220503154358557e+003	  7.5574702826248567e+003	
  8.4300000000000000e+003	  3.9220503154358557e+003	  7.5574702826248567e+003	
  8.4600000000000000e+003	  3.9028017948232177e+003	  7.5274821592681537e+003	
  8.4900000000000000e+003	  3.8810869400013280e+003	  7.4936516245389430e+003	
  8.5200000000000000e+003	  3.8723437505645043e+003	  7.4745835698317069e+003	
  8.5500000000000000e+003	  3.9030907749723506e+003	  7.4397524493668316e+003	
  8.5800000000000000e+003	  3.9520632580026272e+003	  7.3652701783965022e+003	
  8.6100000000000000e+003	  3.9870038249604609e+003	  7.3841495588131556e+003	
  8.6400000000000000e+003	  3.9914926883318503e+003	  7.4191365231956061e+003	
  8.6700000000000000e+003	  4.1233066319254167e+003	  7.2791775332132001e+003	
  8.7000000000000000e+003	  4.1672249250844361e+003	  7.2562573423719123e+003	
  8.7300000000000000e+003	  4.2043424223074780e+003	  7.2471738669936840e+003	
  8.7600000000000000e+003	  4.2192940480135530e+003	  7.2227620277848328e+003	
  8.7900000000000000e+003	  4.2675830755584511e+003	  7.2163835576461588e+003	
  8.8200000000000000e+003	  4.2986676076226695e+003	  7.1643094179697273e+003	
  8.8500000000000000e+003	  4.2990135549695424e+003	  7.2188547972503238e+003	
  8.8800000000000000e+003	  4.2826359540677768e+003	  7.1868177357650420e+003	
  8.9100000000000000e+003	  4.2807290323560728e+003	  7.1365024066541055e+003	
  8.9400000000000000e+003	  4.3083034759244665e+003	  7.1127028108138893e+003	
  8.9700000000000000e+003	  4.3445350127808078e+003	  7.0965618315073034e+003	
  9.0000000000000000e+003	  4.3795937081007824e+003	  7.0783726174226367e+003	
  9.0300000000000000e+003	  4.4132433050587615e+003	  7.0604171694237430e+003	
  9.0600000000000000e+003	  4.4414758908524036e+003	  7.0433077304507551e+003	
  9.0900000000000000e+003	  4.4184240598881015e+003	  6.9892076201569580e+003	
  9.1200000000000000e+003	  4.4151333524299025e+003	  6.9530406940590428e+003	
  9.1500000000000000e+003	  4.3967475774711784e+003	  6.9093153384695015e+003	
  9.1800000000000000e+003	  4.3750710950254415e+003	  6.8695862650194085e+003	
  9.2100000000000000e+003	  4.3605751042647053e+003	  6.8394972532238462e+003	
  9.2400000000000000e+003	  4.3514961261907829e+003	  6.7926327540869333e+003	
  9.2700000000000000e+003	  4.3029624043070789e+003	  6.7782728482617704e+003	
  9.3000000000000000e+003	  4.3070378199629104e+003	  6.7678313042778100e+003	
  9.3300000000000000e+003	  4.3137289252722567e+003	  6.7608851178653822e+003	
  9.3600000000000000e+003	  4.3137289252722567e+003	  6.7608851178653822e+003	
  9.3900000000000000e+003	  4.3137289252722567e+003	  6.7608851178653822e+003	
  9.4200000000000000e+003	  4.3137289252722567e+003	  6.7608851178653822e+003	
  9.4500000000000000e+003	  4.3137289252722567e+003	  6.7608851178653822e+003	
  9.4800000000000000e+003	  4.3137289252722567e+003	  6.7608851178653822e+003	
  9.5100000000000000e+003	  4.3137289252722567e+003	  6.7608851178653822e+003	
  9.5400000000000000e+003	  4.3137289252722567e+003	  6.7608851178653822e+003	
  9.5700000000000000e+003	  4.3137289252722567e+003	  6.7608851178653822e+003	
  9.6000000000000000e+003	  4.3137289252722567e+003	  6.7608851178653822e+003	
  9.6300000000000000e+003	  4.3137289252722567e+003	  6.7608851178653822e+003	
  9.6600000000000000e+003	  4.3137289252722567e+003	  6.7608851178653822e+003	
  9.6900000000000000e+003	  4.3137289252722567e+003	  6.7608851178653822e+003	
  9.7200000000000000e+003	  4.3137289252722567e+003	  6.7608851178653822e+003	
  9.7500000000000000e+003	  4.3137289252722567e+003	  6.7608851178653822e+003	
  9.7800000000000000e+003	  4.3137289252722567e+003	  6.7608851178653822e+003	
  9.8100000000000000e+003	  4.3137289252722567e+003	  6.7608851178653822e+003	
  9.8400000000000000e+003	  4.3137289252722567e+003	  6.7608851178653822e+003	
  9.8700000000000000e+003	  4.3137289252722567e+003	  6.7608851178653822e+003	
  9.9000000000000000e+003	  4.3137289252722567e+003	  6.7608851178653822e+003	
  9.9300000000000000e+003	  4.3137289252722567e+003	  6.7608851178653822e+003	
  9.9600000000000000e+003	  4.3137289252722567e+003	  6.7608851178653822e+003	
  9.9900000000000000e+003	  4.3137289252722567e+003	  6.7608851178653822e+003	
  1.0020000000000000e+004	  4.3137289252722567e+003	  6.7608851178653822e+003	
  1.0050000000000000e+004	  4.3137289252722567e+003	  6.7608851178653822e+003	
  1.0080000000000000e+004	  4.3137289252722567e+003	  6.7608851178653822e+003	
  1.0110000000000000e+004	  4.3137289252722567e+003	  6.7608851178653822e+003	
  1.0140000000000000e+004	  4.3137289252722567e+003	  6.7608851178653822e+003	
  1.0170000000000000e+004	  4.3137289252722567e+003	  6.7608851178653822e+003	
  1.0200000000000000e+004	  4.3002726697730250e+003	  6.7816855754123026e+003	
  1.0230000000000000e+004	  4.2874032626289691e+003	  6.7996234679477702e+003	
  1.0260000000000000e+004	  4.2749998254501479e+003	  6.7896049291463733e+003	
  1.0290000000000000e+004	  4.2749998254501479e+003	  6.7896049291463733e+003	
  1.0320000000000000e+004	  4.2749998254501479e+003	  6.7896049291463733e+003	
  1.0350000000000000e+004	  4.2749998254501479e+003	  6.7896049291463733e+003	
  1.0380000000000000e+004	  4.2749998254501479e+003	  6.7896049291463733e+003	
  1.0410000000000000e+004	  4.2749998254501479e+003	  6.7896049291463733e+003	
  1.0440000000000000e+004	  4.2749998254501479e+003	  6.7896049291463733e+003	
  1.0470000000000000e+004	  4.2749998254501479e+003	  6.7896049291463733e+003	
  1.0500000000000000e+004	  4.2749998254501479e+003	  6.7896049291463733e+003	
  1.0530000000000000e+004	  4.2749998254501479e+003	  6.7896049291463733e+003	
  1.0560000000000000e+004	  4.2749998254501479e+003	  6.7896049291463733e+003	
  1.0590000000000000e+004	  4.2749998254501479e+003	  6.7896049291463733e+003	
  1.0620000000000000e+004	  4.2749998254501479e+003	  6.7896049291463733e+003	
  1.0650000000000000e+004	  4.2749998254501479e+003	  6.7896049291463733e+003	
  1.0680000000000000e+004	  4.2749998254501479e+003	  6.7896049291463733e+003	
  1.0710000000000000e+004	  4.2749998254501479e+003	  6.7896049291463733e+003	
  1.0740000000000000e+004	  4.3038158071107964e+003	  6.7663332301086912e+003	
  1.0770000000000000e+004	  4.2900695798145734e+003	  6.7400242932131077e+003	
  1.0800000000000000e+004	  4.2910061664171817e+003	  6.7415159423475143e+003	
  1.0830000000000000e+004	  4.2916727445624683e+003	  6.7198313716365910e+003	
  1.0860000000000000e+004	  4.3475979039020476e+003	  6.7240836828772935e+003	
  1.0890000000000000e+004	  4.3707172353103851e+003	  6.7042358448124896e+003	
  1.0920000000000000e+004	  4.3817622001018990e+003	  6.7192970488930614e+003	
  1.0950000000000000e+004	  4.4181371784682178e+003	  6.7251189324235111e+003	
  1.0980000000000000e+004	  4.4591444606429059e+003	  6.6697720708989782e+003	
  1.1010000000000000e+004	  4.4869467230287528e+003	  6.6228519130218683e+003	
  1.1040000000000000e+004	  4.4888367703696758e+003	  6.5990968448275762e+003	
  1.1070000000000000e+004	  4.4844322849913415e+003	  6.6385142296710446e+003	
  1.1100000000000000e+004	  4.4957556939056585e+003	  6.6291301976764398e+003	
  1.1130000000000000e+004	  4.4598279152589621e+003	  6.5901692126810258e+003	
  1.1160000000000000e+004	  4.4446484707066747e+003	  6.5436609292618405e+003	
  1.1190000000000000e+004	  4.4280852402171749e+003	  6.5081841694761970e+003	
  1.1220000000000000e+004	  4.4087206916542664e+003	  6.4739430293231781e+003	
  1.1250000000000000e+004	  4.3804459171417666e+003	  6.4350154398658178e+003	
  1.1280000000000000e+004	  4.3625664051329195e+003	  6.4060507299252477e+003	
  1.1310000000000000e+004	  4.3511417416685690e+003	  6.3685146037218201e+003	
  1.1340000000000000e+004	  4.3334647342601629e+003	  6.3355870057380489e+003	
  1.1370000000000000e+004	  4.3333972327298688e+003	  6.3140805423832035e+003	
  1.1400000000000000e+004	  4.3200234579586149e+003	  6.2752197424168489e+003	
  1.1430000000000000e+004	  4.2977647729910368e+003	  6.2534572495855045e+003	
  1.1460000000000000e+004	  4.2714559857313188e+003	  6.2229341014217143e+003	
  1.1490000000000000e+004	  4.2480750857586809e+003	  6.1969415584081453e+003	
  1.1520000000000000e+004	  4.2539224196416462e+003	  6.1890825713497825e+003	
  1.1550000000000000e+004	  4.2797418190132503e+003	  6.1972532459587455e+003	
  1.1580000000000000e+004	  4.3193315663551093e+003	  6.1852309996078156e+003	
  1.1610000000000000e+004	  4.3566262542659188e+003	  6.1669082049648541e+003	
  1.1640000000000000e+004	  4.3858544916178889e+003	  6.1378321782779094e+003	
  1.1670000000000000e+004	  4.4080372368332355e+003	  6.1364963730401669e+003	
  1.1700000000000000e+004	  4.4035905611230846e+003	  6.1466373610633254e+003	
  1.1730000000000000e+004	  4.4035905611230846e+003	  6.1466373610633254e+003	
  1.1760000000000000e+004	  4.4035905611230846e+003	  6.1466373610633254e+003	
  1.1790000000000000e+004	  4.4035905611230846e+003	  6.1466373610633254e+003	
  1.1820000000000000e+004	  4.4035905611230846e+003	  6.1466373610633254e+003	
  1.1850000000000000e+004	  4.4035905611230846e+003	  6.1466373610633254e+003	
  1.1880000000000000e+004	  4.4035905611230846e+003	  6.1466373610633254e+003	
  1.1910000000000000e+004	  4.4035905611230846e+003	  6.1466373610633254e+003	
  1.1940000000000000e+004	  4.4035905611230846e+003	  6.1466373610633254e+003	
  1.1970000000000000e+004	  4.4035905611230846e+003	  6.1466373610633254e+003	
  1.2000000000000000e+004	  4.4035905611230846e+003	  6.1466373610633254e+003	
  1.2030000000000000e+004	  4.4035905611230846e+003	  6.1466373610633254e+003	
  1.2060000000000000e+004	  4.4035905611230846e+003	  6.1466373610633254e+003	
  1.2090000000000000e+004	  4.4035905611230846e+003	  6.1466373610633254e+003	
  1.2120000000000000e+004	  4.4035905611230846e+003	  6.1466373610633254e+003	
  1.2150000000000000e+004	  4.4035905611230846e+003	  6.1466373610633254e+003	
  1.2180000000000000e+004	  4.4035905611230846e+003	  6.1466373610633254e+003	
  1.2210000000000000e+004	  4.4035905611230846e+003	  6.1466373610633254e+003	
  1.2240000000000000e+004	  4.4035905611230846e+003	  6.1466373610633254e+003	
  1.2270000000000000e+004	  4.4035905611230846e+003	  6.1466373610633254e+003	
  1.2300000000000000e+004	  4.4035905611230846e+003	  6.1466373610633254e+003	
  1.2330000000000000e+004	  4.4035905611230846e+003	  6.1466373610633254e+003	
  1.2360000000000000e+004	  4.4035905611230846e+003	  6.1466373610633254e+003	
  1.2390000000000000e+004	  4.4035905611230846e+003	  6.1466373610633254e+003	
  1.2420000000000000e+004	  4.4035905611230846e+003	  6.1466373610633254e+003	
  1.2450000000000000e+004	  4.4035905611230846e+003	  6.1466373610633254e+003	
  1.2480000000000000e+004	  4.4035905611230846e+003	  6.1466373610633254e+003	
  1.2510000000000000e+004	  4.4035905611230846e+003	  6.1466373610633254e+003	
  1.2540000000000000e+004	  4.4035905611230846e+003	  6.1466373610633254e+003	
  1.2570000000000000e+004	  4.4035905611230846e+003	  6.1466373610633254e+003	
  1.2600000000000000e+004	  4.4035905611230846e+003	  6.1466373610633254e+003	
  1.2630000000000000e+004	  4.4035905611230846e+003	  6.1466373610633254e+003	
  1.2660000000000000e+004	  4.4035905611230846e+003	  6.1466373610633254e+003	
  1.2690000000000000e+004	  4.4035905611230846e+003	  6.1466373610633254e+003	
  1.2720000000000000e+004	  4.4035905611230846e+003	  6.1466373610633254e+003	
  1.2750000000000000e+004	  4.4035905611230846e+003	  6.1466373610633254e+003	
  1.2780000000000000e+004	  4.4035905611230846e+003	  6.1466373610633254e+003	
  1.2810000000000000e+004	  4.4035905611230846e+003	  6.1466373610633254e+003	
  1.2840000000000000e+004	  4.4035905611230846e+003	  6.1466373610633254e+003	
  1.2870000000000000e+004	  4.4035905611230846e+003	  6.1466373610633254e+003	
  1.2900000000000000e+004	  4.4035905611230846e+003	  6.1466373610633254e+003	
  1.2930000000000000e+004	  4.4035905611230846e+003	  6.1466373610633254e+003	
  1.2960000000000000e+004	  4.4035905611230846e+003	  6.1466373610633254e+003	
  1.2990000000000000e+004	  4.4035905611230846e+003	  6.1466373610633254e+003	
  1.3020000000000000e+004	  4.4035905611230846e+003	  6.1466373610633254e+003	
  1.3050000000000000e+004	  4.4035905611230846e+003	  6.1466373610633254e+003	
  1.3080000000000000e+004	  4.4035905611230846e+003	  6.1466373610633254e+003	
  1.3110000000000000e+004	  4.4035905611230846e+003	  6.1466373610633254e+003	
  1.3140000000000000e+004	  4.4035905611230846e+003	  6.1466373610633254e+003	
  1.3170000000000000e+004	  4.4035905611230846e+003	  6.1466373610633254e+003	
  1.3200000000000000e+004	  4.4035905611230846e+003	  6.1466373610633254e+003	
  1.3230000000000000e+004	  4.4035905611230846e+003	  6.1466373610633254e+003	
  1.3260000000000000e+004	  4.4035905611230846e+003	  6.1466373610633254e+003	
  1.3290000000000000e+004	  4.4035905611230846e+003	  6.1466373610633254e+003	
  1.3320000000000000e+004	  4.4035905611230846e+003	  6.1466373610633254e+003	
  1.3350000000000000e+004	  4.4035905611230846e+003	  6.1466373610633254e+003	
  1.3380000000000000e+004	  4.4035905611230846e+003	  6.1466373610633254e+003	
  1.3410000000000000e+004	  4.4035905611230846e+003	  6.1466373610633254e+003	
  1.3440000000000000e+004	  4.4035905611230846e+003	  6.1466373610633254e+003	
  1.3470000000000000e+004	  4.4035905611230846e+003	  6.1466373610633254e+003	
  1.3500000000000000e+004	  4.4035905611230846e+003	  6.1466373610633254e+003	
  1.3530000000000000e+004	  4.4035905611230846e+003	  6.1466373610633254e+003	
  1.3560000000000000e+004	  4.4035905611230846e+003	  6.1466373610633254e+003	
  1.3590000000000000e+004	  4.4035905611230846e+003	  6.1466373610633254e+003	
  1.3620000000000000e+004	  4.4035905611230846e+003	  6.1466373610633254e+003	
  1.3650000000000000e+004	  4.4035905611230846e+003	  6.1466373610633254e+003	
  1.3680000000000000e+004	  4.4035905611230846e+003	  6.1466373610633254e+003	
  1.3710000000000000e+004	  4.4035905611230846e+003	  6.1466373610633254e+003	
  1.3740000000000000e+004	  4.4035905611230846e+003	  6.1466373610633254e+003	
  1.3770000000000000e+004	  4.4035905611230846e+003	  6.1466373610633254e+003	
  1.3800000000000000e+004	  4.4035905611230846e+003	  6.1466373610633254e+003	
  1.3830000000000000e+004	  4.4035905611230846e+003	  6.1466373610633254e+003	
  1.3860000000000000e+004	  4.4035905611230846e+003	  6.1466373610633254e+003	
  1.3890000000000000e+004	  4.4035905611230846e+003	  6.1466373610633254e+003	
  1.3920000000000000e+004	  4.4035905611230846e+003	  6.1466373610633254e+003	
  1.3950000000000000e+004	  4.4035905611230846e+003	  6.1466373610633254e+003	
  1.3980000000000000e+004	  4.4035905611230846e+003	  6.1466373610633254e+003	
  1.4010000000000000e+004	  4.4035905611230846e+003	  6.1466373610633254e+003	
  1.4040000000000000e+004	  4.4035905611230846e+003	  6.1466373610633254e+003	
  1.4070000000000000e+004	  4.4035905611230846e+003	  6.1466373610633254e+003	
  1.4100000000000000e+004	  4.4035905611230846e+003	  6.1466373610633254e+003	
  1.4130000000000000e+004	  4.4035905611230846e+003	  6.1466373610633254e+003	
  1.4160000000000000e+004	  4.4035905611230846e+003	  6.1466373610633254e+003	
  1.4190000000000000e+004	  4.4035905611230846e+003	  6.1466373610633254e+003	
  1.4220000000000000e+004	  4.4035905611230846e+003	  6.1466373610633254e+003	
  1.4250000000000000e+004	  4.4035905611230846e+003	  6.1466373610633254e+003	
  1.4280000000000000e+004	  4.4035905611230846e+003	  6.1466373610633254e+003	
  1.4310000000000000e+004	  4.4035905611230846e+003	  6.1466373610633254e+003	
  1.4340000000000000e+004	  4.4035905611230846e+003	  6.1466373610633254e+003	
  1.4370000000000000e+004	  4.4035905611230846e+003	  6.1466373610633254e+003	
  1.4400000000000000e+004	  4.4035905611230846e+003	  6.1466373610633254e+003	
  1.4430000000000000e+004	  4.4035905611230846e+003	  6.1466373610633254e+003	
  1.4460000000000000e+004	  4.4035905611230846e+003	  6.1466373610633254e+003	
  1.4490000000000000e+004	  4.4035905611230846e+003	  6.1466373610633254e+003	
  1.4520000000000000e+004	  4.4035905611230846e+003	  6.1466373610633254e+003	
  1.4550000000000000e+004	  4.4035905611230846e+003	  6.1466373610633254e+003	
  1.4580000000000000e+004	  4.4035905611230846e+003	  6.1466373610633254e+003	
  1.4610000000000000e+004	  4.4035905611230846e+003	  6.1466373610633254e+003	
  1.4640000000000000e+004	  4.4035905611230846e+003	  6.1466373610633254e+003	
  1.4670000000000000e+004	  4.4035905611230846e+003	  6.1466373610633254e+003	
  1.4700000000000000e+004	  4.4035905611230846e+003	  6.1466373610633254e+003	
  1.4730000000000000e+004	  4.4035905611230846e+003	  6.1466373610633254e+003	
  1.4760000000000000e+004	  4.4035905611230846e+003	  6.1466373610633254e+003	
  1.4790000000000000e+004	  4.4035905611230846e+003	  6.1466373610633254e+003	
  1.4820000000000000e+004	  4.4035905611230846e+003	  6.1466373610633254e+003	
  1.4850000000000000e+004	  4.4035905611230846e+003	  6.1466373610633254e+003	
  1.4880000000000000e+004	  4.4035905611230846e+003	  6.1466373610633254e+003	
  1.4910000000000000e+004	  4.4035905611230846e+003	  6.1466373610633254e+003	
  1.4940000000000000e+004	  4.4035905611230846e+003	  6.1466373610633254e+003	
  1.4970000000000000e+004	  4.4035905611230846e+003	  6.1466373610633254e+003	
  1.5000000000000000e+004	  4.4035905611230846e+003	  6.1466373610633254e+003	
  1.5030000000000000e+004	  4.4035905611230846e+003	  6.1466373610633254e+003	
  1.5060000000000000e+004	  4.4035905611230846e+003	  6.1466373610633254e+003	
  1.5090000000000000e+004	  4.4035905611230846e+003	  6.1466373610633254e+003	
  1.5120000000000000e+004	  4.4035905611230846e+003	  6.1466373610633254e+003	
  1.5150000000000000e+004	  4.4035905611230846e+003	  6.1466373610633254e+003	
  1.5180000000000000e+004	  4.4035905611230846e+003	  6.1466373610633254e+003	
  1.5210000000000000e+004	  4.4035905611230846e+003	  6.1466373610633254e+003	
  1.5240000000000000e+004	  4.4035905611230846e+003	  6.1466373610633254e+003	
  1.5270000000000000e+004	  4.4035905611230846e+003	  6.1466373610633254e+003	
  1.5300000000000000e+004	  4.4035905611230846e+003	  6.1466373610633254e+003	
  1.5330000000000000e+004	  4.4035905611230846e+003	  6.1466373610633254e+003	
  1.5360000000000000e+004	  4.4035905611230846e+003	  6.1466373610633254e+003	
  1.5390000000000000e+004	  4.4035905611230846e+003	  6.1466373610633254e+003	
  1.5420000000000000e+004	  4.4035905611230846e+003	  6.1466373610633254e+003	
  1.5450000000000000e+004	  4.4035905611230846e+003	  6.1466373610633254e+003	
  1.5480000000000000e+004	  4.4035905611230846e+003	  6.1466373610633254e+003	
  1.5510000000000000e+004	  4.4035905611230846e+003	  6.1466373610633254e+003	
  1.5540000000000000e+004	  4.4035905611230846e+003	  6.1466373610633254e+003	
  1.5570000000000000e+004	  4.4035905611230846e+003	  6.1466373610633254e+003	
  1.5600000000000000e+004	  4.4035905611230846e+003	  6.1466373610633254e+003	
  1.5630000000000000e+004	  4.4035905611230846e+003	  6.1466373610633254e+003	
  1.5660000000000000e+004	  4.4035905611230846e+003	  6.1466373610633254e+003	
  1.5690000000000000e+004	  4.4035905611230846e+003	  6.1466373610633254e+003	
  1.5720000000000000e+004	  4.4035905611230846e+003	  6.1466373610633254e+003	
  1.5750000000000000e+004	  4.4035905611230846e+003	  6.1466373610633254e+003	
  1.5780000000000000e+004	  4.4035905611230846e+003	  6.1466373610633254e+003	
  1.5810000000000000e+004	  4.4035905611230846e+003	  6.1466373610633254e+003	
  1.5840000000000000e+004	  4.4035905611230846e+003	  6.1466373610633254e+003	
  1.5870000000000000e+004	  4.4035905611230846e+003	  6.1466373610633254e+003	
  1.5900000000000000e+004	  4.4035905611230846e+003	  6.1466373610633254e+003	
  1.5930000000000000e+004	  4.4035905611230846e+003	  6.1466373610633254e+003	
  1.5960000000000000e+004	  4.4035905611230846e+003	  6.1466373610633254e+003	
  1.5990000000000000e+004	  4.4035905611230846e+003	  6.1466373610633254e+003	
  1.6020000000000000e+004	  4.4035905611230846e+003	  6.1466373610633254e+003	
  1.6050000000000000e+004	  4.4035905611230846e+003	  6.1466373610633254e+003	
  1.6080000000000000e+004	  4.4035905611230846e+003	  6.1466373610633254e+003	
  1.6110000000000000e+004	  4.4035905611230846e+003	  6.1466373610633254e+003	
  1.6140000000000000e+004	  4.4035905611230846e+003	  6.1466373610633254e+003	
  1.6170000000000000e+004	  4.4035905611230846e+003	  6.1466373610633254e+003	
  1.6200000000000000e+004	  4.4035905611230846e+003	  6.1466373610633254e+003	
  1.6230000000000000e+004	  4.4035905611230846e+003	  6.1466373610633254e+003	
  1.6260000000000000e+004	  4.4035905611230846e+003	  6.1466373610633254e+003	
  1.6290000000000000e+004	  4.4035905611230846e+003	  6.1466373610633254e+003	
  1.6320000000000000e+004	  4.4035905611230846e+003	  6.1466373610633254e+003	
  1.6350000000000000e+004	  4.4035905611230846e+003	  6.1466373610633254e+003	
  1.6380000000000000e+004	  4.4035905611230846e+003	  6.1466373610633254e+003	
  1.6410000000000000e+004	  4.4035905611230846e+003	  6.1466373610633254e+003	
  1.6440000000000000e+004	  4.4035905611230846e+003	  6.1466373610633254e+003	
  1.6470000000000000e+004	  4.4035905611230846e+003	  6.1466373610633254e+003	
  1.6500000000000000e+004	  4.4035905611230846e+003	  6.1466373610633254e+003	
  1.6530000000000000e+004	  4.4035905611230846e+003	  6.1466373610633254e+003	
  1.6560000000000000e+004	  4.4035905611230846e+003	  6.1466373610633254e+003	
  1.6590000000000000e+004	  4.4035905611230846e+003	  6.1466373610633254e+003	
  1.6620000000000000e+004	  4.4035905611230846e+003	  6.1466373610633254e+003	
  1.6650000000000000e+004	  4.4035905611230846e+003	  6.1466373610633254e+003	
  1.6680000000000000e+004	  4.4035905611230846e+003	  6.1466373610633254e+003	
  1.6710000000000000e+004	  4.4035905611230846e+003	  6.1466373610633254e+003	
  1.6740000000000000e+004	  4.4035905611230846e+003	  6.1466373610633254e+003	
  1.6770000000000000e+004	  4.4035905611230846e+003	  6.1466373610633254e+003	
  1.6800000000000000e+004	  4.4035905611230846e+003	  6.1466373610633254e+003	
  1.6830000000000000e+004	  4.4035905611230846e+003	  6.1466373610633254e+003	
  1.6860000000000000e+004	  4.4035905611230846e+003	  6.1466373610633254e+003	
  1.6890000000000000e+004	  4.4035905611230846e+003	  6.1466373610633254e+003	
  1.6920000000000000e+004	  4.4035905611230846e+003	  6.1466373610633254e+003	
  1.6950000000000000e+004	  4.4035905611230846e+003	  6.1466373610633254e+003	
  1.6980000000000000e+004	  4.4035905611230846e+003	  6.1466373610633254e+003	
  1.7010000000000000e+004	  4.4035905611230846e+003	  6.1466373610633254e+003	
  1.7040000000000000e+004	  4.4035905611230846e+003	  6.1466373610633254e+003	
  1.7070000000000000e+004	  4.4035905611230846e+003	  6.1466373610633254e+003	
  1.7100000000000000e+004	  4.4035905611230846e+003	  6.1466373610633254e+003	
  1.7130000000000000e+004	  4.4035905611230846e+003	  6.1466373610633254e+003	
  1.7160000000000000e+004	  4.4035905611230846e+003	  6.1466373610633254e+003	
  1.7190000000000000e+004	  4.4035905611230846e+003	  6.1466373610633254e+003	
  1.7220000000000000e+004	  4.4035905611230846e+003	  6.1466373610633254e+003	
  1.7250000000000000e+004	  4.4035905611230846e+003	  6.1466373610633254e+003	
  1.7280000000000000e+004	  4.4035905611230846e+003	  6.1466373610633254e+003	
  1.7310000000000000e+004	  4.4035905611230846e+003	  6.1466373610633254e+003	
  1.7340000000000000e+004	  4.4035905611230846e+003	  6.1466373610633254e+003	
  1.7370000000000000e+004	  4.4035905611230846e+003	  6.1466373610633254e+003	
  1.7400000000000000e+004	  4.4035905611230846e+003	  6.1466373610633254e+003	
  1.7430000000000000e+004	  4.4035905611230846e+003	  6.1466373610633254e+003	
  1.7460000000000000e+004	  4.4035905611230846e+003	  6.1466373610633254e+003	
  1.7490000000000000e+004	  4.4035905611230846e+003	  6.1466373610633254e+003	
  1.7520000000000000e+004	  4.4035905611230846e+003	  6.1466373610633254e+003	
  1.7550000000000000e+004	  4.4035905611230846e+003	  6.1466373610633254e+003	
  1.7580000000000000e+004	  4.4035905611230846e+003	  6.1466373610633254e+003	
  1.7610000000000000e+004	  4.4035905611230846e+003	  6.1466373610633254e+003	
  1.7640000000000000e+004	  4.4035905611230846e+003	  6.1466373610633254e+003	
  1.7670000000000000e+004	  4.4035905611230846e+003	  6.1466373610633254e+003	
  1.7700000000000000e+004	  4.4035905611230846e+003	  6.1466373610633254e+003	
  1.7730000000000000e+004	  4.4035905611230846e+003	  6.1466373610633254e+003	
  1.7760000000000000e+004	  4.4035905611230846e+003	  6.1466373610633254e+003	
  1.7790000000000000e+004	  4.4035905611230846e+003	  6.1466373610633254e+003	
  1.7820000000000000e+004	  4.4035905611230846e+003	  6.1466373610633254e+003	
  1.7850000000000000e+004	  4.4035905611230846e+003	  6.1466373610633254e+003	
  1.7880000000000000e+004	  4.4035905611230846e+003	  6.1466373610633254e+003	
  1.7910000000000000e+004	  4.4035905611230846e+003	  6.1466373610633254e+003	
  1.7940000000000000e+004	  4.4035905611230846e+003	  6.1466373610633254e+003	
  1.7970000000000000e+004	  4.4035905611230846e+003	  6.1466373610633254e+003	
  1.8000000000000000e+004	  4.4035905611230846e+003	  6.1466373610633254e+003	
  1.8030000000000000e+004	  4.4035905611230846e+003	  6.1466373610633254e+003	
  1.8060000000000000e+004	  4.4035905611230846e+003	  6.1466373610633254e+003	
  1.8090000000000000e+004	  4.4035905611230846e+003	  6.1466373610633254e+003	
  1.8120000000000000e+004	  4.4035905611230846e+003	  6.1466373610633254e+003	
  1.8150000000000000e+004	  4.4035905611230846e+003	  6.1466373610633254e+003	
  1.8180000000000000e+004	  4.4035905611230846e+003	  6.1466373610633254e+003	
  1.8210000000000000e+004	  4.4035905611230846e+003	  6.1466373610633254e+003	
  1.8240000000000000e+004	  4.4035905611230846e+003	  6.1466373610633254e+003	
  1.8270000000000000e+004	  4.4035905611230846e+003	  6.1466373610633254e+003	
  1.8300000000000000e+004	  4.4035905611230846e+003	  6.1466373610633254e+003	
  1.8330000000000000e+004	  4.4035905611230846e+003	  6.1466373610633254e+003	
  1.8360000000000000e+004	  4.4035905611230846e+003	  6.1466373610633254e+003	
  1.8390000000000000e+004	  4.4035905611230846e+003	  6.1466373610633254e+003	
  1.8420000000000000e+004	  4.4035905611230846e+003	  6.1466373610633254e+003	
  1.8450000000000000e+004	  4.4035905611230846e+003	  6.1466373610633254e+003	
  1.8480000000000000e+004	  4.4035905611230846e+003	  6.1466373610633254e+003	
  1.8510000000000000e+004	  4.4035905611230846e+003	  6.1466373610633254e+003	
  1.8540000000000000e+004	  4.4035905611230846e+003	  6.1466373610633254e+003	
  1.8570000000000000e+004	  4.4035905611230846e+003	  6.1466373610633254e+003	
  1.8600000000000000e+004	  4.4035905611230846e+003	  6.1466373610633254e+003	
  1.8630000000000000e+004	  4.4005994550656615e+003	  6.1099625069072445e+003	
  1.8660000000000000e+004	  4.3973316971636004e+003	  6.0698955409840109e+003	
  1.8690000000000000e+004	  4.3940639392615385e+003	  6.0298285750607783e+003	
  1.8720000000000000e+004	  4.3907961813594757e+003	  5.9897616091375457e+003	
  1.8750000000000000e+004	  4.3875284234574128e+003	  5.9496946432143122e+003	
  1.8780000000000000e+004	  4.3842606655553509e+003	  5.9096276772910796e+003	
  1.8810000000000000e+004	  4.3809929076532890e+003	  5.8695607113678470e+003	
  1.8840000000000000e+004	  4.3777251497512270e+003	  5.8294937454446135e+003	
  1.8870000000000000e+004	  4.3432187293253255e+003	  5.8003855223610990e+003	
  1.8900000000000000e+004	  4.2252595104694137e+003	  5.6828903237732256e+003	
  1.8930000000000000e+004	  4.1333306343740514e+003	  5.5127421368711557e+003	
  1.8960000000000000e+004	  4.1380557529263724e+003	  5.4797922744887201e+003	
  1.8990000000000000e+004	  4.1005501209362137e+003	  5.4184008947543534e+003	
  1.9020000000000000e+004	  3.9814096212632621e+003	  5.2482527078549247e+003	
  1.9050000000000000e+004	  3.9617075628336011e+003	  5.2660634438784518e+003	
  1.9080000000000000e+004	  3.9357615976129891e+003	  5.2788092511253326e+003	
  1.9110000000000000e+004	  3.9119250598589670e+003	  5.2875476447942765e+003	
  1.9140000000000000e+004	  3.8433264571896057e+003	  5.3218889701962398e+003	
  1.9170000000000000e+004	  3.8399513709062112e+003	  5.3261746779305558e+003	
  1.9200000000000000e+004	  3.8013488369620864e+003	  5.3520559037171151e+003	
  1.9230000000000000e+004	  3.7932064443419890e+003	  5.3459891214938525e+003	
  1.9260000000000000e+004	  3.7874266110827243e+003	  5.3582340026411748e+003	
  1.9290000000000000e+004	  3.7795795395258042e+003	  5.3832246903888627e+003	
  1.9320000000000000e+004	  3.7532960648420367e+003	  5.3923526938712857e+003	
  1.9350000000000000e+004	  3.7436348835826029e+003	  5.3709798099772006e+003	
  1.9380000000000000e+004	  3.7236375044363276e+003	  5.3688647854666151e+003	
  1.9410000000000000e+004	  3.6744878304459767e+003	  5.4239667498382632e+003	
  1.9440000000000000e+004	  3.6793817032056322e+003	  5.4355993870001103e+003	
  1.9470000000000000e+004	  3.6767660121963258e+003	  5.4269166531248420e+003	
  1.9500000000000000e+004	  3.6092221248516698e+003	  5.4462858282165171e+003	
  1.9530000000000000e+004	  3.5963546113780262e+003	  5.4473433403558856e+003	
  1.9560000000000000e+004	  3.5683414065634656e+003	  5.4373804600889034e+003	
  1.9590000000000000e+004	  3.5593552441364591e+003	  5.4006458174724894e+003	
  1.9620000000000000e+004	  3.4632918855066418e+003	  5.4214064566303832e+003	
  1.9650000000000000e+004	  3.4277691161235198e+003	  5.4314806537805707e+003	
  1.9680000000000000e+004	  3.3976886709154824e+003	  5.4529648546963163e+003	
  1.9710000000000000e+004	  3.3944401506840964e+003	  5.4846902276705760e+003	
  1.9740000000000000e+004	  3.3794632118338750e+003	  5.4825752028800107e+003	
  1.9770000000000000e+004	  3.3868462094688653e+003	  5.4884193520295012e+003	
  1.9800000000000000e+004	  3.3868462094688653e+003	  5.4884193520295012e+003	
  1.9830000000000000e+004	  3.3868462094688653e+003	  5.4884193520295012e+003	
  1.9860000000000000e+004	  3.3868462094688653e+003	  5.4884193520295012e+003	
  1.9890000000000000e+004	  3.3868462094688653e+003	  5.4884193520295012e+003	
  1.9920000000000000e+004	  3.3868462094688653e+003	  5.4884193520295012e+003	
  1.9950000000000000e+004	  3.3868462094688653e+003	  5.4884193520295012e+003	
  1.9980000000000000e+004	  3.3868462094688653e+003	  5.4884193520295012e+003	
  2.0010000000000000e+004	  3.3868462094688653e+003	  5.4884193520295012e+003	
  2.0040000000000000e+004	  3.3868462094688653e+003	  5.4884193520295012e+003	
  2.0070000000000000e+004	  3.3868462094688653e+003	  5.4884193520295012e+003	
  2.0100000000000000e+004	  3.3868462094688653e+003	  5.4884193520295012e+003	
  2.0130000000000000e+004	  3.3868462094688653e+003	  5.4884193520295012e+003	
  2.0160000000000000e+004	  3.3868462094688653e+003	  5.4884193520295012e+003	
  2.0190000000000000e+004	  3.3868462094688653e+003	  5.4884193520295012e+003	
  2.0220000000000000e+004	  3.3868462094688653e+003	  5.4884193520295012e+003	
  2.0250000000000000e+004	  3.3868462094688653e+003	  5.4884193520295012e+003	
  2.0280000000000000e+004	  3.3868462094688653e+003	  5.4884193520295012e+003	
  2.0310000000000000e+004	  3.3868462094688653e+003	  5.4884193520295012e+003	
  2.0340000000000000e+004	  3.3868462094688653e+003	  5.4884193520295012e+003	
  2.0370000000000000e+004	  3.3868462094688653e+003	  5.4884193520295012e+003	
  2.0400000000000000e+004	  3.3868462094688653e+003	  5.4884193520295012e+003	
  2.0430000000000000e+004	  3.3868462094688653e+003	  5.4884193520295012e+003	
  2.0460000000000000e+004	  3.3868462094688653e+003	  5.4884193520295012e+003	
  2.0490000000000000e+004	  3.3868462094688653e+003	  5.4884193520295012e+003	
  2.0520000000000000e+004	  3.3868462094688653e+003	  5.4884193520295012e+003	
  2.0550000000000000e+004	  3.3868462094688653e+003	  5.4884193520295012e+003	
  2.0580000000000000e+004	  3.3868462094688653e+003	  5.4884193520295012e+003	
  2.0610000000000000e+004	  3.3868462094688653e+003	  5.4884193520295012e+003	
  2.0640000000000000e+004	  3.3868462094688653e+003	  5.4884193520295012e+003	
  2.0670000000000000e+004	  3.3868462094688653e+003	  5.4884193520295012e+003	
  2.0700000000000000e+004	  3.3868462094688653e+003	  5.4884193520295012e+003	
  2.0730000000000000e+004	  3.3868462094688653e+003	  5.4884193520295012e+003	
  2.0760000000000000e+004	  3.3868462094688653e+003	  5.4884193520295012e+003	
  2.0790000000000000e+004	  3.3868462094688653e+003	  5.4884193520295012e+003	
  2.0820000000000000e+004	  3.3868462094688653e+003	  5.4884193520295012e+003	
  2.0850000000000000e+004	  3.3868462094688653e+003	  5.4884193520295012e+003	
  2.0880000000000000e+004	  3.3868462094688653e+003	  5.4884193520295012e+003	
  2.0910000000000000e+004	  3.3868462094688653e+003	  5.4884193520295012e+003	
  2.0940000000000000e+004	  3.3868462094688653e+003	  5.4884193520295012e+003	
  2.0970000000000000e+004	  3.3868462094688653e+003	  5.4884193520295012e+003	
  2.1000000000000000e+004	  3.3868462094688653e+003	  5.4884193520295012e+003	
  2.1030000000000000e+004	  3.3868462094688653e+003	  5.4884193520295012e+003	
  2.1060000000000000e+004	  3.3868462094688653e+003	  5.4884193520295012e+003	
  2.1090000000000000e+004	  3.3868462094688653e+003	  5.4884193520295012e+003	
  2.1120000000000000e+004	  3.3868462094688653e+003	  5.4884193520295012e+003	
  2.1150000000000000e+004	  3.3868462094688653e+003	  5.4884193520295012e+003	
  2.1180000000000000e+004	  3.3868462094688653e+003	  5.4884193520295012e+003	
  2.1210000000000000e+004	  3.3868462094688653e+003	  5.4884193520295012e+003	
  2.1240000000000000e+004	  3.3868462094688653e+003	  5.4884193520295012e+003	
  2.1270000000000000e+004	  3.3868462094688653e+003	  5.4884193520295012e+003	
  2.1300000000000000e+004	  3.3868462094688653e+003	  5.4884193520295012e+003	
  2.1330000000000000e+004	  3.3868462094688653e+003	  5.4884193520295012e+003	
  2.1360000000000000e+004	  3.3868462094688653e+003	  5.4884193520295012e+003	
  2.1390000000000000e+004	  3.3868462094688653e+003	  5.4884193520295012e+003	
  2.1420000000000000e+004	  3.3868462094688653e+003	  5.4884193520295012e+003	
  2.1450000000000000e+004	  3.3868462094688653e+003	  5.4884193520295012e+003	
  2.1480000000000000e+004	  3.3868462094688653e+003	  5.4884193520295012e+003	
  2.1510000000000000e+004	  3.3868462094688653e+003	  5.4884193520295012e+003	
  2.1540000000000000e+004	  3.3868462094688653e+003	  5.4884193520295012e+003	
  2.1570000000000000e+004	  3.3868462094688653e+003	  5.4884193520295012e+003	
  2.1600000000000000e+004	  3.3868462094688653e+003	  5.4884193520295012e+003	
  2.1630000000000000e+004	  3.3868462094688653e+003	  5.4884193520295012e+003	
  2.1660000000000000e+004	  3.3868462094688653e+003	  5.4884193520295012e+003	
  2.1690000000000000e+004	  3.3868462094688653e+003	  5.4884193520295012e+003	
  2.1720000000000000e+004	  3.3868462094688653e+003	  5.4884193520295012e+003	
  2.1750000000000000e+004	  3.3868462094688653e+003	  5.4884193520295012e+003	
  2.1780000000000000e+004	  3.3868462094688653e+003	  5.4884193520295012e+003	
  2.1810000000000000e+004	  3.3868462094688653e+003	  5.4884193520295012e+003	
  2.1840000000000000e+004	  3.3868462094688653e+003	  5.4884193520295012e+003	
  2.1870000000000000e+004	  3.3868462094688653e+003	  5.4884193520295012e+003	
  2.1900000000000000e+004	  3.3868462094688653e+003	  5.4884193520295012e+003	
  2.1930000000000000e+004	  3.3868462094688653e+003	  5.4884193520295012e+003	
  2.1960000000000000e+004	  3.3868462094688653e+003	  5.4884193520295012e+003	
  2.1990000000000000e+004	  3.3868462094688653e+003	  5.4884193520295012e+003	
  2.2020000000000000e+004	  3.3868462094688653e+003	  5.4884193520295012e+003	
  2.2050000000000000e+004	  3.3868462094688653e+003	  5.4884193520295012e+003	
  2.2080000000000000e+004	  3.3868462094688653e+003	  5.4884193520295012e+003	
  2.2110000000000000e+004	  3.3868462094688653e+003	  5.4884193520295012e+003	
  2.2140000000000000e+004	  3.3868462094688653e+003	  5.4884193520295012e+003	
  2.2170000000000000e+004	  3.3868462094688653e+003	  5.4884193520295012e+003	
  2.2200000000000000e+004	  3.3868462094688653e+003	  5.4884193520295012e+003	
  2.2230000000000000e+004	  3.3868462094688653e+003	  5.4884193520295012e+003	
  2.2260000000000000e+004	  3.3868462094688653e+003	  5.4884193520295012e+003	
  2.2290000000000000e+004	  3.3868462094688653e+003	  5.4884193520295012e+003	
  2.2320000000000000e+004	  3.3868462094688653e+003	  5.4884193520295012e+003	
  2.2350000000000000e+004	  3.3868462094688653e+003	  5.4884193520295012e+003	
  2.2380000000000000e+004	  3.3868462094688653e+003	  5.4884193520295012e+003	
  2.2410000000000000e+004	  3.3868462094688653e+003	  5.4884193520295012e+003	
  2.2440000000000000e+004	  3.3868462094688653e+003	  5.4884193520295012e+003	
  2.2470000000000000e+004	  3.3868462094688653e+003	  5.4884193520295012e+003	
  2.2500000000000000e+004	  3.3868462094688653e+003	  5.4884193520295012e+003	
  2.2530000000000000e+004	  3.3868462094688653e+003	  5.4884193520295012e+003	
  2.2560000000000000e+004	  3.3868462094688653e+003	  5.4884193520295012e+003	
  2.2590000000000000e+004	  3.3868462094688653e+003	  5.4884193520295012e+003	
  2.2620000000000000e+004	  3.3868462094688653e+003	  5.4884193520295012e+003	
  2.2650000000000000e+004	  3.3868462094688653e+003	  5.4884193520295012e+003	
  2.2680000000000000e+004	  3.3868462094688653e+003	  5.4884193520295012e+003	
  2.2710000000000000e+004	  3.3868462094688653e+003	  5.4884193520295012e+003	
  2.2740000000000000e+004	  3.3868462094688653e+003	  5.4884193520295012e+003	
  2.2770000000000000e+004	  3.3868462094688653e+003	  5.4884193520295012e+003	
  2.2800000000000000e+004	  3.3868462094688653e+003	  5.4884193520295012e+003	
  2.2830000000000000e+004	  3.3868462094688653e+003	  5.4884193520295012e+003	
  2.2860000000000000e+004	  3.3868462094688653e+003	  5.4884193520295012e+003	
  2.2890000000000000e+004	  3.3868462094688653e+003	  5.4884193520295012e+003	
  2.2920000000000000e+004	  3.3868462094688653e+003	  5.4884193520295012e+003	
  2.2950000000000000e+004	  3.3868462094688653e+003	  5.4884193520295012e+003	
  2.2980000000000000e+004	  3.3868462094688653e+003	  5.4884193520295012e+003	
  2.3010000000000000e+004	  3.3868462094688653e+003	  5.4884193520295012e+003	
  2.3040000000000000e+004	  3.3868462094688653e+003	  5.4884193520295012e+003	
  2.3070000000000000e+004	  3.3868462094688653e+003	  5.4884193520295012e+003	
  2.3100000000000000e+004	  3.3868462094688653e+003	  5.4884193520295012e+003	
  2.3130000000000000e+004	  3.3868462094688653e+003	  5.4884193520295012e+003	
  2.3160000000000000e+004	  3.3868462094688653e+003	  5.4884193520295012e+003	
  2.3190000000000000e+004	  3.3868462094688653e+003	  5.4884193520295012e+003	
  2.3220000000000000e+004	  3.3868462094688653e+003	  5.4884193520295012e+003	
  2.3250000000000000e+004	  3.3868462094688653e+003	  5.4884193520295012e+003	
  2.3280000000000000e+004	  3.3868462094688653e+003	  5.4884193520295012e+003	
  2.3310000000000000e+004	  3.3868462094688653e+003	  5.4884193520295012e+003	
  2.3340000000000000e+004	  3.3868462094688653e+003	  5.4884193520295012e+003	
  2.3370000000000000e+004	  3.3868462094688653e+003	  5.4884193520295012e+003	
  2.3400000000000000e+004	  3.3868462094688653e+003	  5.4884193520295012e+003	
  2.3430000000000000e+004	  3.3868462094688653e+003	  5.4884193520295012e+003	
  2.3460000000000000e+004	  3.3868462094688653e+003	  5.4884193520295012e+003	
  2.3490000000000000e+004	  3.3868462094688653e+003	  5.4884193520295012e+003	
  2.3520000000000000e+004	  3.3868462094688653e+003	  5.4884193520295012e+003	
  2.3550000000000000e+004	  3.3868462094688653e+003	  5.4884193520295012e+003	
  2.3580000000000000e+004	  3.3868462094688653e+003	  5.4884193520295012e+003	
  2.3610000000000000e+004	  3.3868462094688653e+003	  5.4884193520295012e+003	
  2.3640000000000000e+004	  3.3775480898880801e+003	  5.4706908633920038e+003	
  2.3670000000000000e+004	  3.3588764671104636e+003	  5.4350901540893719e+003	
  2.3700000000000000e+004	  3.3997896614763667e+003	  5.4910686975615072e+003	
  2.3730000000000000e+004	  3.3719452092513975e+003	  5.4958330684728862e+003	
  2.3760000000000000e+004	  3.3594405200001020e+003	  5.4969462398836959e+003	
  2.3790000000000000e+004	  3.3694476480261633e+003	  5.4886642479538714e+003	
  2.3820000000000000e+004	  3.3724514742195911e+003	  5.4762635230218211e+003	
  2.3850000000000000e+004	  3.3635243715178176e+003	  5.4865714862654695e+003	
  2.3880000000000000e+004	  3.3649419090796778e+003	  5.4852134192487010e+003	
  2.3910000000000000e+004	  3.4088855164808069e+003	  5.5984451717951597e+003	
  2.3940000000000000e+004	  3.5328355122790176e+003	  5.7965005555611187e+003	
  2.3970000000000000e+004	  3.6598230873705056e+003	  6.0397952089768260e+003	
  2.4000000000000000e+004	  3.7174357867683175e+003	  6.1426076814767412e+003	
  2.4030000000000000e+004	  3.7012016275699470e+003	  6.1412496131181160e+003	
  2.4060000000000000e+004	  3.7505284941666382e+003	  6.2103997968292915e+003	
  2.4090000000000000e+004	  3.8858187771482471e+003	  6.4297835363762397e+003	
  2.4120000000000000e+004	  4.0262391870002089e+003	  6.6733230866186323e+003	
  2.4150000000000000e+004	  4.0998835417907439e+003	  6.8260278841669333e+003	
  2.4180000000000000e+004	  4.1063468284253740e+003	  6.7979537108331233e+003	
  2.4210000000000000e+004	  4.1943184198995941e+003	  6.9918458351862955e+003	
  2.4240000000000000e+004	  4.3220147577643929e+003	  7.2060199354774886e+003	
  2.4270000000000000e+004	  4.4639877074065062e+003	  7.4852254843314422e+003	
  2.4300000000000000e+004	  4.6287593539543650e+003	  7.8003864581445041e+003	
  2.4330000000000000e+004	  4.7757443031155053e+003	  8.0581078063653476e+003	
  2.4360000000000000e+004	  4.6560300398954296e+003	  8.1293062232824068e+003	
  2.4390000000000000e+004	  4.6278143314068138e+003	  8.1433989683615800e+003	
  2.4420000000000000e+004	  4.5489554705465343e+003	  8.1933358197086927e+003	
  2.4450000000000000e+004	  4.5476560626525561e+003	  8.1942486199157320e+003	
  2.4480000000000000e+004	  4.4226766680569053e+003	  8.2727049114178371e+003	
  2.4510000000000000e+004	  4.4146777167660675e+003	  8.2524452001080244e+003	
  2.4540000000000000e+004	  4.3936003103622679e+003	  8.3266046513245055e+003	
  2.4570000000000000e+004	  4.4022236532499219e+003	  8.3450387629076959e+003	
  2.4600000000000000e+004	  4.4507404997361391e+003	  8.4179291995527019e+003	
  2.4630000000000000e+004	  4.4483779395186548e+003	  8.4128976669216572e+003	
  2.4660000000000000e+004	  4.4429946787731806e+003	  8.4245859621236123e+003	
  2.4690000000000000e+004	  4.4310637534499665e+003	  8.4595617947588598e+003	
  2.4720000000000000e+004	  4.3968910188865248e+003	  8.4908418995916581e+003	
  2.4750000000000000e+004	  4.3895839602437936e+003	  8.4873020161545865e+003	
  2.4780000000000000e+004	  4.3926338088027760e+003	  8.4985794502855388e+003	
  2.4810000000000000e+004	  4.3867151364683332e+003	  8.5128938172884627e+003	
  2.4840000000000000e+004	  4.3300137097150673e+003	  8.5239142106837644e+003	
  2.4870000000000000e+004	  4.2937231092517277e+003	  8.4842296642310339e+003	
  2.4900000000000000e+004	  4.2588669193270043e+003	  8.4651944402972767e+003	
  2.4930000000000000e+004	  4.2100800670763329e+003	  8.4924114710153062e+003	
  2.4960000000000000e+004	  4.1720428590346392e+003	  8.5183038286245792e+003	
  2.4990000000000000e+004	  4.1369166622204521e+003	  8.5372722624999369e+003	
  2.5020000000000000e+004	  4.0992507136324784e+003	  8.5644447657832297e+003	
  2.5050000000000000e+004	  4.0681830572099338e+003	  8.5991311748526041e+003	
  2.5080000000000000e+004	  4.0409208078701572e+003	  8.6364112710302143e+003	
  2.5110000000000000e+004	  3.9692761904247936e+003	  8.6736468412607337e+003	
  2.5140000000000000e+004	  3.9454818413248295e+003	  8.6488342593798261e+003	
  2.5170000000000000e+004	  3.9454818430179903e+003	  8.6426116340415647e+003	
  2.5200000000000000e+004	  3.9164645491544243e+003	  8.6456728541117009e+003	
  2.5230000000000000e+004	  3.8796086200329255e+003	  8.6522628264866016e+003	
  2.5260000000000000e+004	  3.8491484790788454e+003	  8.6805262378061052e+003	
  2.5290000000000000e+004	  3.8156507612180321e+003	  8.7149566168766505e+003	
  2.5320000000000000e+004	  3.8020660431195283e+003	  8.7578359635358684e+003	
  2.5350000000000000e+004	  3.7807776941363845e+003	  8.8051123365778094e+003	
  2.5380000000000000e+004	  3.7933245728675020e+003	  8.8396651637295090e+003	
  2.5410000000000000e+004	  3.7977374968181875e+003	  8.8616502903376440e+003	
  2.5440000000000000e+004	  3.7962102701509880e+003	  8.8645667992610652e+003	
  2.5470000000000000e+004	  3.7972059212788054e+003	  8.8635760765650721e+003	
  2.5500000000000000e+004	  3.7859837631153191e+003	  8.8711456391509746e+003	
  2.5530000000000000e+004	  3.7855028133610563e+003	  8.8713682740702170e+003	
  2.5560000000000000e+004	  3.7845662270601351e+003	  8.8716576982853439e+003	
  2.5590000000000000e+004	  3.7850471771366115e+003	  8.8709452682345400e+003	
  2.5620000000000000e+004	  3.7851568668894556e+003	  8.8721808885042883e+003	
  2.5650000000000000e+004	  3.7854943754029423e+003	  8.8731604791926056e+003	
  2.5680000000000000e+004	  3.7863297078572441e+003	  8.8728042641899538e+003	
  2.5710000000000000e+004	  3.7868697242969765e+003	  8.8723033375085470e+003	
  2.5740000000000000e+004	  3.7867262812843665e+003	  8.8715463811595000e+003	
  2.5770000000000000e+004	  3.7874350493241145e+003	  8.8706113173604062e+003	
  2.5800000000000000e+004	  3.7870637898030886e+003	  8.8705890541104400e+003	
  2.5830000000000000e+004	  3.7865490896027623e+003	  8.8711901662850705e+003	
  2.5860000000000000e+004	  3.7863128342242294e+003	  8.8716131713160667e+003	
  2.5890000000000000e+004	  3.7859753261596779e+003	  8.8716688303546816e+003	
  2.5920000000000000e+004	  3.7845240385036823e+003	  8.8731938742685252e+003	
  2.5950000000000000e+004	  3.7840937153473328e+003	  8.8736057472888842e+003	
  2.5980000000000000e+004	  3.7842371575374418e+003	  8.8739063039108787e+003	
  2.6010000000000000e+004	  3.7840852789543155e+003	  8.8741734642272495e+003	
  2.6040000000000000e+004	  3.7843046573866623e+003	  8.8738506448911830e+003	
  2.6070000000000000e+004	  3.7837899578224797e+003	  8.8729935036364732e+003	
  2.6100000000000000e+004	  3.7850978030358410e+003	  8.8723033375085470e+003	
  2.6130000000000000e+004	  3.7856631299478272e+003	  8.8723478641749334e+003	
  2.6160000000000000e+004	  3.7858403216474485e+003	  8.8723478641749334e+003	
  2.6190000000000000e+004	  3.7855871903869970e+003	  8.8721586254114573e+003	
  2.6220000000000000e+004	  3.7855534393550711e+003	  8.8725593665087981e+003	
  2.6250000000000000e+004	  3.7858909478249489e+003	  8.8730157664789785e+003	
  2.6280000000000000e+004	  3.7860343895959986e+003	  8.8731604791926056e+003	
  2.6310000000000000e+004	  3.7856125036609419e+003	  8.8736836694065823e+003	
  2.6340000000000000e+004	  3.7855871903869970e+003	  8.8737838547631836e+003	
  2.6370000000000000e+004	  3.7855534393550711e+003	  8.8739619618157012e+003	
  2.6400000000000000e+004	  3.7856378170864787e+003	  8.8731604791926056e+003	
  2.6430000000000000e+004	  3.7858909478249489e+003	  8.8729378445527800e+003	
  2.6460000000000000e+004	  3.7854268737855991e+003	  8.8743293083455846e+003	
  2.6490000000000000e+004	  3.7854690621289978e+003	  8.8752087131727712e+003	
  2.6520000000000000e+004	  3.7855281260811271e+003	  8.8746521283528018e+003	
  2.6550000000000000e+004	  3.7856378170864787e+003	  8.8744517573899047e+003	
  2.6580000000000000e+004	  3.7855281260811271e+003	  8.8750640012622735e+003	
  2.6610000000000000e+004	  3.7852749939876567e+003	  8.8746521283528018e+003	
  2.6640000000000000e+004	  3.7853846854082922e+003	  8.8742402543552489e+003	
  2.6670000000000000e+004	  3.7853087462351059e+003	  8.8748191038755940e+003	
  2.6700000000000000e+004	  3.7854690621289978e+003	  8.8748747622254341e+003	
  2.6730000000000000e+004	  3.7857475076203673e+003	  8.8745742064822443e+003	
  2.6760000000000000e+004	  3.7862031417813023e+003	  8.8742959136167156e+003	
  2.6790000000000000e+004	  3.7856209419242432e+003	  8.8739619620192734e+003	
  2.6820000000000000e+004	  3.7851906184293680e+003	  8.8753645570319204e+003	
  2.6850000000000000e+004	  3.7853593724375651e+003	  8.8747411820050384e+003	
  2.6880000000000000e+004	  3.7850893656962226e+003	  8.8804517483346026e+003	
  2.6910000000000000e+004	  3.7849881136368049e+003	  8.8807077780745294e+003	
  2.6940000000000000e+004	  3.7850556149816171e+003	  8.8755649282359009e+003	
  2.6970000000000000e+004	  3.7844734123607150e+003	  8.8746409966961310e+003	
  2.7000000000000000e+004	  3.7840937153473328e+003	  8.8749415524431406e+003	
  2.7030000000000000e+004	  3.7842962215478401e+003	  8.8745742064822443e+003	
  2.7060000000000000e+004	  3.7842877836804096e+003	  8.8742402543552489e+003	
  2.7090000000000000e+004	  3.7843468476908065e+003	  8.8741734642272495e+003	
  2.7120000000000000e+004	  3.7844312229672555e+003	  8.8739730939606270e+003	
  2.7150000000000000e+004	  3.7842371575374418e+003	  8.8744628891458124e+003	
  2.7180000000000000e+004	  3.7843721602737410e+003	  8.8743181766644248e+003	
  2.7210000000000000e+004	  3.7844649751024290e+003	  8.8740510156396831e+003	
  2.7240000000000000e+004	  3.7840937153473328e+003	  8.8746409966961310e+003	
  2.7270000000000000e+004	  3.7840346523985863e+003	  8.8753534253819143e+003	
  2.7300000000000000e+004	  3.7841190289074084e+003	  8.8753645570319204e+003	
  2.7330000000000000e+004	  3.7845999774234856e+003	  8.8745074161195080e+003	
  2.7360000000000000e+004	  3.7847940448561435e+003	  8.8744628891458124e+003	
  2.7390000000000000e+004	  3.7850049881476489e+003	  8.8745185475293692e+003	
  2.7420000000000000e+004	  3.7839249597966759e+003	  8.8758320892975698e+003	
  2.7450000000000000e+004	  3.7836465168962595e+003	  8.8755426644795189e+003	
  2.7480000000000000e+004	  3.7835283882077988e+003	  8.8756094547086868e+003	
  2.7510000000000000e+004	  3.7833343217465167e+003	  8.8761326460912533e+003	
  2.7540000000000000e+004	  3.7830811908939586e+003	  8.8762105678149237e+003	
  2.7570000000000000e+004	  3.7831908790714492e+003	  8.8758432209214916e+003	
  2.7600000000000000e+004	  3.7839165225499701e+003	  8.8747411816488129e+003	
  2.7630000000000000e+004	  3.7837815192216863e+003	  8.8747523135796473e+003	
  2.7660000000000000e+004	  3.7841190289074084e+003	  8.8750973964670193e+003	
  2.7690000000000000e+004	  3.7840430886821355e+003	  8.8754202156854990e+003	
  2.7720000000000000e+004	  3.7837308934665293e+003	  8.8759434064059715e+003	
  2.7750000000000000e+004	  3.7838068323267871e+003	  8.8757986940851952e+003	
  2.7780000000000000e+004	  3.7837899570245149e+003	  8.8758320892975698e+003	
  2.7810000000000000e+004	  3.7829461878562374e+003	  8.8767560209533003e+003	
  2.7840000000000000e+004	  3.7829377491264777e+003	  8.8767671528068204e+003	
  2.7870000000000000e+004	  3.7831908790714492e+003	  8.8761771723716774e+003	
  2.7900000000000000e+004	  3.7833849477205376e+003	  8.8758320892975698e+003	
  2.7930000000000000e+004	  3.7837730830956179e+003	  8.8760992506480070e+003	
  2.7960000000000000e+004	  3.7842709079877650e+003	  8.8756873763321673e+003	
  2.7990000000000000e+004	  3.7836212036817137e+003	  8.8760881184147765e+003	
  2.8020000000000000e+004	  3.7832499434941628e+003	  8.8764332016240514e+003	
  2.8050000000000000e+004	  3.7832752569698691e+003	  8.8762439628393531e+003	
  2.8080000000000000e+004	  3.7833680717301881e+003	  8.8762773579028981e+003	
  2.8110000000000000e+004	  3.7830558778733553e+003	  8.8767226258468181e+003	
  2.8140000000000000e+004	  3.7828280598173537e+003	  8.8771678947065593e+003	
  2.8170000000000000e+004	  3.7826846182412251e+003	  8.8773571339297814e+003	
  2.8200000000000000e+004	  3.7829377491264777e+003	  8.8772458168954545e+003	
  2.8230000000000000e+004	  3.7832752569698691e+003	  8.8768450747219431e+003	
  2.8260000000000000e+004	  3.7833933852058935e+003	  8.8766113088942220e+003	
  2.8290000000000000e+004	  3.7832499434941628e+003	  8.8767671528068204e+003	
  2.8320000000000000e+004	  3.7833933852058935e+003	  8.8763552797178418e+003	
  2.8350000000000000e+004	  3.7835030749932530e+003	  8.8763218846542950e+003	
  2.8380000000000000e+004	  3.7829461878562374e+003	  8.8765333868967464e+003	
  2.8410000000000000e+004	  3.7824905500399605e+003	  8.8771678947065593e+003	
  2.8440000000000000e+004	  3.7824905500399605e+003	  8.8771678947065593e+003	
  2.8470000000000000e+004	  3.7824399234090924e+003	  8.8773905289265676e+003	
  2.8500000000000000e+004	  3.7822374176442690e+003	  8.8777244804203310e+003	
  2.8530000000000000e+004	  3.7822374176442690e+003	  8.8779137195306794e+003	
  2.8560000000000000e+004	  3.7823724212346015e+003	  8.8778135340357167e+003	
  2.8590000000000000e+004	  3.7828449348161644e+003	  8.8775797678807976e+003	
  2.8620000000000000e+004	  3.7833005698810312e+003	  8.8775797678807976e+003	
  2.8650000000000000e+004	  3.7837477691227409e+003	  8.8774350555889505e+003	
  2.8680000000000000e+004	  3.7843130962633441e+003	  8.8773905289265676e+003	
  2.8710000000000000e+004	  3.7845409140222328e+003	  8.8779471145704010e+003	
  2.8740000000000000e+004	  3.7844312229672555e+003	  8.8779916412900257e+003	
  2.8770000000000000e+004	  3.7844059103843210e+003	  8.8779137195306794e+003	
  2.8800000000000000e+004	  3.7842371575374418e+003	  8.8781363532591731e+003	
  2.8830000000000000e+004	  3.7841527803208419e+003	  8.8780250363297455e+003	
  2.8860000000000000e+004	  3.7836465168962595e+003	  8.8780584314085754e+003	
  2.8890000000000000e+004	  3.7833343217465167e+003	  8.8781363532591731e+003	
  2.8920000000000000e+004	  3.7833596346576787e+003	  8.8781363532591731e+003	
  2.8950000000000000e+004	  3.7835537015740215e+003	  8.8779916412900257e+003	
  2.8980000000000000e+004	  3.7837815192216863e+003	  8.8777690072391524e+003	
  2.9010000000000000e+004	  3.7838743337381520e+003	  8.8775463726922808e+003	
  2.9040000000000000e+004	  3.7837815192216863e+003	  8.8773905289265676e+003	
  2.9070000000000000e+004	  3.7841443419030620e+003	  8.8774684505857404e+003	
  2.9100000000000000e+004	  3.7839840257333899e+003	  8.8773905289265676e+003	
  2.9130000000000000e+004	  3.7837055801003066e+003	  8.8775797678807976e+003	
  2.9160000000000000e+004	  3.7836127657412958e+003	  8.8775463726922808e+003	
  2.9190000000000000e+004	  3.7837815192216863e+003	  8.8773237388194830e+003	
  2.9220000000000000e+004	  3.7838996466915751e+003	  8.8772124216716420e+003	
  2.9250000000000000e+004	  3.7840346523985863e+003	  8.8764665967267138e+003	
  2.9280000000000000e+004	  3.7847518570483799e+003	  8.8762439623766586e+003	
  2.9310000000000000e+004	  3.7985475165136036e+003	  8.8664703215352929e+003	
  2.9340000000000000e+004	  3.8011547702325624e+003	  8.8654795984605953e+003	
  2.9370000000000000e+004	  3.8036523328250432e+003	  8.8647560381182648e+003	
  2.9400000000000000e+004	  3.8014500903368316e+003	  8.8682291315266048e+003	
  2.9430000000000000e+004	  3.8017454103387927e+003	  8.8676057559205856e+003	
  2.9460000000000000e+004	  3.8028254371774406e+003	  8.8670269066036708e+003	
  2.9490000000000000e+004	  3.8018972882304647e+003	  8.8656911014162943e+003	
  2.9520000000000000e+004	  3.8010366417026789e+003	  8.8655352582148935e+003	
  2.9550000000000000e+004	  3.8023782379650997e+003	  8.8635872083792274e+003	
  2.9580000000000000e+004	  3.8066899097625997e+003	  8.8637096571962720e+003	
  2.9610000000000000e+004	  3.8102084349185925e+003	  8.8623849840517269e+003	
  2.9640000000000000e+004	  3.8195152317408342e+003	  8.8580324853550173e+003	
  2.9670000000000000e+004	  3.8432336412587056e+003	  8.8443182186301801e+003	
  2.9700000000000000e+004	  3.8672726836975062e+003	  8.8315056202923297e+003	
  2.9730000000000000e+004	  3.8923242539022685e+003	  8.8173683486391710e+003	
  2.9760000000000000e+004	  3.9093515569463802e+003	  8.8071939659304571e+003	
  2.9790000000000000e+004	  3.9304711515594231e+003	  8.7896058637464994e+003	
  2.9820000000000000e+004	  3.9617413145342930e+003	  8.7723962405483144e+003	
  2.9850000000000000e+004	  3.9921170785724180e+003	  8.7678433709293222e+003	
  2.9880000000000000e+004	  4.0159958041510254e+003	  8.7523925574502173e+003	
  2.9910000000000000e+004	  4.0096928332815528e+003	  8.7191087447398459e+003	
  2.9940000000000000e+004	  3.9984369245686817e+003	  8.6923258504225723e+003	
  2.9970000000000000e+004	  3.9977197190371357e+003	  8.6661106736849924e+003	
  3.0000000000000000e+004	  4.0214971937351502e+003	  8.6459288835251882e+003	
  3.0030000000000000e+004	  4.0517379552001112e+003	  8.6266487616394334e+003	
  3.0060000000000000e+004	  4.0741063304042677e+003	  8.6142257735062449e+003	
  3.0090000000000000e+004	  4.0945509080079428e+003	  8.5906599431781815e+003	
  3.0120000000000000e+004	  4.0967025249822227e+003	  8.5837360194419362e+003	
  3.0150000000000000e+004	  4.1090553350428800e+003	  8.5702555186711343e+003	
  3.0180000000000000e+004	  4.1342334687494313e+003	  8.5514651922886114e+003	
  3.0210000000000000e+004	  4.1671489858439363e+003	  8.5372166038995256e+003	
  3.0240000000000000e+004	  4.1890110981583657e+003	  8.5226674590410912e+003	
  3.0270000000000000e+004	  4.2037433446222685e+003	  8.5116025389437236e+003	
  3.0300000000000000e+004	  4.2326762609867064e+003	  8.4952055307788869e+003	
  3.0330000000000000e+004	  4.2531039623709348e+003	  8.4797769805794669e+003	
  3.0360000000000000e+004	  4.2661233518336212e+003	  8.4764040723868820e+003	
  3.0390000000000000e+004	  4.2837834842796492e+003	  8.4858214989391254e+003	
  3.0420000000000000e+004	  4.2983469751408857e+003	  8.4943261256800179e+003	
  3.0450000000000000e+004	  4.3437587429411606e+003	  8.5007491219836702e+003	
  3.0480000000000000e+004	  4.3737463739868781e+003	  8.5113242463190636e+003	
  3.0510000000000000e+004	  4.3755182931254976e+003	  8.5134949303070171e+003	
  3.0540000000000000e+004	  4.3742273227388769e+003	  8.5100663628604416e+003	
  3.0570000000000000e+004	  4.3758389258257284e+003	  8.5186711752291703e+003	
  3.0600000000000000e+004	  4.3776530345689735e+003	  8.5210533610750063e+003	
  3.0630000000000000e+004	  4.3781846098253573e+003	  8.5210867565375247e+003	
  3.0660000000000000e+004	  4.3775939706591789e+003	  8.5188047556065249e+003	
  3.0690000000000000e+004	  4.3712066219802964e+003	  8.5144745201868827e+003	
  3.0720000000000000e+004	  4.3837788131318539e+003	  8.5245709813215271e+003	
  3.0750000000000000e+004	  4.3778555392162725e+003	  8.5150756326734299e+003	
  3.0780000000000000e+004	  4.3634101765923861e+003	  8.5326748662717928e+003	
  3.0810000000000000e+004	  4.3090966221991412e+003	  8.4893613827847639e+003	
  3.0840000000000000e+004	  4.2755735894695899e+003	  8.4383781512603109e+003	
  3.0870000000000000e+004	  4.3112651131094217e+003	  8.4395024539490441e+003	
  3.0900000000000000e+004	  4.3236483429140271e+003	  8.4303650923201694e+003	
  3.0930000000000000e+004	  4.3369982015236337e+003	  8.3996713519807327e+003	
  3.0960000000000000e+004	  4.3503480601332412e+003	  8.3689776116412959e+003	
  3.0990000000000000e+004	  4.3636979187428478e+003	  8.3382838713018573e+003	
  3.1020000000000000e+004	  4.3770477773524553e+003	  8.3075901309624223e+003	
  3.1050000000000000e+004	  4.3860063698863223e+003	  8.2830351386908696e+003	
  3.1080000000000000e+004	  4.3830025441684165e+003	  8.2938328971403425e+003	
  3.1110000000000000e+004	  4.3546945271157319e+003	  8.3168125020105708e+003	
  3.1140000000000000e+004	  4.3220314305164802e+003	  8.3433274307069896e+003	
  3.1170000000000000e+004	  4.2970391292720888e+003	  8.3931722772012818e+003	
  3.1200000000000000e+004	  4.2845260032731185e+003	  8.4527046614325518e+003	
  3.1230000000000000e+004	  4.2684774746329740e+003	  8.4797547169680929e+003	
  3.1260000000000000e+004	  4.2939256141355963e+003	  8.5067157185012948e+003	
  3.1290000000000000e+004	  4.3543986987329918e+003	  8.5118474365018737e+003	
  3.1320000000000000e+004	  4.3709534906528970e+003	  8.5109791630301515e+003	
  3.1350000000000000e+004	  4.3677471597006534e+003	  8.5069606162309101e+003	
  3.1380000000000000e+004	  4.3745310814063751e+003	  8.5222221903187437e+003	
  3.1410000000000000e+004	  4.3813150009650508e+003	  8.5317509342503872e+003	
  3.1440000000000000e+004	  4.3818212636940407e+003	  8.5222778490880501e+003	
  3.1470000000000000e+004	  4.3722191468375731e+003	  8.5218548439221486e+003	
  3.1500000000000000e+004	  4.3766995740028906e+003	  8.5249717229923735e+003	
  3.1530000000000000e+004	  4.3790536944251999e+003	  8.5135617200509205e+003	
  3.1560000000000000e+004	  4.3712234987159072e+003	  8.5164782284347275e+003	
  3.1590000000000000e+004	  4.3660764924825307e+003	  8.5148641301803673e+003	
  3.1620000000000000e+004	  4.3673337126056886e+003	  8.5053242551212006e+003	
  3.1650000000000000e+004	  4.3726157198581668e+003	  8.5251498303548178e+003	
  3.1680000000000000e+004	  4.3873057778865641e+003	  8.5014392876208185e+003	
  3.1710000000000000e+004	  4.4043077673650405e+003	  8.4809124147019029e+003	
  3.1740000000000000e+004	  4.4403536752062482e+003	  8.4590831316753847e+003	
  3.1770000000000000e+004	  4.4576931744454296e+003	  8.4509569832390334e+003	
  3.1800000000000000e+004	  4.4567228378842610e+003	  8.4394356634506148e+003	
  3.1830000000000000e+004	  4.4588828914667665e+003	  8.4380775944671586e+003	
  3.1860000000000000e+004	  4.4501498602462743e+003	  8.4255544204955550e+003	
  3.1890000000000000e+004	  4.4609754432169984e+003	  8.4219811424964555e+003	
  3.1920000000000000e+004	  4.4599544811655023e+003	  8.4548864769058964e+003	
  3.1950000000000000e+004	  4.4675231091163023e+003	  8.4581035411830489e+003	
  3.1980000000000000e+004	  4.4548665402418092e+003	  8.4578363799378694e+003	
  3.2010000000000000e+004	  4.4365651433602152e+003	  8.4581925945760449e+003	
  3.2040000000000000e+004	  4.4399064768347716e+003	  8.4518141246373780e+003	
  3.2070000000000000e+004	  4.4448087876723748e+003	  8.4393911368674108e+003	
  3.2100000000000000e+004	  4.4594313423709245e+003	  8.4275247338376721e+003	
  3.2130000000000000e+004	  4.5625317510427330e+003	  8.3647864166475192e+003	
  3.2160000000000000e+004	  4.5202756858128050e+003	  8.2708681793075666e+003	
  3.2190000000000000e+004	  4.3401052137881024e+003	  7.9354140996397382e+003	
  3.2220000000000000e+004	  4.2443371792848502e+003	  7.8598297887354811e+003	
  3.2250000000000000e+004	  4.1873151189213822e+003	  7.6699005532867059e+003	
  3.2280000000000000e+004	  3.9873666465361994e+003	  7.2992925331232527e+003	
  3.2310000000000000e+004	  3.9487219236919291e+003	  7.2298195316236306e+003	
  3.2340000000000000e+004	  3.8576621300990473e+003	  7.0637900769111202e+003	
  3.2370000000000000e+004	  3.6608271741230101e+003	  6.7130410280136784e+003	
  3.2400000000000000e+004	  3.6318520682874559e+003	  6.6674232804864341e+003	
  3.2430000000000000e+004	  3.6233806058205068e+003	  6.6471190412887154e+003	
  3.2460000000000000e+004	  3.6261988005634971e+003	  6.6515494620337531e+003	
  3.2490000000000000e+004	  3.7949361766627944e+003	  6.5610597909394392e+003	
  3.2520000000000000e+004	  3.9673692679031760e+003	  6.4466369448515816e+003	
  3.2550000000000000e+004	  4.1199906103131489e+003	  6.3717316685791284e+003	
  3.2580000000000000e+004	  4.2666718023420381e+003	  6.2952790837912144e+003	
  3.2610000000000000e+004	  4.4161290034257299e+003	  6.2133051720823187e+003	
  3.2640000000000000e+004	  4.4727798045159625e+003	  6.1545074800692910e+003	
  3.2670000000000000e+004	  4.4171415289368251e+003	  6.0879955128405081e+003	
  3.2700000000000000e+004	  4.4006036117301092e+003	  6.0820734438421614e+003	
