  0.0000000000000000e+000	  5.6066395782475429e+003	  4.1449332748244333e+003	
  3.0000000000000000e+001	  5.6129678631124043e+003	  4.1204435124401853e+003	
  6.0000000000000000e+001	  5.6097615321613375e+003	  4.1515009840434159e+003	
  9.0000000000000000e+001	  5.5956705533219256e+003	  4.1481614695402432e+003	
  1.2000000000000000e+002	  5.6022519690551380e+003	  4.1516123002926315e+003	
  1.5000000000000000e+002	  5.8110009662883194e+003	  3.9893119693600406e+003	
  1.8000000000000000e+002	  6.0526570397560326e+003	  3.6737279905842183e+003	
  2.1000000000000000e+002	  6.2929630776806916e+003	  3.5473830822562991e+003	
  2.4000000000000000e+002	  6.4079690926107714e+003	  3.5271233714325067e+003	
  2.7000000000000000e+002	  6.6357029373679488e+003	  3.5000733164110579e+003	
  3.0000000000000000e+002	  6.9615673700732032e+003	  3.4473090104680928e+003	
  3.3000000000000000e+002	  6.9938838074578043e+003	  3.4369565184515745e+003	
  3.6000000000000000e+002	  7.3203388753589834e+003	  3.3857506532817811e+003	
  3.9000000000000000e+002	  7.4641174825611379e+003	  3.3591458664398033e+003	
  4.2000000000000000e+002	  7.6841730027513859e+003	  3.4097951476260673e+003	
  4.5000000000000000e+002	  7.9470920954805906e+003	  3.5324665917517095e+003	
  4.8000000000000000e+002	  8.0302035539980552e+003	  3.5536168413426381e+003	
  5.1000000000000000e+002	  8.3307548371425746e+003	  3.6233013466402267e+003	
  5.4000000000000000e+002	  8.6237965526105036e+003	  3.6458987160695960e+003	
  5.7000000000000000e+002	  8.7688408095465238e+003	  3.6652678924109368e+003	
  6.0000000000000000e+002	  8.8593774519367744e+003	  3.6814088717923191e+003	
  6.3000000000000000e+002	  9.2687751990574397e+003	  3.7347297625854962e+003	
  6.6000000000000000e+002	  9.3355174935631876e+003	  3.7431898613056287e+003	
  6.9000000000000000e+002	  9.6445908486188637e+003	  3.7892751410685073e+003	
  7.2000000000000000e+002	  9.7424682950143670e+003	  3.8086443160064464e+003	
  7.5000000000000000e+002	  9.9090287086377393e+003	  3.8253418803615946e+003	
  7.8000000000000000e+002	  1.0341883272393230e+004	  3.8845625774925716e+003	
  8.1000000000000000e+002	  1.0392593912841678e+004	  3.8934679455456558e+003	
  8.4000000000000000e+002	  1.0637118767219747e+004	  3.9263064897987001e+003	
  8.7000000000000000e+002	  1.1002387255074809e+004	  3.9763991858637664e+003	
  9.0000000000000000e+002	  1.1079001665745314e+004	  3.9905364569621374e+003	
  9.3000000000000000e+002	  1.1485108663210780e+004	  4.0447478844457773e+003	
  9.6000000000000000e+002	  1.1582142330830886e+004	  4.0532079854909221e+003	
  9.9000000000000000e+002	  1.1786672424260742e+004	  4.0860465301158883e+003	
  1.0200000000000000e+003	  1.2161897388130763e+004	  4.1395900524894942e+003	
  1.0500000000000000e+003	  1.2209739203415402e+004	  4.1366958091633996e+003	
  1.0800000000000000e+003	  1.2537881737992655e+004	  4.2631520335935829e+003	
  1.1100000000000000e+003	  1.2777006430182275e+004	  4.3726880597946838e+003	
  1.1400000000000000e+003	  1.2858767835936798e+004	  4.3950627986310956e+003	
  1.1700000000000000e+003	  1.3105739593552860e+004	  4.4944689669412373e+003	
  1.2000000000000000e+003	  1.3313054114273349e+004	  4.5722796204797351e+003	
  1.2300000000000000e+003	  1.3482736448046804e+004	  4.6340606112819905e+003	
  1.2600000000000000e+003	  1.3602551919219228e+004	  4.6750253022981597e+003	
  1.2900000000000000e+003	  1.3650562485067236e+004	  4.7018527242756481e+003	
  1.3200000000000000e+003	  1.3827163737116158e+004	  4.7789954736293566e+003	
  1.3500000000000000e+003	  1.4099617360765473e+004	  4.9175852629350084e+003	
  1.3800000000000000e+003	  1.4321444727866596e+004	  5.0193290920246236e+003	
  1.4100000000000000e+003	  1.4492645838163442e+004	  5.0745423732540748e+003	
  1.4400000000000000e+003	  1.4622214388365401e+004	  5.1235040075617389e+003	
  1.4700000000000000e+003	  1.4741841507955030e+004	  5.1398139505349618e+003	
  1.5000000000000000e+003	  1.4861468627544658e+004	  5.1561238935081847e+003	
  1.5300000000000000e+003	  1.4981095747134286e+004	  5.1724338364814075e+003	
  1.5600000000000000e+003	  1.4964043742103802e+004	  5.2596181834985773e+003	
  1.5900000000000000e+003	  1.4997575195405010e+004	  5.2697925675428623e+003	
  1.6200000000000000e+003	  1.5023867094454672e+004	  5.2843305801601582e+003	
  1.6500000000000000e+003	  1.5020694516099069e+004	  5.3205976915687233e+003	
  1.6800000000000000e+003	  1.5018298207151500e+004	  5.3528128591793648e+003	
  1.7100000000000000e+003	  1.5044539480064361e+004	  5.3736514218850043e+003	
  1.7400000000000000e+003	  1.5040624383510614e+004	  5.4142598988902555e+003	
  1.7700000000000000e+003	  1.5027832817672930e+004	  5.4552691178629784e+003	
  1.8000000000000000e+003	  1.5016830045994817e+004	  5.4979258304209707e+003	
  1.8300000000000000e+003	  1.5033536708296591e+004	  5.5255547356178840e+003	
  1.8600000000000000e+003	  1.5046412651565639e+004	  5.5485528478754168e+003	
  1.8900000000000000e+003	  1.5047172045184450e+004	  5.5511131406835248e+003	
  1.9200000000000000e+003	  1.5055795383017801e+004	  5.5611316795631510e+003	
  1.9500000000000000e+003	  1.5061195516726588e+004	  5.5422745635809233e+003	
  1.9800000000000000e+003	  1.5059187342230351e+004	  5.5502226040449950e+003	
  2.0100000000000000e+003	  1.5052200919454282e+004	  5.5507123997896078e+003	
  2.0400000000000000e+003	  1.5053027814999479e+004	  5.5479294718347819e+003	
  2.0700000000000000e+003	  1.5008847973605813e+004	  5.5441892165345607e+003	
  2.1000000000000000e+003	  1.5034633610953300e+004	  5.5476845751398350e+003	
  2.1300000000000000e+003	  1.5047256422622784e+004	  5.5625120113857320e+003	
  2.1600000000000000e+003	  1.5064199340928219e+004	  5.5635361294675204e+003	
  2.1900000000000000e+003	  1.5418093701260692e+004	  5.4751058250172428e+003	
  2.2200000000000000e+003	  1.5039611858685917e+004	  5.5471502526826398e+003	
  2.2500000000000000e+003	  1.5110336730433477e+004	  5.5607532011628118e+003	
  2.2800000000000000e+003	  1.5112017039833721e+004	  5.5677025699860469e+003	
  2.3100000000000000e+003	  1.5084968157345393e+004	  5.5711374975216522e+003	
  2.3400000000000000e+003	  1.5057919274857066e+004	  5.5745724250572566e+003	
  2.3700000000000000e+003	  1.5030870392368735e+004	  5.5780073525928619e+003	
  2.4000000000000000e+003	  1.5042252861052804e+004	  5.5643376124476690e+003	
  2.4300000000000000e+003	  1.5036557408049042e+004	  5.6053245688907164e+003	
  2.4600000000000000e+003	  1.5016661291708009e+004	  5.6553616060891418e+003	
  2.4900000000000000e+003	  1.5016281595044386e+004	  5.6894691643918877e+003	
  2.5200000000000000e+003	  1.5030676325340824e+004	  5.6955248146247650e+003	
  2.5500000000000000e+003	  1.5034878304274331e+004	  5.7073132956076279e+003	
  2.5800000000000000e+003	  1.5034346728621831e+004	  5.6982854782767363e+003	
  2.6100000000000000e+003	  1.5087276473536822e+004	  5.7133466819655641e+003	
  2.6400000000000000e+003	  1.5192081248912207e+004	  5.7497919004000369e+003	
  2.6700000000000000e+003	  1.5290329924051732e+004	  5.7640182264691375e+003	
  2.7000000000000000e+003	  1.5381634365376198e+004	  5.7758401020215570e+003	
  2.7300000000000000e+003	  1.5383195341349292e+004	  5.7630831631112496e+003	
  2.7600000000000000e+003	  1.5414052039868004e+004	  5.7669792606104529e+003	
  2.7900000000000000e+003	  1.5407040304476619e+004	  5.7658660891974459e+003	
  2.8200000000000000e+003	  1.5403935228131211e+004	  5.7830757132229010e+003	
  2.8500000000000000e+003	  1.5398096333949612e+004	  5.8267120165631495e+003	
  2.8800000000000000e+003	  1.5392915581120105e+004	  5.8761479405550990e+003	
  2.9100000000000000e+003	  1.5386291980257596e+004	  5.9162888866982839e+003	
  2.9400000000000000e+003	  1.5435028182561844e+004	  5.9183593848956252e+003	
  2.9700000000000000e+003	  1.5479461153946992e+004	  5.9289567725211982e+003	
  3.0000000000000000e+003	  1.5525741983277743e+004	  5.9408009116310477e+003	
  3.0300000000000000e+003	  1.5526476063510016e+004	  5.9391868145865174e+003	
  3.0600000000000000e+003	  1.5531926823210862e+004	  5.9427600928675683e+003	
  3.0900000000000000e+003	  1.5529707705739285e+004	  5.9399660337413288e+003	
  3.1200000000000000e+003	  1.5534694391506035e+004	  5.9509975586921964e+003	
  3.1500000000000000e+003	  1.5598584717168478e+004	  6.0509491828597265e+003	
  3.1800000000000000e+003	  1.5577382397038031e+004	  6.0206897931238864e+003	
  3.2100000000000000e+003	  1.5540713523938541e+004	  5.9631295762917971e+003	
  3.2400000000000000e+003	  1.5529943961328496e+004	  5.9545485737353101e+003	
  3.2700000000000000e+003	  1.5522257209387177e+004	  5.9700439143595377e+003	
  3.3000000000000000e+003	  1.5521143432224446e+004	  5.9818769210415312e+003	
  3.3300000000000000e+003	  1.5518257735740955e+004	  5.9864743179096868e+003	
  3.3600000000000000e+003	  1.5526653255271212e+004	  5.9785930672764262e+003	
  3.3900000000000000e+003	  1.5512477905866515e+004	  5.9549827108607178e+003	
  3.4200000000000000e+003	  1.5521455627547204e+004	  5.9785708034151403e+003	
  3.4500000000000000e+003	  1.5525016340282082e+004	  5.9727600515277309e+003	
  3.4800000000000000e+003	  1.5520729984370215e+004	  5.9622739809285222e+003	
  3.5100000000000000e+003	  1.5517127083036374e+004	  5.9634316781585185e+003	
  3.5400000000000000e+003	  1.5520696233589460e+004	  5.9630198048018665e+003	
  3.5700000000000000e+003	  1.5524054441225682e+004	  5.9620290824940839e+003	
  3.6000000000000000e+003	  1.5526315747026971e+004	  5.9654019916346106e+003	
  3.6300000000000000e+003	  1.5510621610321099e+004	  5.9614502348565156e+003	
  3.6600000000000000e+003	  1.5519202759170123e+004	  5.9591014428935705e+003	
  3.6900000000000000e+003	  1.5516519567797222e+004	  5.9597025547399380e+003	
  3.7200000000000000e+003	  1.5521902825898360e+004	  5.9654019915569315e+003	
  3.7500000000000000e+003	  1.5515836113915255e+004	  5.9568862333512125e+003	
  3.7800000000000000e+003	  1.5524805397221513e+004	  5.9747192325495253e+003	
  3.8100000000000000e+003	  1.5529403948048395e+004	  5.9793722870512483e+003	
  3.8400000000000000e+003	  1.5520746859691402e+004	  5.9602814039198638e+003	
  3.8700000000000000e+003	  1.5521691882962201e+004	  5.9619845568123010e+003	
  3.9000000000000000e+003	  1.5523295047706357e+004	  5.9578880865320916e+003	
  3.9300000000000000e+003	  1.5512731036984089e+004	  5.9560513540919710e+003	
  3.9600000000000000e+003	  1.5523902562835108e+004	  5.9627192492077393e+003	
  3.9900000000000000e+003	  1.5526096366966542e+004	  5.9690309286673164e+003	
  4.0200000000000000e+003	  1.5521928139113941e+004	  5.9686413183381155e+003	
  4.0500000000000000e+003	  1.5529910210637408e+004	  5.9688973487308140e+003	
  4.0800000000000000e+003	  1.5519987465863465e+004	  5.9679400203315927e+003	
  4.1100000000000000e+003	  1.5535664727778780e+004	  5.9884780259060108e+003	
  4.1400000000000000e+003	  1.5529707705902334e+004	  5.9884112358853863e+003	
  4.1700000000000000e+003	  1.5528939874139007e+004	  5.9716802758603935e+003	
  4.2000000000000000e+003	  1.5518730247332811e+004	  5.9611608104439638e+003	
  4.2300000000000000e+003	  1.5522906913078739e+004	  5.9599029263045522e+003	
  4.2600000000000000e+003	  1.5528112979098220e+004	  5.9548379975886073e+003	
  4.2900000000000000e+003	  1.5525902299301748e+004	  5.9654131231356751e+003	
  4.3200000000000000e+003	  1.5524062879361216e+004	  5.9602146137791369e+003	
  4.3500000000000000e+003	  1.5531049301271454e+004	  5.9552832659134656e+003	
  4.3800000000000000e+003	  1.5517641783347386e+004	  5.9732387151285347e+003	
  4.4100000000000000e+003	  1.5518401177077769e+004	  5.9652572793991421e+003	
  4.4400000000000000e+003	  1.5521312186124458e+004	  5.9715132998160152e+003	
  4.4700000000000000e+003	  1.5526560440834946e+004	  5.9719140412676006e+003	
  4.5000000000000000e+003	  1.5521194058412348e+004	  5.9611051512473696e+003	
  4.5300000000000000e+003	  1.5533850620417779e+004	  5.9450866205489201e+003	
  4.5600000000000000e+003	  1.5525286346838437e+004	  5.9485263184038995e+003	
  4.5900000000000000e+003	  1.5518333675027499e+004	  5.9459326309481321e+003	
  4.6200000000000000e+003	  1.5495754368513726e+004	  5.9499623090714958e+003	
  4.6500000000000000e+003	  1.5505086473595471e+004	  5.9639882641602453e+003	
  4.6800000000000000e+003	  1.5516038618913712e+004	  5.9693314842395539e+003	
  4.7100000000000000e+003	  1.5536947259406870e+004	  5.9921960166675017e+003	
  4.7400000000000000e+003	  1.5529640204108739e+004	  5.9897470407623023e+003	
  4.7700000000000000e+003	  1.5530062089462841e+004	  5.9918398019581828e+003	
  4.8000000000000000e+003	  1.5528813308493953e+004	  5.9903258893585789e+003	
  4.8300000000000000e+003	  1.5529387072867987e+004	  5.9737173779257955e+003	
  4.8600000000000000e+003	  1.5521084368103471e+004	  5.9605374333637174e+003	
  4.8900000000000000e+003	  1.5527125767259105e+004	  5.9654799139288953e+003	
  4.9200000000000000e+003	  1.5527125766940695e+004	  5.9681069968258253e+003	
  4.9500000000000000e+003	  1.5522366899832374e+004	  5.9710902944557911e+003	
  4.9800000000000000e+003	  1.5524037566179028e+004	  5.9636765762950818e+003	
  5.0100000000000000e+003	  1.5519801836619858e+004	  5.9648342743029734e+003	
  5.0400000000000000e+003	  1.5523295047752821e+004	  5.9582665647712192e+003	
  5.0700000000000000e+003	  1.5522923788679187e+004	  5.9529456078788007e+003	
  5.1000000000000000e+003	  1.5525708232092054e+004	  5.9602925356919832e+003	
  5.1300000000000000e+003	  1.5533825307318597e+004	  5.9551051585965233e+003	
  5.1600000000000000e+003	  1.5533639677841105e+004	  5.9500068362064558e+003	
  5.1900000000000000e+003	  1.5536407246109777e+004	  5.9606042238573682e+003	
  5.2200000000000000e+003	  1.5529420823629265e+004	  5.9563296473689388e+003	
  5.2500000000000000e+003	  1.5523143168632141e+004	  5.9640773168031155e+003	
  5.2800000000000000e+003	  1.5497948172328781e+004	  5.9758991938614972e+003	
  5.3100000000000000e+003	  1.5516055494204900e+004	  5.9602034828607484e+003	
  5.3400000000000000e+003	  1.5527665780472609e+004	  5.9579548767078104e+003	
  5.3700000000000000e+003	  1.5526028864957076e+004	  5.9565522817764086e+003	
  5.4000000000000000e+003	  1.5524543828381362e+004	  5.9566858620958465e+003	
  5.4300000000000000e+003	  1.5529910210746084e+004	  5.9564409650514808e+003	
  5.4600000000000000e+003	  1.5527345147529297e+004	  5.9604261164377749e+003	
  5.4900000000000000e+003	  1.5525623854938091e+004	  5.9564187020355703e+003	
  5.5200000000000000e+003	  1.5511786013924109e+004	  5.9504966320875774e+003	
  5.5500000000000000e+003	  1.5518569931275011e+004	  5.9497396752707600e+003	
  5.5800000000000000e+003	  1.5520071843387597e+004	  5.9542814130808983e+003	
  5.6100000000000000e+003	  1.5518654308096306e+004	  5.9660587619623147e+003	
  5.6400000000000000e+003	  1.5501829518013483e+004	  5.9890123481082292e+003	
  5.6700000000000000e+003	  1.5498943821783279e+004	  5.9851162494459550e+003	
  5.7000000000000000e+003	  1.5521573755238074e+004	  5.9670828787196797e+003	
  5.7300000000000000e+003	  1.5517759911134050e+004	  5.9512981150608512e+003	
  5.7600000000000000e+003	  1.5525438225526517e+004	  5.9465337428579114e+003	
  5.7900000000000000e+003	  1.5522771909898152e+004	  5.9526116561568833e+003	
  5.8200000000000000e+003	  1.5519295573888987e+004	  5.9657025471915995e+003	
  5.8500000000000000e+003	  1.5523818185780323e+004	  5.9571756569534127e+003	
  5.8800000000000000e+003	  1.5516612382710682e+004	  5.9620513457629659e+003	
  5.9100000000000000e+003	  1.5517624907990186e+004	  5.9905039965924125e+003	
  5.9400000000000000e+003	  1.5528475800307864e+004	  5.9805745118925433e+003	
  5.9700000000000000e+003	  1.5517624907770811e+004	  5.9669715618863656e+003	
  6.0000000000000000e+003	  1.5506655887159495e+004	  5.9588231512164448e+003	
  6.0300000000000000e+003	  1.5527142642375669e+004	  5.9542368863337351e+003	
  6.0600000000000000e+003	  1.5534719704369918e+004	  5.9439066593403450e+003	
  6.0900000000000000e+003	  1.5522333148929789e+004	  5.9536803004797412e+003	
  6.1200000000000000e+003	  1.5512258525541376e+004	  5.9468231673633691e+003	
  6.1500000000000000e+003	  1.5519565580640217e+004	  5.9485819776683738e+003	
  6.1800000000000000e+003	  1.5527733281920315e+004	  5.9458435772699768e+003	
  6.2100000000000000e+003	  1.5525387599340025e+004	  5.9552164763953551e+003	
  6.2400000000000000e+003	  1.5533892809005538e+004	  5.9972720766901357e+003	
  6.2700000000000000e+003	  1.5531361496523774e+004	  5.9785262778375054e+003	
  6.3000000000000000e+003	  1.5518013042379480e+004	  5.9683296307772544e+003	
  6.3300000000000000e+003	  1.5532424648049506e+004	  5.9850717233021105e+003	
  6.3600000000000000e+003	  1.5538196040237011e+004	  5.9824669024489413e+003	
  6.3900000000000000e+003	  1.5534871582968222e+004	  5.9574428186060886e+003	
  6.4200000000000000e+003	  1.5534500323989569e+004	  5.9518547003665835e+003	
  6.4500000000000000e+003	  1.5536862882148509e+004	  5.9654131230726689e+003	
  6.4800000000000000e+003	  1.5543916806419666e+004	  5.9629864096311376e+003	
  6.5100000000000000e+003	  1.5526079491357430e+004	  5.9568862326298859e+003	
  6.5400000000000000e+003	  1.5527682655811141e+004	  5.9615838144716326e+003	
  6.5700000000000000e+003	  1.5528357672582550e+004	  5.9670828790982132e+003	
  6.6000000000000000e+003	  1.5528610803755006e+004	  5.9694205382443906e+003	
  6.6300000000000000e+003	  1.5535782855660224e+004	  5.9693537482438651e+003	
  6.6600000000000000e+003	  1.5545840603538938e+004	  5.9858954696449891e+003	
  6.6900000000000000e+003	  1.5546279364576923e+004	  5.9547044171109355e+003	
  6.7200000000000000e+003	  1.5543731176473177e+004	  5.9543036767206549e+003	
  6.7500000000000000e+003	  1.5547916279843597e+004	  5.9699771240720875e+003	
  6.7800000000000000e+003	  1.5546870004113045e+004	  5.9758546666247585e+003	
  6.8100000000000000e+003	  1.5533200917008120e+004	  5.9584669361036767e+003	
  6.8400000000000000e+003	  1.5532424647548114e+004	  5.9512981140886650e+003	
  6.8700000000000000e+003	  1.5528644554623927e+004	  5.9438398683869837e+003	
  6.9000000000000000e+003	  1.5524594455006480e+004	  5.9322628897721897e+003	
  6.9300000000000000e+003	  1.5526501376548831e+004	  5.9368491543836117e+003	
  6.9600000000000000e+003	  1.5533065913704108e+004	  5.9415912637840211e+003	
  6.9900000000000000e+003	  1.5534179691127016e+004	  5.9609159112528159e+003	
  7.0200000000000000e+003	  1.5548776926391543e+004	  5.9767229404056870e+003	
  7.0500000000000000e+003	  1.5529690830402873e+004	  5.9516098027281205e+003	
  7.0800000000000000e+003	  1.5539191689696741e+004	  5.9536803001559356e+003	
  7.1100000000000000e+003	  1.5533977186209662e+004	  5.9461552649320392e+003	
  7.1400000000000000e+003	  1.5529943961545088e+004	  5.9510754806829282e+003	
  7.1700000000000000e+003	  1.5530737106076762e+004	  5.9469344840225331e+003	
  7.2000000000000000e+003	  1.5532981536640940e+004	  5.9457990497773608e+003	
  7.2300000000000000e+003	  1.5529353322132880e+004	  5.9538806706118803e+003	
  7.2600000000000000e+003	  1.5537470397141684e+004	  5.9607378043278268e+003	
  7.2900000000000000e+003	  1.5543984308081961e+004	  5.9562183303206912e+003	
  7.3200000000000000e+003	  1.5539613574968302e+004	  5.9325968427568423e+003	
  7.3500000000000000e+003	  1.5536930384033698e+004	  5.9562405940040799e+003	
  7.3800000000000000e+003	  1.5538550424023948e+004	  5.9723815732872336e+003	
  7.4100000000000000e+003	  1.5540221090196428e+004	  5.9708453971012950e+003	
  7.4400000000000000e+003	  1.5541976133186899e+004	  5.9698435430178870e+003	
  7.4700000000000000e+003	  1.5544389317880990e+004	  5.9662368697804113e+003	
  7.5000000000000000e+003	  1.5543258665251464e+004	  5.9916394317613658e+003	
  7.5300000000000000e+003	  1.5535985360518045e+004	  5.9942665147887110e+003	
  7.5600000000000000e+003	  1.5546751876031141e+004	  6.0004780089528358e+003	
  7.5900000000000000e+003	  1.5548371916307766e+004	  6.0090939527960190e+003	
  7.6200000000000000e+003	  1.5551173235423388e+004	  6.0217841021939275e+003	
  7.6500000000000000e+003	  1.5540406719752191e+004	  5.9769233108698199e+003	
  7.6800000000000000e+003	  1.5535934734534432e+004	  5.9720030951946792e+003	
  7.7100000000000000e+003	  1.5528678305335892e+004	  5.9629196198681675e+003	
  7.7400000000000000e+003	  1.5528307046570981e+004	  5.9855169910659115e+003	
  7.7700000000000000e+003	  1.5522704408130416e+004	  5.9721589388276534e+003	
  7.8000000000000000e+003	  1.5525235720605129e+004	  5.9679066258512266e+003	
  7.8300000000000000e+003	  1.5522451277066237e+004	  5.9983184567530270e+003	
  7.8600000000000000e+003	  1.5519936839884187e+004	  5.9687303725211486e+003	
  7.8900000000000000e+003	  1.5517219897695632e+004	  5.9726932612299588e+003	
  7.9200000000000000e+003	  1.5519447452999879e+004	  5.9730049487909000e+003	
  7.9500000000000000e+003	  1.5522063142341774e+004	  5.9574873458226011e+003	
  7.9800000000000000e+003	  1.5525100717397534e+004	  5.9681292602231824e+003	
  8.0100000000000000e+003	  1.5519177445989984e+004	  5.9719585678580497e+003	
  8.0400000000000000e+003	  1.5515717986074655e+004	  5.9710680305482747e+003	
  8.0700000000000000e+003	  1.5523295047559068e+004	  5.9592238911243285e+003	
  8.1000000000000000e+003	  1.5531445873562354e+004	  5.9645003227055267e+003	
  8.1300000000000000e+003	  1.5527598278532716e+004	  5.9701774946349124e+003	
  8.1600000000000000e+003	  1.5533099664548665e+004	  5.9726042071146621e+003	
  8.1900000000000000e+003	  1.5522957539384923e+004	  5.9608491213207762e+003	
  8.2200000000000000e+003	  1.5516595507531387e+004	  5.9757433498719975e+003	
  8.2500000000000000e+003	  1.5519903089000314e+004	  5.9657470737564927e+003	
  8.2800000000000000e+003	  1.5526501376757846e+004	  5.9743852818952519e+003	
  8.3100000000000000e+003	  1.5529555827098849e+004	  5.9621849265147339e+003	
  8.3400000000000000e+003	  1.5539984834088838e+004	  5.9515875394627928e+003	
  8.3700000000000000e+003	  1.5539309817728854e+004	  5.9600031116204600e+003	
  8.4000000000000000e+003	  1.5518755560767337e+004	  5.9482925529475706e+003	
  8.4300000000000000e+003	  1.5518755560615973e+004	  5.9508528453447698e+003	
  8.4600000000000000e+003	  1.5526383248897138e+004	  5.9616283407531637e+003	
  8.4900000000000000e+003	  1.5520527479386128e+004	  5.9578212967705858e+003	
  8.5200000000000000e+003	  1.5528374548026180e+004	  5.9491385631763387e+003	
  8.5500000000000000e+003	  1.5526433875128676e+004	  5.9537248279647974e+003	
  8.5800000000000000e+003	  1.5533437172607601e+004	  5.9634762051204452e+003	
  8.6100000000000000e+003	  1.5534820956923830e+004	  5.9503407877640584e+003	
  8.6400000000000000e+003	  1.5532374021442631e+004	  5.9532572953144536e+003	
  8.6700000000000000e+003	  1.5517979291451902e+004	  5.9688194259858519e+003	
  8.7000000000000000e+003	  1.5530551476663861e+004	  5.9561515396965115e+003	
  8.7300000000000000e+003	  1.5523126293462290e+004	  5.9665708204815137e+003	
  8.7600000000000000e+003	  1.5531175866863900e+004	  5.9592461555330428e+003	
  8.7900000000000000e+003	  1.5535090963504761e+004	  5.9583778824827768e+003	
  8.8200000000000000e+003	  1.5525117592415674e+004	  5.9666376108274180e+003	
  8.8500000000000000e+003	  1.5525370723984004e+004	  5.9613166533796684e+003	
  8.8800000000000000e+003	  1.5505727739404316e+004	  5.9531237147537831e+003	
  8.9100000000000000e+003	  1.5498910071121214e+004	  5.9546153648591880e+003	
  8.9400000000000000e+003	  1.5497593788499504e+004	  5.9751867639955626e+003	
  8.9700000000000000e+003	  1.5482439665021768e+004	  5.9863852644911403e+003	
  9.0000000000000000e+003	  1.5476583895398184e+004	  5.9874761718835434e+003	
  9.0300000000000000e+003	  1.5457970311121539e+004	  6.0115874557486295e+003	
  9.0600000000000000e+003	  1.5469158712373834e+004	  5.9946449937304178e+003	
  9.0900000000000000e+003	  1.5507398405528646e+004	  5.9763889890950068e+003	
  9.1200000000000000e+003	  1.5527210144434915e+004	  5.9609381752100016e+003	
  9.1500000000000000e+003	  1.5524712582516586e+004	  5.9602925363030208e+003	
  9.1800000000000000e+003	  1.5525185094528744e+004	  5.9530569251479337e+003	
  9.2100000000000000e+003	  1.5546903755009971e+004	  5.9386970187061770e+003	
  9.2400000000000000e+003	  1.5542803028761404e+004	  5.9390754972857612e+003	
  9.2700000000000000e+003	  1.5520054967657754e+004	  5.9618732389812922e+003	
  9.3000000000000000e+003	  1.5510908492318544e+004	  5.9689530067393807e+003	
  9.3300000000000000e+003	  1.5528425174077687e+004	  5.9534799293857677e+003	
  9.3600000000000000e+003	  1.5519531829947329e+004	  5.9636765756368422e+003	
  9.3900000000000000e+003	  1.5516393002555462e+004	  5.9616060775153319e+003	
  9.4200000000000000e+003	  1.5523109418111324e+004	  5.9611830725966474e+003	
  9.4500000000000000e+003	  1.5520392475780758e+004	  5.9594910527038501e+003	
  9.4800000000000000e+003	  1.5505980870701891e+004	  5.9844928737975479e+003	
  9.5100000000000000e+003	  1.5520392476092768e+004	  5.9633426242701680e+003	
  9.5400000000000000e+003	  1.5517118645610433e+004	  5.9604929066816421e+003	
  9.5700000000000000e+003	  1.5532846533441329e+004	  5.9547266816398069e+003	
  9.6000000000000000e+003	  1.5523531303484720e+004	  5.9689530066819716e+003	
  9.6300000000000000e+003	  1.5514502955738955e+004	  5.9732721100708050e+003	
  9.6600000000000000e+003	  1.5524273821967092e+004	  5.9531905053645423e+003	
  9.6900000000000000e+003	  1.5497931297248211e+004	  5.9855837812503869e+003	
  9.7200000000000000e+003	  1.5493779944697377e+004	  5.9839140242626981e+003	
  9.7500000000000000e+003	  1.5504293328805372e+004	  5.9796171841982959e+003	
  9.7800000000000000e+003	  1.5522333148978552e+004	  5.9703556016362681e+003	
  9.8100000000000000e+003	  1.5508883442336093e+004	  5.9901477825940183e+003	
  9.8400000000000000e+003	  1.5509339078533832e+004	  5.9790606001633378e+003	
  9.8700000000000000e+003	  1.5525792609219545e+004	  5.9674836204410667e+003	
  9.9000000000000000e+003	  1.5511904141643283e+004	  5.9673055133892576e+003	
  9.9300000000000000e+003	  1.5524105067583363e+004	  5.9707118165406964e+003	
  9.9600000000000000e+003	  1.5511178498839716e+004	  5.9951793150227222e+003	
  9.9900000000000000e+003	  1.5527378898471303e+004	  5.9868305328572387e+003	
  1.0020000000000000e+004	  1.5519143695054901e+004	  5.9801515065655794e+003	
  1.0050000000000000e+004	  1.5533116539932747e+004	  5.9712906648328153e+003	
  1.0080000000000000e+004	  1.5501357006657077e+004	  6.0045299510173645e+003	
  1.0110000000000000e+004	  1.5521320623953239e+004	  5.9933759780968157e+003	
  1.0140000000000000e+004	  1.5522501903210927e+004	  5.9676839906573750e+003	
  1.0170000000000000e+004	  1.5515481730182029e+004	  5.9688862162212472e+003	
  1.0200000000000000e+004	  1.5513456679812542e+004	  5.9576877157495383e+003	
  1.0230000000000000e+004	  1.5517270524189842e+004	  5.9663036597644750e+003	
  1.0260000000000000e+004	  1.5515262349665092e+004	  5.9855837809411805e+003	
  1.0290000000000000e+004	  1.5512781663360389e+004	  5.9742739635546513e+003	
  1.0320000000000000e+004	  1.5524948838366709e+004	  5.9853388841808192e+003	
  1.0350000000000000e+004	  1.5517405527501920e+004	  6.0296430898779945e+003	
  1.0380000000000000e+004	  1.5514064195217559e+004	  5.9655467030818936e+003	
  1.0410000000000000e+004	  1.5508292802805518e+004	  5.9701329679173114e+003	
  1.0440000000000000e+004	  1.5501643888641538e+004	  5.9935986124735682e+003	
  1.0470000000000000e+004	  1.5497036899873685e+004	  6.0754389441146150e+003	
  1.0500000000000000e+004	  1.5510058230844013e+004	  6.0534135710047176e+003	
  1.0530000000000000e+004	  1.5526011989364939e+004	  5.9725374175435518e+003	
  1.0560000000000000e+004	  1.5522130643890800e+004	  5.9765448329079554e+003	
  1.0590000000000000e+004	  1.5514283575253488e+004	  5.9645225862897578e+003	
  1.0620000000000000e+004	  1.5521286873311883e+004	  5.9586227795390550e+003	
  1.0650000000000000e+004	  1.5508714688155706e+004	  5.9776580039634837e+003	
  1.0680000000000000e+004	  1.5515380477530965e+004	  5.9773240530316834e+003	
  1.0710000000000000e+004	  1.5512849165125059e+004	  5.9740958558301163e+003	
  1.0740000000000000e+004	  1.5497661290078142e+004	  5.9737619053521939e+003	
  1.0770000000000000e+004	  1.5512596033583972e+004	  5.9658583901735728e+003	
  1.0800000000000000e+004	  1.5505170850853219e+004	  5.9708676605237124e+003	
  1.0830000000000000e+004	  1.5525083841667507e+004	  5.9596246334427015e+003	
  1.0860000000000000e+004	  1.5536474747505810e+004	  5.9559511699954410e+003	
  1.0890000000000000e+004	  1.5520949364806975e+004	  5.9619622920859820e+003	
  1.0920000000000000e+004	  1.5513946067514917e+004	  5.9661923424811775e+003	
  1.0950000000000000e+004	  1.5503398931679543e+004	  5.9817767361217493e+003	
  1.0980000000000000e+004	  1.5505845867596259e+004	  5.9840030786113257e+003	
  1.1010000000000000e+004	  1.5521202496291749e+004	  5.9671941962529900e+003	
  1.1040000000000000e+004	  1.5517236773381161e+004	  5.9697544889485889e+003	
  1.1070000000000000e+004	  1.5530568351937851e+004	  5.9660810266176522e+003	
  1.1100000000000000e+004	  1.5534112189548274e+004	  5.9645225862897578e+003	
  1.1130000000000000e+004	  1.5526265120921395e+004	  5.9657470741350371e+003	
  1.1160000000000000e+004	  1.5524408825322247e+004	  5.9749863939216675e+003	
  1.1190000000000000e+004	  1.5499855094617727e+004	  5.9811088338185018e+003	
  1.1220000000000000e+004	  1.5485510990614270e+004	  5.9934650326973760e+003	
  1.1250000000000000e+004	  1.5522636906684023e+004	  5.9875652258404925e+003	
  1.1280000000000000e+004	  1.5510908492332866e+004	  5.9804409301749283e+003	
  1.1310000000000000e+004	  1.5511414754536147e+004	  5.9707563433260211e+003	
  1.1340000000000000e+004	  1.5510908492332866e+004	  5.9684186838339074e+003	
  1.1370000000000000e+004	  1.5498420683727196e+004	  5.9972498129732021e+003	
  1.1400000000000000e+004	  1.5495129977856890e+004	  6.0435577267898780e+003	
  1.1430000000000000e+004	  1.5487198532439945e+004	  6.0473425083052825e+003	
  1.1460000000000000e+004	  1.5482473415730896e+004	  6.0562478764275593e+003	
  1.1490000000000000e+004	  1.5487114155166657e+004	  6.0023703992735973e+003	
  1.1520000000000000e+004	  1.5500867619420647e+004	  5.9763221986023982e+003	
  1.1550000000000000e+004	  1.5515971116759139e+004	  5.9588454134751155e+003	
  1.1580000000000000e+004	  1.5505508359111513e+004	  5.9765448329079554e+003	
  1.1610000000000000e+004	  1.5517068019075628e+004	  5.9877878592126808e+003	
  1.1640000000000000e+004	  1.5528796433483505e+004	  5.9747637597484090e+003	
  1.1670000000000000e+004	  1.5525083841667507e+004	  5.9806635644522148e+003	
  1.1700000000000000e+004	  1.5521877512412277e+004	  5.9688639526342085e+003	
  1.1730000000000000e+004	  1.5524746333672694e+004	  5.9727600515277309e+003	
  1.1760000000000000e+004	  1.5537318518802003e+004	  5.9674168312964421e+003	
  1.1790000000000000e+004	  1.5556218984882762e+004	  5.9512758505749653e+003	
  1.1820000000000000e+004	  1.5539681076382514e+004	  5.9600699022621666e+003	
  1.1850000000000000e+004	  1.5516308625273465e+004	  5.9878991773200542e+003	
  1.1880000000000000e+004	  1.5506352129655754e+004	  5.9691979040003343e+003	
  1.1910000000000000e+004	  1.5524324448397250e+004	  5.9654131226412273e+003	
  1.1940000000000000e+004	  1.5507786540225952e+004	  5.9728713676762709e+003	
  1.1970000000000000e+004	  1.5503314555184314e+004	  5.9708676605237124e+003	
  1.2000000000000000e+004	  1.5519093068945811e+004	  5.9665262942635563e+003	
  1.2030000000000000e+004	  1.5508208425757302e+004	  5.9877878592126808e+003	
  1.2060000000000000e+004	  1.5507786540225952e+004	  5.9791051256630726e+003	
  1.2090000000000000e+004	  1.5511836640379708e+004	  5.9713129289835579e+003	
  1.2120000000000000e+004	  1.5517321150427808e+004	  5.9806635644522148e+003	
  1.2150000000000000e+004	  1.5512005393949998e+004	  5.9684186838339074e+003	
  1.2180000000000000e+004	  1.5505086473514551e+004	  5.9744298080515082e+003	
  1.2210000000000000e+004	  1.5518924315036635e+004	  5.9665262942635563e+003	
  1.2240000000000000e+004	  1.5494961223540233e+004	  5.9833351757417904e+003	
  1.2270000000000000e+004	  1.5495551863477394e+004	  5.9868973243287637e+003	
  1.2300000000000000e+004	  1.5501795767326952e+004	  5.9794390768216772e+003	
  1.2330000000000000e+004	  1.5499264454907203e+004	  5.9762108809843867e+003	
  1.2360000000000000e+004	  1.5508292802418238e+004	  5.9760995643157312e+003	
  1.2390000000000000e+004	  1.5512511656456161e+004	  5.9701997594887325e+003	
  1.2420000000000000e+004	  1.5513186673438038e+004	  5.9807748822586755e+003	
  1.2450000000000000e+004	  1.5508124048637292e+004	  5.9802182966717201e+003	
  1.2480000000000000e+004	  1.5507955294184903e+004	  5.9700884411847119e+003	
  1.2510000000000000e+004	  1.5519683708891842e+004	  5.9493834601471754e+003	
  1.2540000000000000e+004	  1.5519599331303751e+004	  5.9570643402435844e+003	
  1.2570000000000000e+004	  1.5516393002710274e+004	  5.9703110757171899e+003	
  1.2600000000000000e+004	  1.5504580210908451e+004	  5.9905707869133239e+003	
  1.2630000000000000e+004	  1.5503145800816192e+004	  5.9856728337926825e+003	
  1.2660000000000000e+004	  1.5504327080105979e+004	  5.9819993705122633e+003	
  1.2690000000000000e+004	  1.5520780610712103e+004	  5.9885670802178702e+003	
  1.2720000000000000e+004	  1.5518418052193414e+004	  5.9796617113916045e+003	
  1.2750000000000000e+004	  1.5491164254898233e+004	  5.9923518609811363e+003	
  1.2780000000000000e+004	  1.5528037039706294e+004	  5.9606264871617468e+003	
  1.2810000000000000e+004	  1.5512342902570514e+004	  5.9819993705122633e+003	
  1.2840000000000000e+004	  1.5510064721573079e+004	  5.9783259057658588e+003	
  1.2870000000000000e+004	  1.5507195900304652e+004	  5.9767674679880365e+003	
  1.2900000000000000e+004	  1.5508208425757302e+004	  5.9739845390624041e+003	
  1.2930000000000000e+004	  1.5501711390263165e+004	  5.9808861995034931e+003	
  1.2960000000000000e+004	  1.5515127345954021e+004	  5.9799956624322213e+003	
  1.2990000000000000e+004	  1.5558750297230357e+004	  5.8957286184867717e+003	
  1.3020000000000000e+004	  1.5554576645155914e+004	  5.9067013038087707e+003	
  1.3050000000000000e+004	  1.5548316167044248e+004	  5.9231603317917697e+003	
  1.3080000000000000e+004	  1.5542055688932582e+004	  5.9396193597747697e+003	
  1.3110000000000000e+004	  1.5535795210820916e+004	  5.9560783877577696e+003	
  1.3140000000000000e+004	  1.5502302030050534e+004	  5.9726709977061055e+003	
  1.3170000000000000e+004	  1.5471403142493411e+004	  5.9948676272156317e+003	
  1.3200000000000000e+004	  1.5466019884732754e+004	  5.9985856184114837e+003	
  1.3230000000000000e+004	  1.5466019884732754e+004	  5.9985856184114837e+003	
  1.3260000000000000e+004	  1.5466019884732754e+004	  5.9985856184114837e+003	
  1.3290000000000000e+004	  1.5466019884732754e+004	  5.9985856184114837e+003	
  1.3320000000000000e+004	  1.5466019884732754e+004	  5.9985856184114837e+003	
  1.3350000000000000e+004	  1.5466019884732754e+004	  5.9985856184114837e+003	
  1.3380000000000000e+004	  1.5466019884732754e+004	  5.9985856184114837e+003	
  1.3410000000000000e+004	  1.5466019884732754e+004	  5.9985856184114837e+003	
  1.3440000000000000e+004	  1.5466019884732754e+004	  5.9985856184114837e+003	
  1.3470000000000000e+004	  1.5466019884732754e+004	  5.9985856184114837e+003	
  1.3500000000000000e+004	  1.5466019884732754e+004	  5.9985856184114837e+003	
  1.3530000000000000e+004	  1.5466019884732754e+004	  5.9985856184114837e+003	
  1.3560000000000000e+004	  1.5466019884732754e+004	  5.9985856184114837e+003	
  1.3590000000000000e+004	  1.5466019884732754e+004	  5.9985856184114837e+003	
  1.3620000000000000e+004	  1.5466019884732754e+004	  5.9985856184114837e+003	
  1.3650000000000000e+004	  1.5466019884732754e+004	  5.9985856184114837e+003	
  1.3680000000000000e+004	  1.5466019884732754e+004	  5.9985856184114837e+003	
  1.3710000000000000e+004	  1.5466019884732754e+004	  5.9985856184114837e+003	
  1.3740000000000000e+004	  1.5466019884732754e+004	  5.9985856184114837e+003	
  1.3770000000000000e+004	  1.5466019884732754e+004	  5.9985856184114837e+003	
  1.3800000000000000e+004	  1.5465860373888587e+004	  5.9987839577924397e+003	
  1.3830000000000000e+004	  1.5440666882640964e+004	  6.0301101129787348e+003	
  1.3860000000000000e+004	  1.5436150397755455e+004	  6.0462293371503956e+003	
  1.3890000000000000e+004	  1.5441888039259706e+004	  6.0613684622904975e+003	
  1.3920000000000000e+004	  1.5516055494284919e+004	  6.0022590824382169e+003	
  1.3950000000000000e+004	  1.5516055494284919e+004	  6.0022590824382169e+003	
  1.3980000000000000e+004	  1.5516055494284919e+004	  6.0022590824382169e+003	
  1.4010000000000000e+004	  1.5516055494284919e+004	  6.0022590824382169e+003	
  1.4040000000000000e+004	  1.5516055494284919e+004	  6.0022590824382169e+003	
  1.4070000000000000e+004	  1.5516055494284919e+004	  6.0022590824382169e+003	
  1.4100000000000000e+004	  1.5516055494284919e+004	  6.0022590824382169e+003	
  1.4130000000000000e+004	  1.5516055494284919e+004	  6.0022590824382169e+003	
  1.4160000000000000e+004	  1.5516055494284919e+004	  6.0022590824382169e+003	
  1.4190000000000000e+004	  1.5516055494284919e+004	  6.0022590824382169e+003	
  1.4220000000000000e+004	  1.5516055494284919e+004	  6.0022590824382169e+003	
  1.4250000000000000e+004	  1.5516055494284919e+004	  6.0022590824382169e+003	
  1.4280000000000000e+004	  1.5516055494284919e+004	  6.0022590824382169e+003	
  1.4310000000000000e+004	  1.5516055494284919e+004	  6.0022590824382169e+003	
  1.4340000000000000e+004	  1.5516055494284919e+004	  6.0022590824382169e+003	
  1.4370000000000000e+004	  1.5516055494284919e+004	  6.0022590824382169e+003	
  1.4400000000000000e+004	  1.5516055494284919e+004	  6.0022590824382169e+003	
  1.4430000000000000e+004	  1.5516055494284919e+004	  6.0022590824382169e+003	
  1.4460000000000000e+004	  1.5516055494284919e+004	  6.0022590824382169e+003	
  1.4490000000000000e+004	  1.5516055494284919e+004	  6.0022590824382169e+003	
  1.4520000000000000e+004	  1.5516055494284919e+004	  6.0022590824382169e+003	
  1.4550000000000000e+004	  1.5516055494284919e+004	  6.0022590824382169e+003	
  1.4580000000000000e+004	  1.5516055494284919e+004	  6.0022590824382169e+003	
  1.4610000000000000e+004	  1.5516055494284919e+004	  6.0022590824382169e+003	
  1.4640000000000000e+004	  1.5516055494284919e+004	  6.0022590824382169e+003	
  1.4670000000000000e+004	  1.5516055494284919e+004	  6.0022590824382169e+003	
  1.4700000000000000e+004	  1.5516055494284919e+004	  6.0022590824382169e+003	
  1.4730000000000000e+004	  1.5516055494284919e+004	  6.0022590824382169e+003	
  1.4760000000000000e+004	  1.5516055494284919e+004	  6.0022590824382169e+003	
  1.4790000000000000e+004	  1.5516055494284919e+004	  6.0022590824382169e+003	
  1.4820000000000000e+004	  1.5516055494284919e+004	  6.0022590824382169e+003	
  1.4850000000000000e+004	  1.5516055494284919e+004	  6.0022590824382169e+003	
  1.4880000000000000e+004	  1.5516055494284919e+004	  6.0022590824382169e+003	
  1.4910000000000000e+004	  1.5516055494284919e+004	  6.0022590824382169e+003	
  1.4940000000000000e+004	  1.5516055494284919e+004	  6.0022590824382169e+003	
  1.4970000000000000e+004	  1.5516055494284919e+004	  6.0022590824382169e+003	
  1.5000000000000000e+004	  1.5516055494284919e+004	  6.0022590824382169e+003	
  1.5030000000000000e+004	  1.5516055494284919e+004	  6.0022590824382169e+003	
  1.5060000000000000e+004	  1.5516055494284919e+004	  6.0022590824382169e+003	
  1.5090000000000000e+004	  1.5516055494284919e+004	  6.0022590824382169e+003	
  1.5120000000000000e+004	  1.5516055494284919e+004	  6.0022590824382169e+003	
  1.5150000000000000e+004	  1.5516055494284919e+004	  6.0022590824382169e+003	
  1.5180000000000000e+004	  1.5516055494284919e+004	  6.0022590824382169e+003	
  1.5210000000000000e+004	  1.5516055494284919e+004	  6.0022590824382169e+003	
  1.5240000000000000e+004	  1.5516055494284919e+004	  6.0022590824382169e+003	
  1.5270000000000000e+004	  1.5516055494284919e+004	  6.0022590824382169e+003	
  1.5300000000000000e+004	  1.5516055494284919e+004	  6.0022590824382169e+003	
  1.5330000000000000e+004	  1.5516055494284919e+004	  6.0022590824382169e+003	
  1.5360000000000000e+004	  1.5516055494284919e+004	  6.0022590824382169e+003	
  1.5390000000000000e+004	  1.5516055494284919e+004	  6.0022590824382169e+003	
  1.5420000000000000e+004	  1.5516055494284919e+004	  6.0022590824382169e+003	
  1.5450000000000000e+004	  1.5516055494284919e+004	  6.0022590824382169e+003	
  1.5480000000000000e+004	  1.5516055494284919e+004	  6.0022590824382169e+003	
  1.5510000000000000e+004	  1.5516055494284919e+004	  6.0022590824382169e+003	
  1.5540000000000000e+004	  1.5516055494284919e+004	  6.0022590824382169e+003	
  1.5570000000000000e+004	  1.5516055494284919e+004	  6.0022590824382169e+003	
  1.5600000000000000e+004	  1.5516055494284919e+004	  6.0022590824382169e+003	
  1.5630000000000000e+004	  1.5516055494284919e+004	  6.0022590824382169e+003	
  1.5660000000000000e+004	  1.5516055494284919e+004	  6.0022590824382169e+003	
  1.5690000000000000e+004	  1.5516055494284919e+004	  6.0022590824382169e+003	
  1.5720000000000000e+004	  1.5516055494284919e+004	  6.0022590824382169e+003	
  1.5750000000000000e+004	  1.5516055494284919e+004	  6.0022590824382169e+003	
  1.5780000000000000e+004	  1.5516055494284919e+004	  6.0022590824382169e+003	
  1.5810000000000000e+004	  1.5516055494284919e+004	  6.0022590824382169e+003	
  1.5840000000000000e+004	  1.5516055494284919e+004	  6.0022590824382169e+003	
  1.5870000000000000e+004	  1.5516055494284919e+004	  6.0022590824382169e+003	
  1.5900000000000000e+004	  1.5516055494284919e+004	  6.0022590824382169e+003	
  1.5930000000000000e+004	  1.5516055494284919e+004	  6.0022590824382169e+003	
  1.5960000000000000e+004	  1.5516055494284919e+004	  6.0022590824382169e+003	
  1.5990000000000000e+004	  1.5516055494284919e+004	  6.0022590824382169e+003	
  1.6020000000000000e+004	  1.5516055494284919e+004	  6.0022590824382169e+003	
  1.6050000000000000e+004	  1.5516055494284919e+004	  6.0022590824382169e+003	
  1.6080000000000000e+004	  1.5516055494284919e+004	  6.0022590824382169e+003	
  1.6110000000000000e+004	  1.5516055494284919e+004	  6.0022590824382169e+003	
  1.6140000000000000e+004	  1.5516055494284919e+004	  6.0022590824382169e+003	
  1.6170000000000000e+004	  1.5516055494284919e+004	  6.0022590824382169e+003	
  1.6200000000000000e+004	  1.5516055494284919e+004	  6.0022590824382169e+003	
  1.6230000000000000e+004	  1.5516055494284919e+004	  6.0022590824382169e+003	
  1.6260000000000000e+004	  1.5516055494284919e+004	  6.0022590824382169e+003	
  1.6290000000000000e+004	  1.5516055494284919e+004	  6.0022590824382169e+003	
  1.6320000000000000e+004	  1.5516055494284919e+004	  6.0022590824382169e+003	
  1.6350000000000000e+004	  1.5516055494284919e+004	  6.0022590824382169e+003	
  1.6380000000000000e+004	  1.5516055494284919e+004	  6.0022590824382169e+003	
  1.6410000000000000e+004	  1.5516055494284919e+004	  6.0022590824382169e+003	
  1.6440000000000000e+004	  1.5516055494284919e+004	  6.0022590824382169e+003	
  1.6470000000000000e+004	  1.5516055494284919e+004	  6.0022590824382169e+003	
  1.6500000000000000e+004	  1.5516055494284919e+004	  6.0022590824382169e+003	
  1.6530000000000000e+004	  1.5516055494284919e+004	  6.0022590824382169e+003	
  1.6560000000000000e+004	  1.5516055494284919e+004	  6.0022590824382169e+003	
  1.6590000000000000e+004	  1.5516055494284919e+004	  6.0022590824382169e+003	
  1.6620000000000000e+004	  1.5516055494284919e+004	  6.0022590824382169e+003	
  1.6650000000000000e+004	  1.5516055494284919e+004	  6.0022590824382169e+003	
  1.6680000000000000e+004	  1.5516055494284919e+004	  6.0022590824382169e+003	
  1.6710000000000000e+004	  1.5516055494284919e+004	  6.0022590824382169e+003	
  1.6740000000000000e+004	  1.5516055494284919e+004	  6.0022590824382169e+003	
  1.6770000000000000e+004	  1.5516055494284919e+004	  6.0022590824382169e+003	
  1.6800000000000000e+004	  1.5516055494284919e+004	  6.0022590824382169e+003	
  1.6830000000000000e+004	  1.5516055494284919e+004	  6.0022590824382169e+003	
  1.6860000000000000e+004	  1.5516055494284919e+004	  6.0022590824382169e+003	
  1.6890000000000000e+004	  1.5516055494284919e+004	  6.0022590824382169e+003	
  1.6920000000000000e+004	  1.5516055494284919e+004	  6.0022590824382169e+003	
  1.6950000000000000e+004	  1.5516055494284919e+004	  6.0022590824382169e+003	
  1.6980000000000000e+004	  1.5516055494284919e+004	  6.0022590824382169e+003	
  1.7010000000000000e+004	  1.5516055494284919e+004	  6.0022590824382169e+003	
  1.7040000000000000e+004	  1.5516055494284919e+004	  6.0022590824382169e+003	
  1.7070000000000000e+004	  1.5516055494284919e+004	  6.0022590824382169e+003	
  1.7100000000000000e+004	  1.5516055494284919e+004	  6.0022590824382169e+003	
  1.7130000000000000e+004	  1.5516055494284919e+004	  6.0022590824382169e+003	
  1.7160000000000000e+004	  1.5516055494284919e+004	  6.0022590824382169e+003	
  1.7190000000000000e+004	  1.5516055494284919e+004	  6.0022590824382169e+003	
  1.7220000000000000e+004	  1.5516055494284919e+004	  6.0022590824382169e+003	
  1.7250000000000000e+004	  1.5516055494284919e+004	  6.0022590824382169e+003	
  1.7280000000000000e+004	  1.5516055494284919e+004	  6.0022590824382169e+003	
  1.7310000000000000e+004	  1.5516055494284919e+004	  6.0022590824382169e+003	
  1.7340000000000000e+004	  1.5516055494284919e+004	  6.0022590824382169e+003	
  1.7370000000000000e+004	  1.5516055494284919e+004	  6.0022590824382169e+003	
  1.7400000000000000e+004	  1.5516055494284919e+004	  6.0022590824382169e+003	
  1.7430000000000000e+004	  1.5516055494284919e+004	  6.0022590824382169e+003	
  1.7460000000000000e+004	  1.5516055494284919e+004	  6.0022590824382169e+003	
  1.7490000000000000e+004	  1.5516055494284919e+004	  6.0022590824382169e+003	
  1.7520000000000000e+004	  1.5516055494284919e+004	  6.0022590824382169e+003	
  1.7550000000000000e+004	  1.5516055494284919e+004	  6.0022590824382169e+003	
  1.7580000000000000e+004	  1.5516055494284919e+004	  6.0022590824382169e+003	
  1.7610000000000000e+004	  1.5516055494284919e+004	  6.0022590824382169e+003	
  1.7640000000000000e+004	  1.5516055494284919e+004	  6.0022590824382169e+003	
  1.7670000000000000e+004	  1.5516055494284919e+004	  6.0022590824382169e+003	
  1.7700000000000000e+004	  1.5516055494284919e+004	  6.0022590824382169e+003	
  1.7730000000000000e+004	  1.5516055494284919e+004	  6.0022590824382169e+003	
  1.7760000000000000e+004	  1.5516055494284919e+004	  6.0022590824382169e+003	
  1.7790000000000000e+004	  1.5516055494284919e+004	  6.0022590824382169e+003	
  1.7820000000000000e+004	  1.5516055494284919e+004	  6.0022590824382169e+003	
  1.7850000000000000e+004	  1.5516055494284919e+004	  6.0022590824382169e+003	
  1.7880000000000000e+004	  1.5516055494284919e+004	  6.0022590824382169e+003	
  1.7910000000000000e+004	  1.5516055494284919e+004	  6.0022590824382169e+003	
  1.7940000000000000e+004	  1.5516055494284919e+004	  6.0022590824382169e+003	
  1.7970000000000000e+004	  1.5516055494284919e+004	  6.0022590824382169e+003	
  1.8000000000000000e+004	  1.5516055494284919e+004	  6.0022590824382169e+003	
  1.8030000000000000e+004	  1.5516055494284919e+004	  6.0022590824382169e+003	
  1.8060000000000000e+004	  1.5516055494284919e+004	  6.0022590824382169e+003	
  1.8090000000000000e+004	  1.5516055494284919e+004	  6.0022590824382169e+003	
  1.8120000000000000e+004	  1.5516055494284919e+004	  6.0022590824382169e+003	
  1.8150000000000000e+004	  1.5516055494284919e+004	  6.0022590824382169e+003	
  1.8180000000000000e+004	  1.5516055494284919e+004	  6.0022590824382169e+003	
  1.8210000000000000e+004	  1.5516055494284919e+004	  6.0022590824382169e+003	
  1.8240000000000000e+004	  1.5516055494284919e+004	  6.0022590824382169e+003	
  1.8270000000000000e+004	  1.5516055494284919e+004	  6.0022590824382169e+003	
  1.8300000000000000e+004	  1.5516055494284919e+004	  6.0022590824382169e+003	
  1.8330000000000000e+004	  1.5516055494284919e+004	  6.0022590824382169e+003	
  1.8360000000000000e+004	  1.5516055494284919e+004	  6.0022590824382169e+003	
  1.8390000000000000e+004	  1.5516055494284919e+004	  6.0022590824382169e+003	
  1.8420000000000000e+004	  1.5516055494284919e+004	  6.0022590824382169e+003	
  1.8450000000000000e+004	  1.5516055494284919e+004	  6.0022590824382169e+003	
  1.8480000000000000e+004	  1.5516055494284919e+004	  6.0022590824382169e+003	
  1.8510000000000000e+004	  1.5516055494284919e+004	  6.0022590824382169e+003	
  1.8540000000000000e+004	  1.5516055494284919e+004	  6.0022590824382169e+003	
  1.8570000000000000e+004	  1.5516055494284919e+004	  6.0022590824382169e+003	
  1.8600000000000000e+004	  1.5516055494284919e+004	  6.0022590824382169e+003	
  1.8630000000000000e+004	  1.5516055494284919e+004	  6.0022590824382169e+003	
  1.8660000000000000e+004	  1.5516055494284919e+004	  6.0022590824382169e+003	
  1.8690000000000000e+004	  1.5516055494284919e+004	  6.0022590824382169e+003	
  1.8720000000000000e+004	  1.5516055494284919e+004	  6.0022590824382169e+003	
  1.8750000000000000e+004	  1.5516055494284919e+004	  6.0022590824382169e+003	
  1.8780000000000000e+004	  1.5516055494284919e+004	  6.0022590824382169e+003	
  1.8810000000000000e+004	  1.5516055494284919e+004	  6.0022590824382169e+003	
  1.8840000000000000e+004	  1.5516055494284919e+004	  6.0022590824382169e+003	
  1.8870000000000000e+004	  1.5516055494284919e+004	  6.0022590824382169e+003	
  1.8900000000000000e+004	  1.5516055494284919e+004	  6.0022590824382169e+003	
  1.8930000000000000e+004	  1.5516055494284919e+004	  6.0022590824382169e+003	
  1.8960000000000000e+004	  1.5516055494284919e+004	  6.0022590824382169e+003	
  1.8990000000000000e+004	  1.5516055494284919e+004	  6.0022590824382169e+003	
  1.9020000000000000e+004	  1.5516055494284919e+004	  6.0022590824382169e+003	
  1.9050000000000000e+004	  1.5516055494284919e+004	  6.0022590824382169e+003	
  1.9080000000000000e+004	  1.5516055494284919e+004	  6.0022590824382169e+003	
  1.9110000000000000e+004	  1.5516055494284919e+004	  6.0022590824382169e+003	
  1.9140000000000000e+004	  1.5516055494284919e+004	  6.0022590824382169e+003	
  1.9170000000000000e+004	  1.5516055494284919e+004	  6.0022590824382169e+003	
  1.9200000000000000e+004	  1.5516055494284919e+004	  6.0022590824382169e+003	
  1.9230000000000000e+004	  1.5516055494284919e+004	  6.0022590824382169e+003	
  1.9260000000000000e+004	  1.5516055494284919e+004	  6.0022590824382169e+003	
  1.9290000000000000e+004	  1.5516055494284919e+004	  6.0022590824382169e+003	
  1.9320000000000000e+004	  1.5516055494284919e+004	  6.0022590824382169e+003	
  1.9350000000000000e+004	  1.5516055494284919e+004	  6.0022590824382169e+003	
  1.9380000000000000e+004	  1.5516055494284919e+004	  6.0022590824382169e+003	
  1.9410000000000000e+004	  1.5516055494284919e+004	  6.0022590824382169e+003	
  1.9440000000000000e+004	  1.5516055494284919e+004	  6.0022590824382169e+003	
  1.9470000000000000e+004	  1.5516055494284919e+004	  6.0022590824382169e+003	
  1.9500000000000000e+004	  1.5516055494284919e+004	  6.0022590824382169e+003	
  1.9530000000000000e+004	  1.5516055494284919e+004	  6.0022590824382169e+003	
  1.9560000000000000e+004	  1.5516055494284919e+004	  6.0022590824382169e+003	
  1.9590000000000000e+004	  1.5516055494284919e+004	  6.0022590824382169e+003	
  1.9620000000000000e+004	  1.5516055494284919e+004	  6.0022590824382169e+003	
  1.9650000000000000e+004	  1.5516055494284919e+004	  6.0022590824382169e+003	
  1.9680000000000000e+004	  1.5516055494284919e+004	  6.0022590824382169e+003	
  1.9710000000000000e+004	  1.5516055494284919e+004	  6.0022590824382169e+003	
  1.9740000000000000e+004	  1.5516055494284919e+004	  6.0022590824382169e+003	
  1.9770000000000000e+004	  1.5516055494284919e+004	  6.0022590824382169e+003	
  1.9800000000000000e+004	  1.5516055494284919e+004	  6.0022590824382169e+003	
  1.9830000000000000e+004	  1.5516055494284919e+004	  6.0022590824382169e+003	
  1.9860000000000000e+004	  1.5516055494284919e+004	  6.0022590824382169e+003	
  1.9890000000000000e+004	  1.5516055494284919e+004	  6.0022590824382169e+003	
  1.9920000000000000e+004	  1.5516055494284919e+004	  6.0022590824382169e+003	
  1.9950000000000000e+004	  1.5516055494284919e+004	  6.0022590824382169e+003	
  1.9980000000000000e+004	  1.5516055494284919e+004	  6.0022590824382169e+003	
  2.0010000000000000e+004	  1.5516055494284919e+004	  6.0022590824382169e+003	
  2.0040000000000000e+004	  1.5516055494284919e+004	  6.0022590824382169e+003	
  2.0070000000000000e+004	  1.5516055494284919e+004	  6.0022590824382169e+003	
  2.0100000000000000e+004	  1.5516055494284919e+004	  6.0022590824382169e+003	
  2.0130000000000000e+004	  1.5516055494284919e+004	  6.0022590824382169e+003	
  2.0160000000000000e+004	  1.5516055494284919e+004	  6.0022590824382169e+003	
  2.0190000000000000e+004	  1.5516055494284919e+004	  6.0022590824382169e+003	
  2.0220000000000000e+004	  1.5516055494284919e+004	  6.0022590824382169e+003	
  2.0250000000000000e+004	  1.5516055494284919e+004	  6.0022590824382169e+003	
  2.0280000000000000e+004	  1.5516055494284919e+004	  6.0022590824382169e+003	
  2.0310000000000000e+004	  1.5516055494284919e+004	  6.0022590824382169e+003	
  2.0340000000000000e+004	  1.5516055494284919e+004	  6.0022590824382169e+003	
  2.0370000000000000e+004	  1.5516055494284919e+004	  6.0022590824382169e+003	
  2.0400000000000000e+004	  1.5516055494284919e+004	  6.0022590824382169e+003	
  2.0430000000000000e+004	  1.5516055494284919e+004	  6.0022590824382169e+003	
  2.0460000000000000e+004	  1.5516055494284919e+004	  6.0022590824382169e+003	
  2.0490000000000000e+004	  1.5516055494284919e+004	  6.0022590824382169e+003	
  2.0520000000000000e+004	  1.5516055494284919e+004	  6.0022590824382169e+003	
  2.0550000000000000e+004	  1.5516055494284919e+004	  6.0022590824382169e+003	
  2.0580000000000000e+004	  1.5516055494284919e+004	  6.0022590824382169e+003	
  2.0610000000000000e+004	  1.5516055494284919e+004	  6.0022590824382169e+003	
  2.0640000000000000e+004	  1.5516055494284919e+004	  6.0022590824382169e+003	
  2.0670000000000000e+004	  1.5516055494284919e+004	  6.0022590824382169e+003	
  2.0700000000000000e+004	  1.5516055494284919e+004	  6.0022590824382169e+003	
  2.0730000000000000e+004	  1.5516055494284919e+004	  6.0022590824382169e+003	
  2.0760000000000000e+004	  1.5516055494284919e+004	  6.0022590824382169e+003	
  2.0790000000000000e+004	  1.5516055494284919e+004	  6.0022590824382169e+003	
  2.0820000000000000e+004	  1.5516055494284919e+004	  6.0022590824382169e+003	
  2.0850000000000000e+004	  1.5516055494284919e+004	  6.0022590824382169e+003	
  2.0880000000000000e+004	  1.5516055494284919e+004	  6.0022590824382169e+003	
  2.0910000000000000e+004	  1.5516055494284919e+004	  6.0022590824382169e+003	
  2.0940000000000000e+004	  1.5516055494284919e+004	  6.0022590824382169e+003	
  2.0970000000000000e+004	  1.5516055494284919e+004	  6.0022590824382169e+003	
  2.1000000000000000e+004	  1.5516055494284919e+004	  6.0022590824382169e+003	
  2.1030000000000000e+004	  1.5516055494284919e+004	  6.0022590824382169e+003	
  2.1060000000000000e+004	  1.5516055494284919e+004	  6.0022590824382169e+003	
  2.1090000000000000e+004	  1.5516055494284919e+004	  6.0022590824382169e+003	
  2.1120000000000000e+004	  1.5516055494284919e+004	  6.0022590824382169e+003	
  2.1150000000000000e+004	  1.5516055494284919e+004	  6.0022590824382169e+003	
  2.1180000000000000e+004	  1.5516055494284919e+004	  6.0022590824382169e+003	
  2.1210000000000000e+004	  1.5516055494284919e+004	  6.0022590824382169e+003	
  2.1240000000000000e+004	  1.5516055494284919e+004	  6.0022590824382169e+003	
  2.1270000000000000e+004	  1.5516055494284919e+004	  6.0022590824382169e+003	
  2.1300000000000000e+004	  1.5516055494284919e+004	  6.0022590824382169e+003	
  2.1330000000000000e+004	  1.5516055494284919e+004	  6.0022590824382169e+003	
  2.1360000000000000e+004	  1.5516055494284919e+004	  6.0022590824382169e+003	
  2.1390000000000000e+004	  1.5516055494284919e+004	  6.0022590824382169e+003	
  2.1420000000000000e+004	  1.5516055494284919e+004	  6.0022590824382169e+003	
  2.1450000000000000e+004	  1.5516055494284919e+004	  6.0022590824382169e+003	
  2.1480000000000000e+004	  1.5516055494284919e+004	  6.0022590824382169e+003	
  2.1510000000000000e+004	  1.5516055494284919e+004	  6.0022590824382169e+003	
  2.1540000000000000e+004	  1.5516055494284919e+004	  6.0022590824382169e+003	
  2.1570000000000000e+004	  1.5516055494284919e+004	  6.0022590824382169e+003	
  2.1600000000000000e+004	  1.5516055494284919e+004	  6.0022590824382169e+003	
  2.1630000000000000e+004	  1.5516055494284919e+004	  6.0022590824382169e+003	
  2.1660000000000000e+004	  1.5516055494284919e+004	  6.0022590824382169e+003	
  2.1690000000000000e+004	  1.5516055494284919e+004	  6.0022590824382169e+003	
  2.1720000000000000e+004	  1.5516055494284919e+004	  6.0022590824382169e+003	
  2.1750000000000000e+004	  1.5516055494284919e+004	  6.0022590824382169e+003	
  2.1780000000000000e+004	  1.5516055494284919e+004	  6.0022590824382169e+003	
  2.1810000000000000e+004	  1.5516055494284919e+004	  6.0022590824382169e+003	
  2.1840000000000000e+004	  1.5516055494284919e+004	  6.0022590824382169e+003	
  2.1870000000000000e+004	  1.5516055494284919e+004	  6.0022590824382169e+003	
  2.1900000000000000e+004	  1.5516055494284919e+004	  6.0022590824382169e+003	
  2.1930000000000000e+004	  1.5516055494284919e+004	  6.0022590824382169e+003	
  2.1960000000000000e+004	  1.5516055494284919e+004	  6.0022590824382169e+003	
  2.1990000000000000e+004	  1.5516055494284919e+004	  6.0022590824382169e+003	
  2.2020000000000000e+004	  1.5516055494284919e+004	  6.0022590824382169e+003	
  2.2050000000000000e+004	  1.5516055494284919e+004	  6.0022590824382169e+003	
  2.2080000000000000e+004	  1.5516055494284919e+004	  6.0022590824382169e+003	
  2.2110000000000000e+004	  1.5516055494284919e+004	  6.0022590824382169e+003	
  2.2140000000000000e+004	  1.5516055494284919e+004	  6.0022590824382169e+003	
  2.2170000000000000e+004	  1.5516055494284919e+004	  6.0022590824382169e+003	
  2.2200000000000000e+004	  1.5516055494284919e+004	  6.0022590824382169e+003	
  2.2230000000000000e+004	  1.5516055494284919e+004	  6.0022590824382169e+003	
  2.2260000000000000e+004	  1.5516055494284919e+004	  6.0022590824382169e+003	
  2.2290000000000000e+004	  1.5516055494284919e+004	  6.0022590824382169e+003	
  2.2320000000000000e+004	  1.5516055494284919e+004	  6.0022590824382169e+003	
  2.2350000000000000e+004	  1.5516055494284919e+004	  6.0022590824382169e+003	
  2.2380000000000000e+004	  1.5516055494284919e+004	  6.0022590824382169e+003	
  2.2410000000000000e+004	  1.5516055494284919e+004	  6.0022590824382169e+003	
  2.2440000000000000e+004	  1.5516055494284919e+004	  6.0022590824382169e+003	
  2.2470000000000000e+004	  1.5516055494284919e+004	  6.0022590824382169e+003	
  2.2500000000000000e+004	  1.5516055494284919e+004	  6.0022590824382169e+003	
  2.2530000000000000e+004	  1.5516055494284919e+004	  6.0022590824382169e+003	
  2.2560000000000000e+004	  1.5516055494284919e+004	  6.0022590824382169e+003	
  2.2590000000000000e+004	  1.5516055494284919e+004	  6.0022590824382169e+003	
  2.2620000000000000e+004	  1.5516055494284919e+004	  6.0022590824382169e+003	
  2.2650000000000000e+004	  1.5516055494284919e+004	  6.0022590824382169e+003	
  2.2680000000000000e+004	  1.5516055494284919e+004	  6.0022590824382169e+003	
  2.2710000000000000e+004	  1.5516055494284919e+004	  6.0022590824382169e+003	
  2.2740000000000000e+004	  1.5516055494284919e+004	  6.0022590824382169e+003	
  2.2770000000000000e+004	  1.5516055494284919e+004	  6.0022590824382169e+003	
  2.2800000000000000e+004	  1.5516055494284919e+004	  6.0022590824382169e+003	
  2.2830000000000000e+004	  1.5516055494284919e+004	  6.0022590824382169e+003	
  2.2860000000000000e+004	  1.5516055494284919e+004	  6.0022590824382169e+003	
  2.2890000000000000e+004	  1.5516055494284919e+004	  6.0022590824382169e+003	
  2.2920000000000000e+004	  1.5516055494284919e+004	  6.0022590824382169e+003	
  2.2950000000000000e+004	  1.5516055494284919e+004	  6.0022590824382169e+003	
  2.2980000000000000e+004	  1.5516055494284919e+004	  6.0022590824382169e+003	
  2.3010000000000000e+004	  1.5516055494284919e+004	  6.0022590824382169e+003	
  2.3040000000000000e+004	  1.5516055494284919e+004	  6.0022590824382169e+003	
  2.3070000000000000e+004	  1.5516055494284919e+004	  6.0022590824382169e+003	
  2.3100000000000000e+004	  1.5516055494284919e+004	  6.0022590824382169e+003	
  2.3130000000000000e+004	  1.5516055494284919e+004	  6.0022590824382169e+003	
  2.3160000000000000e+004	  1.5516055494284919e+004	  6.0022590824382169e+003	
  2.3190000000000000e+004	  1.5516055494284919e+004	  6.0022590824382169e+003	
  2.3220000000000000e+004	  1.5516055494284919e+004	  6.0022590824382169e+003	
  2.3250000000000000e+004	  1.5516055494284919e+004	  6.0022590824382169e+003	
  2.3280000000000000e+004	  1.5516055494284919e+004	  6.0022590824382169e+003	
  2.3310000000000000e+004	  1.5516055494284919e+004	  6.0022590824382169e+003	
  2.3340000000000000e+004	  1.5516055494284919e+004	  6.0022590824382169e+003	
  2.3370000000000000e+004	  1.5516055494284919e+004	  6.0022590824382169e+003	
  2.3400000000000000e+004	  1.5516055494284919e+004	  6.0022590824382169e+003	
  2.3430000000000000e+004	  1.5516055494284919e+004	  6.0022590824382169e+003	
  2.3460000000000000e+004	  1.5516055494284919e+004	  6.0022590824382169e+003	
  2.3490000000000000e+004	  1.5516055494284919e+004	  6.0022590824382169e+003	
  2.3520000000000000e+004	  1.5516055494284919e+004	  6.0022590824382169e+003	
  2.3550000000000000e+004	  1.5516055494284919e+004	  6.0022590824382169e+003	
  2.3580000000000000e+004	  1.5516055494284919e+004	  6.0022590824382169e+003	
  2.3610000000000000e+004	  1.5516055494284919e+004	  6.0022590824382169e+003	
  2.3640000000000000e+004	  1.5516055494284919e+004	  6.0022590824382169e+003	
  2.3670000000000000e+004	  1.5516055494284919e+004	  6.0022590824382169e+003	
  2.3700000000000000e+004	  1.5516055494284919e+004	  6.0022590824382169e+003	
  2.3730000000000000e+004	  1.5516055494284919e+004	  6.0022590824382169e+003	
  2.3760000000000000e+004	  1.5516055494284919e+004	  6.0022590824382169e+003	
  2.3790000000000000e+004	  1.5516055494284919e+004	  6.0022590824382169e+003	
  2.3820000000000000e+004	  1.5516055494284919e+004	  6.0022590824382169e+003	
  2.3850000000000000e+004	  1.5516055494284919e+004	  6.0022590824382169e+003	
  2.3880000000000000e+004	  1.5516055494284919e+004	  6.0022590824382169e+003	
  2.3910000000000000e+004	  1.5516055494284919e+004	  6.0022590824382169e+003	
  2.3940000000000000e+004	  1.5516055494284919e+004	  6.0022590824382169e+003	
  2.3970000000000000e+004	  1.5516055494284919e+004	  6.0022590824382169e+003	
  2.4000000000000000e+004	  1.5516055494284919e+004	  6.0022590824382169e+003	
  2.4030000000000000e+004	  1.5516055494284919e+004	  6.0022590824382169e+003	
  2.4060000000000000e+004	  1.5516055494284919e+004	  6.0022590824382169e+003	
  2.4090000000000000e+004	  1.5516055494284919e+004	  6.0022590824382169e+003	
  2.4120000000000000e+004	  1.5516055494284919e+004	  6.0022590824382169e+003	
  2.4150000000000000e+004	  1.5516055494284919e+004	  6.0022590824382169e+003	
  2.4180000000000000e+004	  1.5516055494284919e+004	  6.0022590824382169e+003	
  2.4210000000000000e+004	  1.5516055494284919e+004	  6.0022590824382169e+003	
  2.4240000000000000e+004	  1.5516055494284919e+004	  6.0022590824382169e+003	
  2.4270000000000000e+004	  1.5516055494284919e+004	  6.0022590824382169e+003	
  2.4300000000000000e+004	  1.5516055494284919e+004	  6.0022590824382169e+003	
  2.4330000000000000e+004	  1.5516055494284919e+004	  6.0022590824382169e+003	
  2.4360000000000000e+004	  1.5516055494284919e+004	  6.0022590824382169e+003	
  2.4390000000000000e+004	  1.5516055494284919e+004	  6.0022590824382169e+003	
  2.4420000000000000e+004	  1.5516055494284919e+004	  6.0022590824382169e+003	
  2.4450000000000000e+004	  1.5516055494284919e+004	  6.0022590824382169e+003	
  2.4480000000000000e+004	  1.5516055494284919e+004	  6.0022590824382169e+003	
  2.4510000000000000e+004	  1.5516055494284919e+004	  6.0022590824382169e+003	
  2.4540000000000000e+004	  1.5516055494284919e+004	  6.0022590824382169e+003	
  2.4570000000000000e+004	  1.5516055494284919e+004	  6.0022590824382169e+003	
  2.4600000000000000e+004	  1.5516055494284919e+004	  6.0022590824382169e+003	
  2.4630000000000000e+004	  1.5516055494284919e+004	  6.0022590824382169e+003	
  2.4660000000000000e+004	  1.5516055494284919e+004	  6.0022590824382169e+003	
  2.4690000000000000e+004	  1.5516055494284919e+004	  6.0022590824382169e+003	
  2.4720000000000000e+004	  1.5516055494284919e+004	  6.0022590824382169e+003	
  2.4750000000000000e+004	  1.5516055494284919e+004	  6.0022590824382169e+003	
  2.4780000000000000e+004	  1.5516055494284919e+004	  6.0022590824382169e+003	
  2.4810000000000000e+004	  1.5516055494284919e+004	  6.0022590824382169e+003	
  2.4840000000000000e+004	  1.5516055494284919e+004	  6.0022590824382169e+003	
  2.4870000000000000e+004	  1.5516055494284919e+004	  6.0022590824382169e+003	
  2.4900000000000000e+004	  1.5516055494284919e+004	  6.0022590824382169e+003	
  2.4930000000000000e+004	  1.5516055494284919e+004	  6.0022590824382169e+003	
  2.4960000000000000e+004	  1.5516055494284919e+004	  6.0022590824382169e+003	
  2.4990000000000000e+004	  1.5516055494284919e+004	  6.0022590824382169e+003	
  2.5020000000000000e+004	  1.5516055494284919e+004	  6.0022590824382169e+003	
  2.5050000000000000e+004	  1.5516055494284919e+004	  6.0022590824382169e+003	
  2.5080000000000000e+004	  1.5516055494284919e+004	  6.0022590824382169e+003	
  2.5110000000000000e+004	  1.5516055494284919e+004	  6.0022590824382169e+003	
  2.5140000000000000e+004	  1.5516055494284919e+004	  6.0022590824382169e+003	
  2.5170000000000000e+004	  1.5516055494284919e+004	  6.0022590824382169e+003	
  2.5200000000000000e+004	  1.5516055494284919e+004	  6.0022590824382169e+003	
  2.5230000000000000e+004	  1.5516055494284919e+004	  6.0022590824382169e+003	
  2.5260000000000000e+004	  1.5516055494284919e+004	  6.0022590824382169e+003	
  2.5290000000000000e+004	  1.5516055494284919e+004	  6.0022590824382169e+003	
  2.5320000000000000e+004	  1.5516055494284919e+004	  6.0022590824382169e+003	
  2.5350000000000000e+004	  1.5516055494284919e+004	  6.0022590824382169e+003	
  2.5380000000000000e+004	  1.5516055494284919e+004	  6.0022590824382169e+003	
  2.5410000000000000e+004	  1.5516055494284919e+004	  6.0022590824382169e+003	
  2.5440000000000000e+004	  1.5516055494284919e+004	  6.0022590824382169e+003	
  2.5470000000000000e+004	  1.5516055494284919e+004	  6.0022590824382169e+003	
  2.5500000000000000e+004	  1.5516055494284919e+004	  6.0022590824382169e+003	
  2.5530000000000000e+004	  1.5516055494284919e+004	  6.0022590824382169e+003	
  2.5560000000000000e+004	  1.5516055494284919e+004	  6.0022590824382169e+003	
  2.5590000000000000e+004	  1.5516055494284919e+004	  6.0022590824382169e+003	
  2.5620000000000000e+004	  1.5516055494284919e+004	  6.0022590824382169e+003	
  2.5650000000000000e+004	  1.5516055494284919e+004	  6.0022590824382169e+003	
  2.5680000000000000e+004	  1.5516055494284919e+004	  6.0022590824382169e+003	
  2.5710000000000000e+004	  1.5516055494284919e+004	  6.0022590824382169e+003	
  2.5740000000000000e+004	  1.5516055494284919e+004	  6.0022590824382169e+003	
  2.5770000000000000e+004	  1.5516055494284919e+004	  6.0022590824382169e+003	
  2.5800000000000000e+004	  1.5516055494284919e+004	  6.0022590824382169e+003	
  2.5830000000000000e+004	  1.5516055494284919e+004	  6.0022590824382169e+003	
  2.5860000000000000e+004	  1.5516055494284919e+004	  6.0022590824382169e+003	
  2.5890000000000000e+004	  1.5516055494284919e+004	  6.0022590824382169e+003	
  2.5920000000000000e+004	  1.5516055494284919e+004	  6.0022590824382169e+003	
  2.5950000000000000e+004	  1.5516055494284919e+004	  6.0022590824382169e+003	
  2.5980000000000000e+004	  1.5516055494284919e+004	  6.0022590824382169e+003	
  2.6010000000000000e+004	  1.5516055494284919e+004	  6.0022590824382169e+003	
  2.6040000000000000e+004	  1.5516055494284919e+004	  6.0022590824382169e+003	
  2.6070000000000000e+004	  1.5516055494284919e+004	  6.0022590824382169e+003	
  2.6100000000000000e+004	  1.5516055494284919e+004	  6.0022590824382169e+003	
  2.6130000000000000e+004	  1.5516055494284919e+004	  6.0022590824382169e+003	
  2.6160000000000000e+004	  1.5516055494284919e+004	  6.0022590824382169e+003	
  2.6190000000000000e+004	  1.5516055494284919e+004	  6.0022590824382169e+003	
  2.6220000000000000e+004	  1.5516055494284919e+004	  6.0022590824382169e+003	
  2.6250000000000000e+004	  1.5516055494284919e+004	  6.0022590824382169e+003	
  2.6280000000000000e+004	  1.5516055494284919e+004	  6.0022590824382169e+003	
  2.6310000000000000e+004	  1.5516055494284919e+004	  6.0022590824382169e+003	
  2.6340000000000000e+004	  1.5516055494284919e+004	  6.0022590824382169e+003	
  2.6370000000000000e+004	  1.5516055494284919e+004	  6.0022590824382169e+003	
  2.6400000000000000e+004	  1.5516055494284919e+004	  6.0022590824382169e+003	
  2.6430000000000000e+004	  1.5516055494284919e+004	  6.0022590824382169e+003	
  2.6460000000000000e+004	  1.5516055494284919e+004	  6.0022590824382169e+003	
  2.6490000000000000e+004	  1.5516055494284919e+004	  6.0022590824382169e+003	
  2.6520000000000000e+004	  1.5516055494284919e+004	  6.0022590824382169e+003	
  2.6550000000000000e+004	  1.5516055494284919e+004	  6.0022590824382169e+003	
  2.6580000000000000e+004	  1.5516055494284919e+004	  6.0022590824382169e+003	
  2.6610000000000000e+004	  1.5516055494284919e+004	  6.0022590824382169e+003	
  2.6640000000000000e+004	  1.5516055494284919e+004	  6.0022590824382169e+003	
  2.6670000000000000e+004	  1.5516055494284919e+004	  6.0022590824382169e+003	
  2.6700000000000000e+004	  1.5516055494284919e+004	  6.0022590824382169e+003	
  2.6730000000000000e+004	  1.5516055494284919e+004	  6.0022590824382169e+003	
  2.6760000000000000e+004	  1.5516055494284919e+004	  6.0022590824382169e+003	
  2.6790000000000000e+004	  1.5516055494284919e+004	  6.0022590824382169e+003	
  2.6820000000000000e+004	  1.5516055494284919e+004	  6.0022590824382169e+003	
  2.6850000000000000e+004	  1.5516055494284919e+004	  6.0022590824382169e+003	
  2.6880000000000000e+004	  1.5516055494284919e+004	  6.0022590824382169e+003	
  2.6910000000000000e+004	  1.5516055494284919e+004	  6.0022590824382169e+003	
  2.6940000000000000e+004	  1.5516055494284919e+004	  6.0022590824382169e+003	
  2.6970000000000000e+004	  1.5516055494284919e+004	  6.0022590824382169e+003	
  2.7000000000000000e+004	  1.5516055494284919e+004	  6.0022590824382169e+003	
  2.7030000000000000e+004	  1.5516055494284919e+004	  6.0022590824382169e+003	
  2.7060000000000000e+004	  1.5516055494284919e+004	  6.0022590824382169e+003	
  2.7090000000000000e+004	  1.5516055494284919e+004	  6.0022590824382169e+003	
  2.7120000000000000e+004	  1.5516055494284919e+004	  6.0022590824382169e+003	
  2.7150000000000000e+004	  1.5516055494284919e+004	  6.0022590824382169e+003	
  2.7180000000000000e+004	  1.5516055494284919e+004	  6.0022590824382169e+003	
  2.7210000000000000e+004	  1.5516055494284919e+004	  6.0022590824382169e+003	
  2.7240000000000000e+004	  1.5516055494284919e+004	  6.0022590824382169e+003	
  2.7270000000000000e+004	  1.5516055494284919e+004	  6.0022590824382169e+003	
  2.7300000000000000e+004	  1.5516055494284919e+004	  6.0022590824382169e+003	
  2.7330000000000000e+004	  1.5516055494284919e+004	  6.0022590824382169e+003	
  2.7360000000000000e+004	  1.5516055494284919e+004	  6.0022590824382169e+003	
  2.7390000000000000e+004	  1.5516055494284919e+004	  6.0022590824382169e+003	
  2.7420000000000000e+004	  1.5516055494284919e+004	  6.0022590824382169e+003	
  2.7450000000000000e+004	  1.5516055494284919e+004	  6.0022590824382169e+003	
  2.7480000000000000e+004	  1.5516055494284919e+004	  6.0022590824382169e+003	
  2.7510000000000000e+004	  1.5516055494284919e+004	  6.0022590824382169e+003	
  2.7540000000000000e+004	  1.5516055494284919e+004	  6.0022590824382169e+003	
  2.7570000000000000e+004	  1.5516055494284919e+004	  6.0022590824382169e+003	
  2.7600000000000000e+004	  1.5516055494284919e+004	  6.0022590824382169e+003	
  2.7630000000000000e+004	  1.5516055494284919e+004	  6.0022590824382169e+003	
  2.7660000000000000e+004	  1.5516055494284919e+004	  6.0022590824382169e+003	
  2.7690000000000000e+004	  1.5516055494284919e+004	  6.0022590824382169e+003	
  2.7720000000000000e+004	  1.5516055494284919e+004	  6.0022590824382169e+003	
  2.7750000000000000e+004	  1.5516055494284919e+004	  6.0022590824382169e+003	
  2.7780000000000000e+004	  1.5516055494284919e+004	  6.0022590824382169e+003	
  2.7810000000000000e+004	  1.5516055494284919e+004	  6.0022590824382169e+003	
  2.7840000000000000e+004	  1.5516055494284919e+004	  6.0022590824382169e+003	
  2.7870000000000000e+004	  1.5516055494284919e+004	  6.0022590824382169e+003	
  2.7900000000000000e+004	  1.5516055494284919e+004	  6.0022590824382169e+003	
  2.7930000000000000e+004	  1.5516055494284919e+004	  6.0022590824382169e+003	
  2.7960000000000000e+004	  1.5516055494284919e+004	  6.0022590824382169e+003	
  2.7990000000000000e+004	  1.5516055494284919e+004	  6.0022590824382169e+003	
  2.8020000000000000e+004	  1.5516055494284919e+004	  6.0022590824382169e+003	
  2.8050000000000000e+004	  1.5516055494284919e+004	  6.0022590824382169e+003	
  2.8080000000000000e+004	  1.5516055494284919e+004	  6.0022590824382169e+003	
  2.8110000000000000e+004	  1.5516055494284919e+004	  6.0022590824382169e+003	
  2.8140000000000000e+004	  1.5516055494284919e+004	  6.0022590824382169e+003	
  2.8170000000000000e+004	  1.5516055494284919e+004	  6.0022590824382169e+003	
  2.8200000000000000e+004	  1.5516055494284919e+004	  6.0022590824382169e+003	
  2.8230000000000000e+004	  1.5516055494284919e+004	  6.0022590824382169e+003	
  2.8260000000000000e+004	  1.5516055494284919e+004	  6.0022590824382169e+003	
  2.8290000000000000e+004	  1.5516055494284919e+004	  6.0022590824382169e+003	
  2.8320000000000000e+004	  1.5516055494284919e+004	  6.0022590824382169e+003	
  2.8350000000000000e+004	  1.5516055494284919e+004	  6.0022590824382169e+003	
  2.8380000000000000e+004	  1.5516055494284919e+004	  6.0022590824382169e+003	
  2.8410000000000000e+004	  1.5516055494284919e+004	  6.0022590824382169e+003	
  2.8440000000000000e+004	  1.5516055494284919e+004	  6.0022590824382169e+003	
  2.8470000000000000e+004	  1.5516055494284919e+004	  6.0022590824382169e+003	
  2.8500000000000000e+004	  1.5516055494284919e+004	  6.0022590824382169e+003	
  2.8530000000000000e+004	  1.5516055494284919e+004	  6.0022590824382169e+003	
  2.8560000000000000e+004	  1.5516055494284919e+004	  6.0022590824382169e+003	
  2.8590000000000000e+004	  1.5516055494284919e+004	  6.0022590824382169e+003	
  2.8620000000000000e+004	  1.5516055494284919e+004	  6.0022590824382169e+003	
  2.8650000000000000e+004	  1.5516055494284919e+004	  6.0022590824382169e+003	
  2.8680000000000000e+004	  1.5516055494284919e+004	  6.0022590824382169e+003	
  2.8710000000000000e+004	  1.5516055494284919e+004	  6.0022590824382169e+003	
  2.8740000000000000e+004	  1.5516055494284919e+004	  6.0022590824382169e+003	
  2.8770000000000000e+004	  1.5516055494284919e+004	  6.0022590824382169e+003	
  2.8800000000000000e+004	  1.5516055494284919e+004	  6.0022590824382169e+003	
  2.8830000000000000e+004	  1.5516055494284919e+004	  6.0022590824382169e+003	
  2.8860000000000000e+004	  1.5516055494284919e+004	  6.0022590824382169e+003	
  2.8890000000000000e+004	  1.5516055494284919e+004	  6.0022590824382169e+003	
  2.8920000000000000e+004	  1.5516055494284919e+004	  6.0022590824382169e+003	
  2.8950000000000000e+004	  1.5516055494284919e+004	  6.0022590824382169e+003	
  2.8980000000000000e+004	  1.5516055494284919e+004	  6.0022590824382169e+003	
  2.9010000000000000e+004	  1.5480475504073467e+004	  6.0024100649867178e+003	
  2.9040000000000000e+004	  1.5440275866009690e+004	  6.0025806508628675e+003	
  2.9070000000000000e+004	  1.5400076227945910e+004	  6.0027512367390200e+003	
  2.9100000000000000e+004	  1.5359876589882131e+004	  6.0029218226151697e+003	
  2.9130000000000000e+004	  1.5319676951818350e+004	  6.0030924084913213e+003	
  2.9160000000000000e+004	  1.5279477313754573e+004	  6.0032629943674719e+003	
  2.9190000000000000e+004	  1.5239277675690793e+004	  6.0034335802436226e+003	
  2.9220000000000000e+004	  1.5199078037627014e+004	  6.0036041661197733e+003	
  2.9250000000000000e+004	  1.5158878399563233e+004	  6.0037747519959248e+003	
  2.9280000000000000e+004	  1.5118678761499454e+004	  6.0039453378720755e+003	
  2.9310000000000000e+004	  1.5078479123435676e+004	  6.0041159237482261e+003	
  2.9340000000000000e+004	  1.5038279485371897e+004	  6.0042865096243768e+003	
  2.9370000000000000e+004	  1.4998079847308116e+004	  6.0044570955005283e+003	
  2.9400000000000000e+004	  1.4957880209244337e+004	  6.0046276813766781e+003	
  2.9430000000000000e+004	  1.4917680571180557e+004	  6.0047982672528306e+003	
  2.9460000000000000e+004	  1.4877480933116780e+004	  6.0049688531289803e+003	
  2.9490000000000000e+004	  1.4837281295052999e+004	  6.0051394390051310e+003	
  2.9520000000000000e+004	  1.4797081656989221e+004	  6.0053100248812825e+003	
  2.9550000000000000e+004	  1.4756882018925440e+004	  6.0054806107574332e+003	
  2.9580000000000000e+004	  1.4716682380861661e+004	  6.0056511966335838e+003	
  2.9610000000000000e+004	  1.4676482742797882e+004	  6.0058217825097354e+003	
  2.9640000000000000e+004	  1.4636283104734102e+004	  6.0059923683858860e+003	
  2.9670000000000000e+004	  1.4596083466670323e+004	  6.0061629542620376e+003	
  2.9700000000000000e+004	  1.4555883828606544e+004	  6.0063335401381873e+003	
  2.9730000000000000e+004	  1.4515684190542763e+004	  6.0065041260143389e+003	
  2.9760000000000000e+004	  1.4475484552478985e+004	  6.0066747118904905e+003	
  2.9790000000000000e+004	  1.4435284914415206e+004	  6.0068452977666402e+003	
  2.9820000000000000e+004	  1.4395085276351427e+004	  6.0070158836427909e+003	
  2.9850000000000000e+004	  1.4354885638287646e+004	  6.0071864695189424e+003	
  2.9880000000000000e+004	  1.4314686000223868e+004	  6.0073570553950922e+003	
  2.9910000000000000e+004	  1.4274486362160089e+004	  6.0075276412712437e+003	
  2.9940000000000000e+004	  1.4234286724096310e+004	  6.0076982271473944e+003	
  2.9970000000000000e+004	  1.4194087086032529e+004	  6.0078688130235460e+003	
  3.0000000000000000e+004	  1.4153887447968749e+004	  6.0080393988996975e+003	
  3.0030000000000000e+004	  1.4113687809904972e+004	  6.0082099847758473e+003	
  3.0060000000000000e+004	  1.4073488171841193e+004	  6.0083805706519988e+003	
  3.0090000000000000e+004	  1.4033288533777410e+004	  6.0085511565281495e+003	
  3.0120000000000000e+004	  1.3993088895713632e+004	  6.0087217424043010e+003	
  3.0150000000000000e+004	  1.3952889257649853e+004	  6.0088923282804508e+003	
  3.0180000000000000e+004	  1.3912689619586075e+004	  6.0090629141566023e+003	
  3.0210000000000000e+004	  1.3872489981522294e+004	  6.0092335000327530e+003	
  3.0240000000000000e+004	  1.3832290343458515e+004	  6.0094040859089027e+003	
  3.0270000000000000e+004	  1.3792090705394736e+004	  6.0095746717850543e+003	
  3.0300000000000000e+004	  1.3751891067330955e+004	  6.0097452576612059e+003	
  3.0330000000000000e+004	  1.3711691429267177e+004	  6.0099158435373565e+003	
  3.0360000000000000e+004	  1.3671491791203396e+004	  6.0100864294135072e+003	
  3.0390000000000000e+004	  1.3631292153139619e+004	  6.0102570152896587e+003	
  3.0420000000000000e+004	  1.3591092515075838e+004	  6.0104276011658094e+003	
  3.0450000000000000e+004	  1.3550892877012058e+004	  6.0105981870419600e+003	
  3.0480000000000000e+004	  1.3510693238948281e+004	  6.0107687729181116e+003	
  3.0510000000000000e+004	  1.3470493600884498e+004	  6.0109393587942614e+003	
  3.0540000000000000e+004	  1.3430293962820720e+004	  6.0111099446704129e+003	
  3.0570000000000000e+004	  1.3390094324756941e+004	  6.0112805305465636e+003	
  3.0600000000000000e+004	  1.3349894686693164e+004	  6.0114511164227142e+003	
  3.0630000000000000e+004	  1.3309695048629384e+004	  6.0116217022988649e+003	
  3.0660000000000000e+004	  1.3269495410565602e+004	  6.0117922881750164e+003	
  3.0690000000000000e+004	  1.3229295772501824e+004	  6.0119628740511662e+003	
  3.0720000000000000e+004	  1.3189096134438045e+004	  6.0121334599273187e+003	
  3.0750000000000000e+004	  1.3148896496374267e+004	  6.0123040458034684e+003	
  3.0780000000000000e+004	  1.3108696858310488e+004	  6.0124746316796200e+003	
  3.0810000000000000e+004	  1.3068497220246705e+004	  6.0126452175557706e+003	
  3.0840000000000000e+004	  1.3028297582182928e+004	  6.0128158034319213e+003	
  3.0870000000000000e+004	  1.2988097944119148e+004	  6.0129863893080719e+003	
  3.0900000000000000e+004	  1.2947898306055371e+004	  6.0131569751842235e+003	
  3.0930000000000000e+004	  1.2907698667991590e+004	  6.0133275610603750e+003	
  3.0960000000000000e+004	  1.2867499029927811e+004	  6.0134981469365248e+003	
  3.0990000000000000e+004	  1.2827299391864031e+004	  6.0136687328126754e+003	
  3.1020000000000000e+004	  1.2787099753800250e+004	  6.0138393186888270e+003	
  3.1050000000000000e+004	  1.2746900115736473e+004	  6.0140099045649786e+003	
  3.1080000000000000e+004	  1.2706700477672692e+004	  6.0141804904411283e+003	
  3.1110000000000000e+004	  1.2666500839608914e+004	  6.0143510763172790e+003	
  3.1140000000000000e+004	  1.2626301201545133e+004	  6.0145216621934305e+003	
  3.1170000000000000e+004	  1.2586101563481354e+004	  6.0146922480695803e+003	
  3.1200000000000000e+004	  1.2545901925417576e+004	  6.0148628339457327e+003	
  3.1230000000000000e+004	  1.2505702287353797e+004	  6.0150334198218825e+003	
  3.1260000000000000e+004	  1.2465502649290016e+004	  6.0152040056980341e+003	
  3.1290000000000000e+004	  1.2425303011226237e+004	  6.0153745915741856e+003	
  3.1320000000000000e+004	  1.2385103373162458e+004	  6.0155451774503354e+003	
  3.1350000000000000e+004	  1.2344903735098676e+004	  6.0157157633264869e+003	
  3.1380000000000000e+004	  1.2304704097034899e+004	  6.0158863492026376e+003	
  3.1410000000000000e+004	  1.2264504458971120e+004	  6.0160569350787873e+003	
  3.1440000000000000e+004	  1.2224304820907340e+004	  6.0162275209549389e+003	
  3.1470000000000000e+004	  1.2184105182843559e+004	  6.0163981068310904e+003	
  3.1500000000000000e+004	  1.2143905544779780e+004	  6.0165686927072411e+003	
  3.1530000000000000e+004	  1.2103705906716003e+004	  6.0167392785833927e+003	
  3.1560000000000000e+004	  1.2063506268652223e+004	  6.0169098644595424e+003	
  3.1590000000000000e+004	  1.2023306630588444e+004	  6.0170804503356940e+003	
  3.1620000000000000e+004	  1.1983106992524663e+004	  6.0172510362118446e+003	
  3.1650000000000000e+004	  1.1942907354460884e+004	  6.0174216220879962e+003	
  3.1680000000000000e+004	  1.1902707716397106e+004	  6.0175922079641459e+003	
  3.1710000000000000e+004	  1.1862508078333327e+004	  6.0177627938402975e+003	
  3.1740000000000000e+004	  1.1822308440269546e+004	  6.0179333797164481e+003	
  3.1770000000000000e+004	  1.1782108802205768e+004	  6.0181039655925997e+003	
  3.1800000000000000e+004	  1.1741909164141987e+004	  6.0182745514687495e+003	
  3.1830000000000000e+004	  1.1701709526078210e+004	  6.0184451373449010e+003	
  3.1860000000000000e+004	  1.1661509888014429e+004	  6.0186157232210517e+003	
  3.1890000000000000e+004	  1.1621310249950649e+004	  6.0187863090972023e+003	
  3.1920000000000000e+004	  1.1581110611886872e+004	  6.0189568949733548e+003	
  3.1950000000000000e+004	  1.1540910973823093e+004	  6.0191274808495045e+003	
  3.1980000000000000e+004	  1.1500711335759312e+004	  6.0192980667256543e+003	
  3.2010000000000000e+004	  1.1460511697695532e+004	  6.0194686526018068e+003	
  3.2040000000000000e+004	  1.1420312059631753e+004	  6.0196392384779565e+003	
  3.2070000000000000e+004	  1.1380112421567976e+004	  6.0198098243541081e+003	
  3.2100000000000000e+004	  1.1339912783504195e+004	  6.0199804102302587e+003	
  3.2130000000000000e+004	  1.1299713145440415e+004	  6.0201509961064094e+003	
  3.2160000000000000e+004	  1.1259513507376636e+004	  6.0203215819825600e+003	
  3.2190000000000000e+004	  1.1219313869312855e+004	  6.0204921678587116e+003	
  3.2220000000000000e+004	  1.1179114231249076e+004	  6.0206627537348613e+003	
  3.2250000000000000e+004	  1.1138914593185298e+004	  6.0208333396110138e+003	
  3.2280000000000000e+004	  1.1098714955121519e+004	  6.0210039254871635e+003	
  3.2310000000000000e+004	  1.1058515317057738e+004	  6.0211745113633151e+003	
  3.2340000000000000e+004	  1.1018315678993958e+004	  6.0213450972394667e+003	
  3.2370000000000000e+004	  1.0978116040930179e+004	  6.0215156831156164e+003	
  3.2400000000000000e+004	  1.0937916402866398e+004	  6.0216862689917671e+003	
  3.2430000000000000e+004	  1.0897716764802621e+004	  6.0218568548679186e+003	
  3.2460000000000000e+004	  1.0857517126738841e+004	  6.0220274407440702e+003	
  3.2490000000000000e+004	  1.0817317488675062e+004	  6.0221980266202199e+003	
  3.2520000000000000e+004	  1.0777117850611281e+004	  6.0223686124963715e+003	
  3.2550000000000000e+004	  1.0736918212547502e+004	  6.0225391983725222e+003	
  3.2580000000000000e+004	  1.0696718574483724e+004	  6.0227097842486737e+003	
  3.2610000000000000e+004	  1.0656518936419945e+004	  6.0228803701248235e+003	
  3.2640000000000000e+004	  1.0616319298356166e+004	  6.0230509560009759e+003	
  3.2670000000000000e+004	  1.0576119660292388e+004	  6.0232215418771257e+003	
  3.2700000000000000e+004	  1.0535920022228607e+004	  6.0233921277532754e+003	
  3.2730000000000000e+004	  1.0495720384164828e+004	  6.0235627136294279e+003	
  3.2760000000000000e+004	  1.0455520746101049e+004	  6.0237332995055785e+003	
  3.2790000000000000e+004	  1.0415321108037268e+004	  6.0239038853817292e+003	
  3.2820000000000000e+004	  1.0375121469973490e+004	  6.0240744712578808e+003	
  3.2850000000000000e+004	  1.0334921831909711e+004	  6.0242450571340305e+003	
  3.2880000000000000e+004	  1.0294722193845932e+004	  6.0244156430101821e+003	
  3.2910000000000000e+004	  1.0254522555782150e+004	  6.0245862288863327e+003	
  3.2940000000000000e+004	  1.0214322917718371e+004	  6.0247568147624843e+003	
  3.2970000000000000e+004	  1.0174123279654592e+004	  6.0249274006386349e+003	
  3.3000000000000000e+004	  1.0133923641590814e+004	  6.0250979865147856e+003	
  3.3030000000000000e+004	  1.0093724003527033e+004	  6.0252685723909362e+003	
  3.3060000000000000e+004	  1.0053524365463254e+004	  6.0254391582670878e+003	
  3.3090000000000000e+004	  1.0013324727399475e+004	  6.0256097441432375e+003	
  3.3120000000000000e+004	  9.9731250893356955e+003	  6.0257803300193891e+003	
  3.3150000000000000e+004	  9.9329254512719162e+003	  6.0259509158955398e+003	
  3.3180000000000000e+004	  9.8927258132081370e+003	  6.0261215017716904e+003	
  3.3210000000000000e+004	  9.8525261751443577e+003	  6.0262920876478411e+003	
  3.3240000000000000e+004	  9.8123265370805766e+003	  6.0264626735239926e+003	
  3.3270000000000000e+004	  9.7721268990167991e+003	  6.0266332594001433e+003	
  3.3300000000000000e+004	  9.7319272609530199e+003	  6.0268038452762949e+003	
  3.3330000000000000e+004	  9.6917276228892406e+003	  6.0269744311524446e+003	
  3.3360000000000000e+004	  9.6515279848254595e+003	  6.0271450170285962e+003	
  3.3390000000000000e+004	  9.6113283467616802e+003	  6.0273156029047477e+003	
  3.3420000000000000e+004	  9.5711287086979009e+003	  6.0274861887808975e+003	
  3.3450000000000000e+004	  9.5309290706341235e+003	  6.0276567746570499e+003	
  3.3480000000000000e+004	  9.4907294325703424e+003	  6.0278273605331997e+003	
  3.3510000000000000e+004	  9.4505297945065631e+003	  6.0279979464093512e+003	
  3.3540000000000000e+004	  9.4103301564427838e+003	  6.0281685322855019e+003	
  3.3570000000000000e+004	  9.3701305183790046e+003	  6.0283391181616516e+003	
  3.3600000000000000e+004	  9.3299308803152271e+003	  6.0285097040378032e+003	
  3.3630000000000000e+004	  9.2897312422514460e+003	  6.0286802899139548e+003	
  3.3660000000000000e+004	  9.2495316041876667e+003	  6.0288508757901054e+003	
  3.3690000000000000e+004	  9.2093319661238875e+003	  6.0290214616662552e+003	
  3.3720000000000000e+004	  9.1691323280601082e+003	  6.0291920475424067e+003	
  3.3750000000000000e+004	  9.1289326899963289e+003	  6.0293626334185583e+003	
  3.3780000000000000e+004	  9.0887330519325496e+003	  6.0295332192947089e+003	
  3.3810000000000000e+004	  9.0485334138687704e+003	  6.0297038051708596e+003	
  3.3840000000000000e+004	  9.0083337758049911e+003	  6.0298743910470102e+003	
  3.3870000000000000e+004	  8.9681341377412118e+003	  6.0300449769231618e+003	
  3.3900000000000000e+004	  8.9279344996774325e+003	  6.0302155627993116e+003	
  3.3930000000000000e+004	  8.8877348616136533e+003	  6.0303861486754631e+003	
  3.3960000000000000e+004	  8.8475352235498722e+003	  6.0305567345516138e+003	
  3.3990000000000000e+004	  8.8073355854860947e+003	  6.0307273204277653e+003	
  3.4020000000000000e+004	  8.7671359474223136e+003	  6.0308979063039160e+003	
  3.4050000000000000e+004	  8.7269363093585362e+003	  6.0310684921800666e+003	
  3.4080000000000000e+004	  8.6867366712947551e+003	  6.0312390780562173e+003	
  3.4110000000000000e+004	  8.6465370332309758e+003	  6.0314096639323689e+003	
  3.4140000000000000e+004	  8.6063373951671965e+003	  6.0315802498085195e+003	
  3.4170000000000000e+004	  8.5661377571034172e+003	  6.0317508356846711e+003	
  3.4200000000000000e+004	  8.5259381190396380e+003	  6.0319214215608208e+003	
  3.4230000000000000e+004	  8.4857384809758587e+003	  6.0320920074369724e+003	
  3.4260000000000000e+004	  8.4455388429120794e+003	  6.0322625933131230e+003	
  3.4290000000000000e+004	  8.4053392048483001e+003	  6.0324331791892737e+003	
  3.4320000000000000e+004	  8.3651395667845209e+003	  6.0326037650654243e+003	
  3.4350000000000000e+004	  8.3249399287207398e+003	  6.0327743509415759e+003	
  3.4380000000000000e+004	  8.2847402906569623e+003	  6.0329449368177256e+003	
  3.4410000000000000e+004	  8.2445406525931830e+003	  6.0331155226938772e+003	
  3.4440000000000000e+004	  8.2043410145294038e+003	  6.0332861085700279e+003	
  3.4470000000000000e+004	  8.1641413764656245e+003	  6.0334566944461794e+003	
  3.4500000000000000e+004	  8.1239417384018452e+003	  6.0336272803223310e+003	
  3.4530000000000000e+004	  8.0837421003380650e+003	  6.0337978661984807e+003	
  3.4560000000000000e+004	  8.0435424622742848e+003	  6.0339684520746314e+003	
  3.4590000000000000e+004	  8.0033428242105065e+003	  6.0341390379507829e+003	
  3.4620000000000000e+004	  7.9631431861467281e+003	  6.0343096238269327e+003	
  3.4650000000000000e+004	  7.9229435480829479e+003	  6.0344802097030843e+003	
  3.4680000000000000e+004	  7.8827439100191677e+003	  6.0346507955792358e+003	
  3.4710000000000000e+004	  7.8425442719553885e+003	  6.0348213814553856e+003	
  3.4740000000000000e+004	  7.8023446338916092e+003	  6.0349919673315380e+003	
  3.4770000000000000e+004	  7.7621449958278308e+003	  6.0351625532076878e+003	
  3.4800000000000000e+004	  7.7219453577640516e+003	  6.0353331390838375e+003	
  3.4830000000000000e+004	  7.6817457197002723e+003	  6.0355037249599900e+003	
  3.4860000000000000e+004	  7.6415460816364912e+003	  6.0356743108361397e+003	
  3.4890000000000000e+004	  7.6013464435727128e+003	  6.0358448967122922e+003	
  3.4920000000000000e+004	  7.5611468055089326e+003	  6.0360154825884429e+003	
  3.4950000000000000e+004	  7.5209471674451543e+003	  6.0361860684645935e+003	
  3.4980000000000000e+004	  7.4807475293813759e+003	  6.0363566543407451e+003	
  3.5010000000000000e+004	  7.4405478913175957e+003	  6.0365272402168948e+003	
  3.5040000000000000e+004	  7.4003482532538173e+003	  6.0366978260930464e+003	
  3.5070000000000000e+004	  7.3601486151900363e+003	  6.0368684119691970e+003	
  3.5100000000000000e+004	  7.3199489771262570e+003	  6.0370389978453486e+003	
  3.5130000000000000e+004	  7.2797493390624777e+003	  6.0372095837214983e+003	
  3.5160000000000000e+004	  7.2395497009986984e+003	  6.0373801695976499e+003	
  3.5190000000000000e+004	  7.1993500629349201e+003	  6.0375507554738006e+003	
  3.5220000000000000e+004	  7.1591504248711390e+003	  6.0377213413499512e+003	
  3.5250000000000000e+004	  7.1263221307058966e+003	  6.0434686730643316e+003	
  3.5280000000000000e+004	  7.2833310717660497e+003	  6.2336873331330571e+003	
  3.5310000000000000e+004	  7.3992314796509454e+003	  6.3669561641749115e+003	
  3.5340000000000000e+004	  7.4466682949450278e+003	  6.4033568561076718e+003	
  3.5370000000000000e+004	  7.5218145552001979e+003	  6.4935014428692311e+003	
  3.5400000000000000e+004	  7.7239990014035193e+003	  6.7249519573133921e+003	
  3.5430000000000000e+004	  7.8149406574522018e+003	  6.8188367986235098e+003	
  3.5460000000000000e+004	  7.8822904711190786e+003	  6.8924619296591945e+003	
  3.5490000000000000e+004	  7.9351442961709163e+003	  6.9333598312427184e+003	
  3.5520000000000000e+004	  7.9233652503934154e+003	  6.9174860122421278e+003	
  3.5550000000000000e+004	  7.9081436187526460e+003	  6.9106734071073170e+003	
  3.5580000000000000e+004	  7.9401225456972579e+003	  6.8490037332513584e+003	
  3.5610000000000000e+004	  7.9687432632902401e+003	  6.8094861634833678e+003	
  3.5640000000000000e+004	  7.9527959889620133e+003	  6.7908739439554574e+003	
  3.5670000000000000e+004	  7.9848086665319843e+003	  6.7402691903133655e+003	
  3.5700000000000000e+004	  8.0106111877535905e+003	  6.7293378515918594e+003	
  3.5730000000000000e+004	  8.0194032835780017e+003	  6.7359278232802444e+003	
  3.5760000000000000e+004	  8.0417463430041653e+003	  6.7315864567184008e+003	
  3.5790000000000000e+004	  8.0404469365482710e+003	  6.7329445248552611e+003	
  3.5820000000000000e+004	  8.0379831243816270e+003	  6.7308517639186903e+003	
  3.5850000000000000e+004	  8.0353843089074971e+003	  6.7365289360780253e+003	
  3.5880000000000000e+004	  8.0312835810066490e+003	  6.7414046240993994e+003	
  3.5910000000000000e+004	  8.0256471903788943e+003	  6.7508888407685417e+003	
  3.5940000000000000e+004	  8.0279928734123623e+003	  6.7495752998620392e+003	
  3.5970000000000000e+004	  8.0369199722015564e+003	  6.7284473146148903e+003	
  3.6000000000000000e+004	  8.0397381689287922e+003	  6.7276235677582927e+003	
  3.6030000000000000e+004	  8.0392825321339942e+003	  6.7293378514218975e+003	
  3.6060000000000000e+004	  8.0407338184531909e+003	  6.7315864564424528e+003	
  3.6090000000000000e+004	  8.0388100199762794e+003	  6.7320317248201200e+003	
  3.6120000000000000e+004	  8.0383543832625992e+003	  6.7326551000689478e+003	
  3.6150000000000000e+004	  8.0383881338447809e+003	  6.7336569548130283e+003	
  3.6180000000000000e+004	  8.0387087671904328e+003	  6.7336569544793620e+003	
  3.6210000000000000e+004	  8.0392656567621652e+003	  6.7346810720962894e+003	
  3.6240000000000000e+004	  8.0376793668554192e+003	  6.7323879392381805e+003	
  3.6270000000000000e+004	  8.0392487812132222e+003	  6.7248183766371149e+003	
  3.6300000000000000e+004	  8.0409363235746669e+003	  6.7214788636059147e+003	
  3.6330000000000000e+004	  8.0415100877653513e+003	  6.7230818300969859e+003	
  3.6360000000000000e+004	  8.0443114079356210e+003	  6.7226142987553276e+003	
  3.6390000000000000e+004	  8.0416957169686884e+003	  6.7256198594907792e+003	
  3.6420000000000000e+004	  8.0398394208374712e+003	  6.7296718025284663e+003	
  3.6450000000000000e+004	  8.0402444303758048e+003	  6.7280688368020037e+003	
  3.6480000000000000e+004	  8.0399069225416506e+003	  6.7282024169487431e+003	
  3.6510000000000000e+004	  8.0395525388181950e+003	  6.7283805246987704e+003	
  3.6540000000000000e+004	  8.0395187878100824e+003	  6.7254194894509710e+003	
  3.6570000000000000e+004	  8.0392825318465739e+003	  6.7284918411794324e+003	
  3.6600000000000000e+004	  8.0400925522220741e+003	  6.7277126219765150e+003	
  3.6630000000000000e+004	  8.0431807546650161e+003	  6.7233267282718880e+003	
  3.6660000000000000e+004	  8.0412400814673629e+003	  6.7280465727986084e+003	
  3.6690000000000000e+004	  8.0406325656849413e+003	  6.7294936952901744e+003	
  3.6720000000000000e+004	  8.0395525386013323e+003	  6.7295159586752443e+003	
  3.6750000000000000e+004	  8.0397212934141935e+003	  6.7290484271022478e+003	
  3.6780000000000000e+004	  8.0395694140207515e+003	  6.7282692070393168e+003	
  3.6810000000000000e+004	  8.0394006598663109e+003	  6.7340799595575172e+003	
  3.6840000000000000e+004	  8.0384218850914931e+003	  6.7359723504620024e+003	
