  0.0000000000000000e+000	  6.2948943398178629e+000	 -3.6924813395957386e+001	
  3.0000000000000000e+001	  5.2265144851548200e+001	  6.1635566035743935e+001	
  6.0000000000000000e+001	  1.5806463497087242e+002	  2.2145826319568081e+002	
  9.0000000000000000e+001	  3.0355995312685025e+002	  1.5801947231458593e+002	
  1.2000000000000000e+002	  2.4489765980144983e+002	  2.9842608370262707e+002	
  1.5000000000000000e+002	  2.5084887136216307e+002	  3.8140503460574882e+002	
  1.8000000000000000e+002	  2.1873910891644343e+001	  5.0335290451175507e+002	
  2.1000000000000000e+002	 -3.6201744149108367e+002	  5.1114512354075794e+002	
  2.4000000000000000e+002	 -4.8590726604515424e+002	  4.9527231131054214e+002	
  2.7000000000000000e+002	 -6.3721230884677630e+002	  3.8218426064995657e+002	
  3.0000000000000000e+002	 -6.8286738135713915e+002	  3.5619172893396399e+002	
  3.3000000000000000e+002	 -8.1533683671708661e+002	  1.9768236021973928e+002	
  3.6000000000000000e+002	 -8.3412388151367338e+002	  1.9303687175772649e+002	
  3.9000000000000000e+002	 -8.5683662496360296e+002	  2.1392052520798458e+002	
  4.2000000000000000e+002	 -8.9012748427380063e+002	  2.2691448015793648e+002	
  4.5000000000000000e+002	 -9.1599726747037073e+002	  2.3926979494897259e+002	
  4.8000000000000000e+002	 -9.3785640851897574e+002	  2.5851716065486562e+002	
  5.1000000000000000e+002	 -9.4930798402948199e+002	  2.6763896250988091e+002	
  5.4000000000000000e+002	 -9.5108980463796809e+002	  2.7004341946035021e+002	
  5.7000000000000000e+002	 -9.4725937227649672e+002	  2.8416337649185033e+002	
  6.0000000000000000e+002	 -9.5846867508104890e+002	  2.9413245707249075e+002	
  6.3000000000000000e+002	 -9.6325545896274275e+002	  2.9196175030016701e+002	
  6.6000000000000000e+002	 -9.6517887038142919e+002	  2.9173705659877783e+002	
  6.9000000000000000e+002	 -9.6738661162048322e+002	  2.9198443057318860e+002	
  7.2000000000000000e+002	 -9.7018575671791587e+002	  2.9510460347509235e+002	
  7.5000000000000000e+002	 -9.7106296566905394e+002	  2.9668219793504892e+002	
  7.8000000000000000e+002	 -9.6846331046107957e+002	  2.9483193760895182e+002	
  8.1000000000000000e+002	 -9.6586365525310498e+002	  2.9298167728285466e+002	
  8.4000000000000000e+002	 -9.6589057816539116e+002	  2.9155906059825327e+002	
  8.7000000000000000e+002	 -9.6559164875117756e+002	  2.9038476850485546e+002	
  9.0000000000000000e+002	 -9.6282194197751619e+002	  2.9001371093560698e+002	
  9.3000000000000000e+002	 -9.6582555789876437e+002	  2.8944503018254869e+002	
  9.6000000000000000e+002	 -9.7051293596857602e+002	  2.8926846068859504e+002	
  9.9000000000000000e+002	 -9.7124771900639848e+002	  2.9147592574118539e+002	
  1.0200000000000000e+003	 -9.7141304696367683e+002	  2.9297020859964476e+002	
  1.0500000000000000e+003	 -9.6930055459877883e+002	  2.9161176268158027e+002	
  1.0800000000000000e+003	 -9.6931602013552765e+002	  2.9202124847798774e+002	
  1.1100000000000000e+003	 -9.7483083993970286e+002	  2.9589825916378464e+002	
  1.1400000000000000e+003	 -9.7624126436799315e+002	  2.9333643744678130e+002	
  1.1700000000000000e+003	 -9.7765168879628334e+002	  2.9077461572977791e+002	
  1.2000000000000000e+003	 -9.6359866269765041e+002	  2.9431054633339028e+002	
  1.2300000000000000e+003	 -9.5931871829344618e+002	  3.0024179395837359e+002	
  1.2600000000000000e+003	 -9.6331567469526237e+002	  2.9921592533615188e+002	
  1.2900000000000000e+003	 -9.6281777254084056e+002	  2.9688968171166334e+002	
  1.3200000000000000e+003	 -9.6217166012154871e+002	  2.9344739674856555e+002	
  1.3500000000000000e+003	 -9.6278424132636383e+002	  2.9242880212073902e+002	
  1.3800000000000000e+003	 -9.6286032252255882e+002	  2.9271315906881983e+002	
  1.4100000000000000e+003	 -9.6275871636469731e+002	  2.9255811227461851e+002	
  1.4400000000000000e+003	 -9.6248776706601450e+002	  2.9208103432336543e+002	
  1.4700000000000000e+003	 -9.6221681776733192e+002	  2.9160395637211241e+002	
  1.5000000000000000e+003	 -9.6194586846864922e+002	  2.9112687842085938e+002	
  1.5300000000000000e+003	 -9.6167491916996642e+002	  2.9064980046960636e+002	
  1.5600000000000000e+003	 -9.6128051487145228e+002	  2.9047018319870483e+002	
  1.5900000000000000e+003	 -9.6086141957297173e+002	  2.9035005806387358e+002	
  1.6200000000000000e+003	 -9.6044232427449117e+002	  2.9022993292904232e+002	
  1.6500000000000000e+003	 -9.6002322897601061e+002	  2.9010980779421106e+002	
  1.6800000000000000e+003	 -9.5960413367753006e+002	  2.8998968265937981e+002	
  1.7100000000000000e+003	 -9.5918503837904950e+002	  2.8986955752454855e+002	
  1.7400000000000000e+003	 -9.5876594308056895e+002	  2.8974943238971730e+002	
  1.7700000000000000e+003	 -9.5834684778208839e+002	  2.8962930725488604e+002	
  1.8000000000000000e+003	 -9.5792775248360783e+002	  2.8950918212005473e+002	
  1.8300000000000000e+003	 -9.5760441569661157e+002	  2.8910775979509668e+002	
  1.8600000000000000e+003	 -9.5735430600663233e+002	  2.8849122785415938e+002	
  1.8900000000000000e+003	 -9.5819241247704792e+002	  2.8812130868959696e+002	
  1.9200000000000000e+003	 -9.6021321599628959e+002	  2.8821505116004738e+002	
  1.9500000000000000e+003	 -9.6099754473817427e+002	  2.8856658542423651e+002	
  1.9800000000000000e+003	 -9.6069247620539898e+002	  2.8897476098148235e+002	
  2.0100000000000000e+003	 -9.6035127985504403e+002	  2.8971687233133974e+002	
  2.0400000000000000e+003	 -9.6001008350468908e+002	  2.9045898368119714e+002	
  2.0700000000000000e+003	 -9.5966888715433413e+002	  2.9120109503105448e+002	
  2.1000000000000000e+003	 -9.5932769080397918e+002	  2.9194320638091187e+002	
  2.1300000000000000e+003	 -9.5966318933554999e+002	  2.9249859795401954e+002	
  2.1600000000000000e+003	 -9.6030793893588054e+002	  2.9248819972345029e+002	
  2.1900000000000000e+003	 -9.6084419294310453e+002	  2.9214032917625548e+002	
  2.2200000000000000e+003	 -9.6138044695032829e+002	  2.9179245862906066e+002	
  2.2500000000000000e+003	 -9.6185710715449306e+002	  2.9136102275137955e+002	
  2.2800000000000000e+003	 -9.6236103246921073e+002	  2.9114482713940839e+002	
  2.3100000000000000e+003	 -9.6272332317656537e+002	  2.9121713141114111e+002	
  2.3400000000000000e+003	 -9.6264331472386357e+002	  2.9080529900826707e+002	
  2.3700000000000000e+003	 -9.6347121612294120e+002	  2.9006317186852772e+002	
  2.4000000000000000e+003	 -9.6338051295173261e+002	  2.9016354808214635e+002	
  2.4300000000000000e+003	 -9.6322419516836089e+002	  2.9032410310671918e+002	
  2.4600000000000000e+003	 -9.6306787738498906e+002	  2.9048465813129201e+002	
  2.4900000000000000e+003	 -9.6281937685212574e+002	  2.9057610144322632e+002	
  2.5200000000000000e+003	 -9.6246552460555790e+002	  2.9058855994071661e+002	
  2.5500000000000000e+003	 -9.6211167235899006e+002	  2.9060101843820695e+002	
  2.5800000000000000e+003	 -9.6175782011242222e+002	  2.9061347693569718e+002	
  2.6100000000000000e+003	 -9.6140396786585438e+002	  2.9062593543318746e+002	
  2.6400000000000000e+003	 -9.6105011561928654e+002	  2.9063839393067781e+002	
  2.6700000000000000e+003	 -9.6069626337271893e+002	  2.9065085242816809e+002	
  2.7000000000000000e+003	 -9.6034241112615098e+002	  2.9066331092565838e+002	
  2.7300000000000000e+003	 -9.5998855887958314e+002	  2.9067576942314867e+002	
  2.7600000000000000e+003	 -9.5996509988265552e+002	  2.9050697506381641e+002	
  2.7900000000000000e+003	 -9.6023073497916278e+002	  2.9017958445476444e+002	
  2.8200000000000000e+003	 -9.6052588848237474e+002	  2.8997041832062092e+002	
  2.8500000000000000e+003	 -9.6082694566692749e+002	  2.8978489708145912e+002	
  2.8800000000000000e+003	 -9.6126591293105469e+002	  2.9013457557600674e+002	
  2.9100000000000000e+003	 -9.6205876229016735e+002	  2.9126602696629840e+002	
  2.9400000000000000e+003	 -9.6293587720613993e+002	  2.9241986633307340e+002	
  2.9700000000000000e+003	 -9.6224113475704269e+002	  2.9276239807595664e+002	
  3.0000000000000000e+003	 -9.6278129840426118e+002	  2.9359499569785703e+002	
  3.0300000000000000e+003	 -9.6345867383995903e+002	  2.9448204508409270e+002	
  3.0600000000000000e+003	 -9.6465536825444462e+002	  2.9739992884728088e+002	
  3.0900000000000000e+003	 -9.6849833927543784e+002	  3.0155173510179844e+002	
  3.1200000000000000e+003	 -9.6889677868379124e+002	  3.0106834105870746e+002	
  3.1500000000000000e+003	 -9.6741566913600070e+002	  2.9909996213219148e+002	
  3.1800000000000000e+003	 -9.6345933895567123e+002	  2.9447060296568787e+002	
  3.2100000000000000e+003	 -9.6295630950160648e+002	  2.9366742791877812e+002	
  3.2400000000000000e+003	 -9.6245328004754163e+002	  2.9286425287186836e+002	
  3.2700000000000000e+003	 -9.6195025059347699e+002	  2.9206107782495860e+002	
  3.3000000000000000e+003	 -9.6144722113941225e+002	  2.9125790277804884e+002	
  3.3300000000000000e+003	 -9.6094419168534750e+002	  2.9045472773113903e+002	
  3.3600000000000000e+003	 -9.6044116223128287e+002	  2.8965155268422933e+002	
  3.3900000000000000e+003	 -9.5993813277721813e+002	  2.8884837763731952e+002	
  3.4200000000000000e+003	 -9.5955247686243513e+002	  2.8823261010135542e+002	
  3.4500000000000000e+003	 -9.5955247686243513e+002	  2.8823261010135542e+002	
  3.4800000000000000e+003	 -9.5929700949696587e+002	  2.8826760165543749e+002	
  3.5100000000000000e+003	 -9.5881391879966202e+002	  2.8840319607462482e+002	
  3.5400000000000000e+003	 -9.5918538202735317e+002	  2.8869944212602951e+002	
  3.5700000000000000e+003	 -9.5955684525504421e+002	  2.8899568817743420e+002	
  3.6000000000000000e+003	 -9.5992830848273547e+002	  2.8929193422883890e+002	
  3.6300000000000000e+003	 -9.6027155595601005e+002	  2.8957693882195059e+002	
  3.6600000000000000e+003	 -9.6021978286745070e+002	  2.8970456299896074e+002	
  3.6900000000000000e+003	 -9.6016800977889136e+002	  2.8983218717597089e+002	
  3.7200000000000000e+003	 -9.6011623669033213e+002	  2.8995981135298098e+002	
  3.7500000000000000e+003	 -9.6006446360177301e+002	  2.9008743552999107e+002	
  3.7800000000000000e+003	 -9.6001269051321367e+002	  2.9021505970700116e+002	
  3.8100000000000000e+003	 -9.5967657648396380e+002	  2.9010886859788593e+002	
  3.8400000000000000e+003	 -9.5928359426657607e+002	  2.8995591443154558e+002	
  3.8700000000000000e+003	 -9.5889061204918823e+002	  2.8980296026520517e+002	
  3.9000000000000000e+003	 -9.5849762983180028e+002	  2.8965000609886488e+002	
  3.9300000000000000e+003	 -9.5888154953356798e+002	  2.8931399273484357e+002	
  3.9600000000000000e+003	 -9.6015335714294190e+002	  2.8876876885918688e+002	
  3.9900000000000000e+003	 -9.6142516475231571e+002	  2.8822354498353019e+002	
  4.0200000000000000e+003	 -9.6241193721781292e+002	  2.8781256925028129e+002	
  4.0500000000000000e+003	 -9.6225856910780442e+002	  2.8793858608666312e+002	
  4.0800000000000000e+003	 -9.6204120236938320e+002	  2.8817078696364382e+002	
  4.1100000000000000e+003	 -9.6148783390067342e+002	  2.8900547874554240e+002	
  4.1400000000000000e+003	 -9.6091708658951472e+002	  2.8980398337026389e+002	
  4.1700000000000000e+003	 -9.6069765527498839e+002	  2.8983926204971351e+002	
  4.2000000000000000e+003	 -9.6047822396046195e+002	  2.8987454072916319e+002	
  4.2300000000000000e+003	 -9.6025879264593573e+002	  2.8990981940861286e+002	
  4.2600000000000000e+003	 -9.6003936133140940e+002	  2.8994509808806254e+002	
  4.2900000000000000e+003	 -9.5981993001688318e+002	  2.8998037676751215e+002	
  4.3200000000000000e+003	 -9.5960049870235684e+002	  2.9001565544696183e+002	
  4.3500000000000000e+003	 -9.5938106738783040e+002	  2.9005093412641145e+002	
  4.3800000000000000e+003	 -9.5916163607330418e+002	  2.9008621280586112e+002	
  4.4100000000000000e+003	 -9.5894220475877785e+002	  2.9012149148531080e+002	
  4.4400000000000000e+003	 -9.5753841600402200e+002	  2.8982444500434468e+002	
  4.4700000000000000e+003	 -9.5781758433560753e+002	  2.9043239645228056e+002	
  4.5000000000000000e+003	 -9.5753450242347094e+002	  2.9003364295591263e+002	
  4.5300000000000000e+003	 -9.5725142051133423e+002	  2.8963488945954470e+002	
  4.5600000000000000e+003	 -9.5686017670199158e+002	  2.8938290526369775e+002	
  4.5900000000000000e+003	 -9.5644730051320789e+002	  2.8916027492795519e+002	
  4.6200000000000000e+003	 -9.5603442432442398e+002	  2.8893764459221256e+002	
  4.6500000000000000e+003	 -9.5577032416560269e+002	  2.8874799567691355e+002	
  4.6800000000000000e+003	 -9.5580377606670595e+002	  2.8862430960250191e+002	
  4.7100000000000000e+003	 -9.5583722796780921e+002	  2.8850062352809027e+002	
  4.7400000000000000e+003	 -9.5587366155763880e+002	  2.8848506007562077e+002	
  4.7700000000000000e+003	 -9.5591182138830970e+002	  2.8853209393059137e+002	
  4.8000000000000000e+003	 -9.5612043982928253e+002	  2.8865221319435733e+002	
  4.8300000000000000e+003	 -9.5679781944858485e+002	  2.8897331733231027e+002	
  4.8600000000000000e+003	 -9.5733624547576801e+002	  2.8944284910327741e+002	
  4.8900000000000000e+003	 -9.5755856030515304e+002	  2.8957272308255267e+002	
  4.9200000000000000e+003	 -9.5714171563340085e+002	  2.8815984915849640e+002	
  4.9500000000000000e+003	 -9.5668697527856023e+002	  2.8748377338059646e+002	
  4.9800000000000000e+003	 -9.5619433924063185e+002	  2.8754449574885285e+002	
  5.0100000000000000e+003	 -9.5576578387430663e+002	  2.8734752241815045e+002	
  5.0400000000000000e+003	 -9.5530979323240115e+002	  2.8711944759202316e+002	
  5.0700000000000000e+003	 -9.5471502616393798e+002	  2.8711944759202316e+002	
  5.1000000000000000e+003	 -9.5451222133971339e+002	  2.8671726671919322e+002	
  5.1300000000000000e+003	 -9.5557618578122344e+002	  2.8816389285786767e+002	
  5.1600000000000000e+003	 -9.5677779155190842e+002	  2.8981913390950962e+002	
  5.1900000000000000e+003	 -9.5797939732259329e+002	  2.9147437496115145e+002	
  5.2200000000000000e+003	 -9.5909057404510577e+002	  2.9301290617051899e+002	
  5.2500000000000000e+003	 -9.5893574409320195e+002	  2.9291749958804513e+002	
  5.2800000000000000e+003	 -9.5878091414129801e+002	  2.9282209300557133e+002	
  5.3100000000000000e+003	 -9.5823446567684914e+002	  2.9209100984266968e+002	
  5.3400000000000000e+003	 -9.5754561048056576e+002	  2.9112877155961235e+002	
  5.3700000000000000e+003	 -9.5689495170360783e+002	  2.9071101618925610e+002	
  5.4000000000000000e+003	 -9.5625591792383591e+002	  2.9045897300972200e+002	
  5.4300000000000000e+003	 -9.5561688414406399e+002	  2.9020692983018790e+002	
  5.4600000000000000e+003	 -9.5486832367700129e+002	  2.8955324800003780e+002	
  5.4900000000000000e+003	 -9.5375988980883960e+002	  2.8757989631786376e+002	
  5.5200000000000000e+003	 -9.5326425017345480e+002	  2.8725691473840504e+002	
  5.5500000000000000e+003	 -9.5295511313065401e+002	  2.8743621971194659e+002	
  5.5800000000000000e+003	 -9.5264597608785357e+002	  2.8761552468548814e+002	
  5.6100000000000000e+003	 -9.5233683904505301e+002	  2.8779482965902969e+002	
  5.6400000000000000e+003	 -9.5202770200225223e+002	  2.8797413463257124e+002	
  5.6700000000000000e+003	 -9.5201404498129887e+002	  2.8783189086512857e+002	
  5.7000000000000000e+003	 -9.5246597784285791e+002	  2.8776712775886011e+002	
  5.7300000000000000e+003	 -9.5383192375086878e+002	  2.8807072296090564e+002	
  5.7600000000000000e+003	 -9.5519786965887943e+002	  2.8837431816295117e+002	
  5.7900000000000000e+003	 -9.5656381556689030e+002	  2.8867791336499664e+002	
  5.8200000000000000e+003	 -9.5738722190103647e+002	  2.8931690142843206e+002	
  5.8500000000000000e+003	 -9.5671864440705565e+002	  2.9087821986068997e+002	
  5.8800000000000000e+003	 -9.5605006691307460e+002	  2.9243953829294793e+002	
  5.9100000000000000e+003	 -9.5648171028263971e+002	  2.9274264824072264e+002	
  5.9400000000000000e+003	 -9.5738487687943893e+002	  2.9250652598086185e+002	
  5.9700000000000000e+003	 -9.5828804347623793e+002	  2.9227040372100106e+002	
  6.0000000000000000e+003	 -9.5961128785828078e+002	  2.9222192366170827e+002	
  6.0300000000000000e+003	 -9.6156464891818916e+002	  2.9245490690326756e+002	
  6.0600000000000000e+003	 -9.5791925139790669e+002	  2.9138660866782652e+002	
  6.0900000000000000e+003	 -9.6178125816006650e+002	  2.9228314382024053e+002	
  6.1200000000000000e+003	 -9.6165610167396187e+002	  2.9217511623097494e+002	
  6.1500000000000000e+003	 -9.5986858517308576e+002	  2.9193948766021947e+002	
  6.1800000000000000e+003	 -9.6223939750296518e+002	  2.9469459049308625e+002	
  6.2100000000000000e+003	 -9.6249312629159556e+002	  2.9560786557301174e+002	
  6.2400000000000000e+003	 -9.6221758419491346e+002	  2.9606068371470184e+002	
  6.2700000000000000e+003	 -9.6143270642942980e+002	  2.9527597290330351e+002	
  6.3000000000000000e+003	 -9.6054596153018588e+002	  2.9424375630128753e+002	
  6.3300000000000000e+003	 -9.5754087744900369e+002	  2.9242220702434827e+002	
  6.3600000000000000e+003	 -9.5510494762575775e+002	  2.9091360306268922e+002	
  6.3900000000000000e+003	 -9.5551478909219293e+002	  2.9096972567743086e+002	
  6.4200000000000000e+003	 -9.5592463055862811e+002	  2.9102584829217250e+002	
  6.4500000000000000e+003	 -9.5633447202506352e+002	  2.9108197090691419e+002	
  6.4800000000000000e+003	 -9.5703606914499358e+002	  2.9114990068003311e+002	
  6.5100000000000000e+003	 -9.5890468887890302e+002	  2.9126505908666121e+002	
  6.5400000000000000e+003	 -9.6077330861281234e+002	  2.9138021749328931e+002	
  6.5700000000000000e+003	 -9.6200572820690218e+002	  2.9134433508120173e+002	
  6.6000000000000000e+003	 -9.6175368080807959e+002	  2.9095602409211102e+002	
  6.6300000000000000e+003	 -9.6085493741659911e+002	  2.9065035981814754e+002	
  6.6600000000000000e+003	 -9.5985670233394012e+002	  2.9035741042343443e+002	
  6.6900000000000000e+003	 -9.5979727899279032e+002	  2.8939852129893177e+002	
  6.7200000000000000e+003	 -9.6371892405220456e+002	  2.9484721207401537e+002	
  6.7500000000000000e+003	 -9.6764056911161890e+002	  3.0029590284909887e+002	
  6.7800000000000000e+003	 -9.6593362342407488e+002	  2.9755829342814047e+002	
  6.8100000000000000e+003	 -9.6471711538308443e+002	  2.9619520909944623e+002	
  6.8400000000000000e+003	 -9.6353688248288222e+002	  2.9506168267167504e+002	
  6.8700000000000000e+003	 -9.6239810688643752e+002	  2.9419050813067309e+002	
  6.9000000000000000e+003	 -9.6140731402971892e+002	  2.9351606512111607e+002	
  6.9300000000000000e+003	 -9.6115643487163038e+002	  2.9382527976878396e+002	
  6.9600000000000000e+003	 -9.6120208527843295e+002	  2.9391306666198494e+002	
  6.9900000000000000e+003	 -9.6125042998520303e+002	  2.9300144115432045e+002	
  7.0200000000000000e+003	 -9.5999402272376881e+002	  2.9071872244263949e+002	
  7.0500000000000000e+003	 -9.5929156079507277e+002	  2.8942002773110886e+002	
  7.0800000000000000e+003	 -9.5858648078303031e+002	  2.8866823135452694e+002	
  7.1100000000000000e+003	 -9.5787965538209062e+002	  2.8828103386791082e+002	
  7.1400000000000000e+003	 -9.5745659981217295e+002	  2.8815732699087772e+002	
  7.1700000000000000e+003	 -9.5769567384797301e+002	  2.8864843153620518e+002	
  7.2000000000000000e+003	 -9.5809450971573199e+002	  2.8924641019798918e+002	
  7.2300000000000000e+003	 -9.6430313457028353e+002	  2.9571314477579756e+002	
  7.2600000000000000e+003	 -9.6294040132807515e+002	  2.9828483103310356e+002	
  7.2900000000000000e+003	 -9.6243630994850923e+002	  3.0216797999595434e+002	
  7.3200000000000000e+003	 -9.5765582682033221e+002	  2.9505267727828755e+002	
  7.3500000000000000e+003	 -9.4409327472206269e+002	  2.7518998809078425e+002	
  7.3800000000000000e+003	 -9.5741027854064544e+002	  2.8831611384910428e+002	
  7.4100000000000000e+003	 -9.6419933301096489e+002	  2.9414027316241572e+002	
  7.4400000000000000e+003	 -9.6137534670570244e+002	  2.9338771447505962e+002	
  7.4700000000000000e+003	 -9.5876727414276922e+002	  2.9257855260828126e+002	
  7.5000000000000000e+003	 -9.5918199397245007e+002	  2.9097694622958971e+002	
  7.5300000000000000e+003	 -9.5959671380213081e+002	  2.8937533985089811e+002	
  7.5600000000000000e+003	 -9.6001143363181166e+002	  2.8777373347220657e+002	
  7.5900000000000000e+003	 -9.5918398497259329e+002	  2.8833504182900566e+002	
  7.6200000000000000e+003	 -9.5804599419115038e+002	  2.8943707886967741e+002	
  7.6500000000000000e+003	 -9.5690800340970748e+002	  2.9053911591034921e+002	
  7.6800000000000000e+003	 -9.5574323638983833e+002	  2.9057682499813734e+002	
  7.7100000000000000e+003	 -9.5494632409969608e+002	  2.8936832841818619e+002	
  7.7400000000000000e+003	 -9.5494632409969597e+002	  2.8810017010934780e+002	
  7.7700000000000000e+003	 -9.5494632409969608e+002	  2.8683201180050941e+002	
  7.8000000000000000e+003	 -9.5364576812084908e+002	  2.8638477500878884e+002	
  7.8300000000000000e+003	 -9.5500654052248262e+002	  2.8700814418755925e+002	
  7.8600000000000000e+003	 -9.5726111057103606e+002	  2.8790898451076072e+002	
  7.8900000000000000e+003	 -9.5881656310029211e+002	  2.8868201992093339e+002	
  7.9200000000000000e+003	 -9.6037201562954817e+002	  2.8945505533110611e+002	
  7.9500000000000000e+003	 -9.5969698171593575e+002	  2.8970201460806049e+002	
  7.9800000000000000e+003	 -9.5355873342629172e+002	  2.8730162079009966e+002	
  8.0100000000000000e+003	 -9.5503492225545131e+002	  2.8724668760331519e+002	
  8.0400000000000000e+003	 -9.5552521393192080e+002	  2.8772375910485300e+002	
  8.0700000000000000e+003	 -9.5601550560839019e+002	  2.8820083060639087e+002	
  8.1000000000000000e+003	 -9.5625728811997215e+002	  2.8856658542423651e+002	
  8.1300000000000000e+003	 -9.5583590292012605e+002	  2.8851535930628205e+002	
  8.1600000000000000e+003	 -9.5641137333181064e+002	  2.8813116342162363e+002	
  8.1900000000000000e+003	 -9.5698684374349511e+002	  2.8774696753696526e+002	
  8.2200000000000000e+003	 -9.5756231415517959e+002	  2.8736277165230683e+002	
  8.2500000000000000e+003	 -9.5777223686630873e+002	  2.8710584310504004e+002	
  8.2800000000000000e+003	 -9.5735075900375170e+002	  2.8706873995872252e+002	
  8.3100000000000000e+003	 -9.5692928114119456e+002	  2.8703163681240500e+002	
  8.3400000000000000e+003	 -9.5650780327863743e+002	  2.8699453366608748e+002	
  8.3700000000000000e+003	 -9.5608632541608029e+002	  2.8695743051976996e+002	
  8.4000000000000000e+003	 -9.5566484755352315e+002	  2.8692032737345238e+002	
  8.4300000000000000e+003	 -9.5524336969096589e+002	  2.8688322422713480e+002	
  8.4600000000000000e+003	 -9.5482189182840875e+002	  2.8684612108081728e+002	
  8.4900000000000000e+003	 -9.5440041396585161e+002	  2.8680901793449976e+002	
  8.5200000000000000e+003	 -9.5406601895324388e+002	  2.8675528486082391e+002	
  8.5500000000000000e+003	 -9.5388203977236708e+002	  2.8667282736716538e+002	
  8.5800000000000000e+003	 -9.5369806059149050e+002	  2.8659036987350692e+002	
  8.6100000000000000e+003	 -9.5351408141061358e+002	  2.8650791237984839e+002	
  8.6400000000000000e+003	 -9.5333010222973678e+002	  2.8642545488618993e+002	
  8.6700000000000000e+003	 -9.5314612304885998e+002	  2.8634299739253146e+002	
  8.7000000000000000e+003	 -9.5370124394477625e+002	  2.8472614346978099e+002	
  8.7300000000000000e+003	 -9.5494632467060319e+002	  2.8441074585291108e+002	
  8.7600000000000000e+003	 -9.5669953228259260e+002	  2.8513104028653828e+002	
  8.7900000000000000e+003	 -9.5651396551776179e+002	  2.8701013500181080e+002	
  8.8200000000000000e+003	 -9.5603012577188179e+002	  2.8906750668349025e+002	
  8.8500000000000000e+003	 -9.5554628602600167e+002	  2.9112487836516976e+002	
  8.8800000000000000e+003	 -9.5519755074977786e+002	  2.9232959707543830e+002	
  8.9100000000000000e+003	 -9.5572699452632025e+002	  2.8799207147153618e+002	
  8.9400000000000000e+003	 -9.5625643830286276e+002	  2.8365454586763394e+002	
  8.9700000000000000e+003	 -9.5748908954894500e+002	  2.8284659463499008e+002	
  9.0000000000000000e+003	 -9.5978830380157569e+002	  2.9001989983463955e+002	
  9.0300000000000000e+003	 -9.5993883254358366e+002	  2.9094753107656368e+002	
  9.0600000000000000e+003	 -9.6065233404264984e+002	  2.9158079921375816e+002	
  9.0900000000000000e+003	 -9.6179634412064297e+002	  2.9198896615321831e+002	
  9.1200000000000000e+003	 -9.6294035419863621e+002	  2.9239713309267842e+002	
  9.1500000000000000e+003	 -9.6172355274030031e+002	  2.9031768729647575e+002	
  9.1800000000000000e+003	 -9.6129107044250122e+002	  2.8912316593002168e+002	
  9.2100000000000000e+003	 -9.6089432120589322e+002	  2.8955251859573565e+002	
  9.2400000000000000e+003	 -9.6116199767693718e+002	  2.9013995338226198e+002	
  9.2700000000000000e+003	 -9.6221344597404789e+002	  2.9083776443785467e+002	
  9.3000000000000000e+003	 -9.6326489427115871e+002	  2.9153557549344737e+002	
  9.3300000000000000e+003	 -9.6431634256826942e+002	  2.9223338654904006e+002	
  9.3600000000000000e+003	 -9.6536779086538013e+002	  2.9293119760463276e+002	
  9.3900000000000000e+003	 -9.6641923916249084e+002	  2.9362900866022545e+002	
  9.4200000000000000e+003	 -9.6747068745960166e+002	  2.9432681971581815e+002	
  9.4500000000000000e+003	 -9.6633354979919329e+002	  2.8977301394248303e+002	
  9.4800000000000000e+003	 -9.6464926564940515e+002	  2.8390630396191608e+002	
  9.5100000000000000e+003	 -9.6283575205256591e+002	  2.7996242347973998e+002	
  9.5400000000000000e+003	 -9.6106527950496820e+002	  2.7890982236844098e+002	
  9.5700000000000000e+003	 -9.6064448886858224e+002	  2.7519840889193097e+002	
  9.6000000000000000e+003	 -9.6043922143895168e+002	  2.7322505462303315e+002	
  9.6300000000000000e+003	 -9.5982735065866893e+002	  2.7054288027877681e+002	
  9.6600000000000000e+003	 -9.5919636768901546e+002	  2.6733363682436857e+002	
  9.6900000000000000e+003	 -9.6045075966771878e+002	  2.6798797122623648e+002	
  9.7200000000000000e+003	 -9.6105173461890035e+002	  2.7147274378264041e+002	
  9.7500000000000000e+003	 -9.5997627173982596e+002	  2.8659713126584342e+002	
  9.7800000000000000e+003	 -9.5963687330406572e+002	  2.8854833731657027e+002	
  9.8100000000000000e+003	 -9.6070290502092917e+002	  2.8849359299357172e+002	
  9.8400000000000000e+003	 -9.6130281427749435e+002	  2.8833504777368222e+002	
  9.8700000000000000e+003	 -9.6081510446002972e+002	  2.8793430046104737e+002	
  9.9000000000000000e+003	 -9.6032739464256508e+002	  2.8753355314841252e+002	
  9.9300000000000000e+003	 -9.5983968482510022e+002	  2.8713280583577767e+002	
  9.9600000000000000e+003	 -9.5968911307812050e+002	  2.8703669163325219e+002	
  9.9900000000000000e+003	 -9.5705109986531852e+002	  2.8129707375535571e+002	
  1.0020000000000000e+004	 -9.5745629184653592e+002	  2.8512350463239000e+002	
  1.0050000000000000e+004	 -9.5808483184602210e+002	  2.8598308852171863e+002	
  1.0080000000000000e+004	 -9.5842351705339877e+002	  2.8187826913778144e+002	
  1.0110000000000000e+004	 -9.5929261618226224e+002	  2.8214337674750084e+002	
  1.0140000000000000e+004	 -9.6024331745289282e+002	  2.8308078081778274e+002	
  1.0170000000000000e+004	 -9.6054596092867973e+002	  2.8433651955616386e+002	
  1.0200000000000000e+004	 -9.6082937159306744e+002	  2.8568000639577804e+002	
  1.0230000000000000e+004	 -9.6104570976900516e+002	  2.8889312525649922e+002	
  1.0260000000000000e+004	 -9.5905874540688865e+002	  2.8711204866550639e+002	
  1.0290000000000000e+004	 -9.5832567321782733e+002	  2.8657678050664572e+002	
  1.0320000000000000e+004	 -9.5842666655118740e+002	  2.8881767293410735e+002	
  1.0350000000000000e+004	 -9.5838012948080063e+002	  2.9000495440723262e+002	
  1.0380000000000000e+004	 -9.5811449268005629e+002	  2.8797506746299803e+002	
  1.0410000000000000e+004	 -9.5773334216072419e+002	  2.8629816581785576e+002	
  1.0440000000000000e+004	 -9.5728531527799953e+002	  2.8482562408271446e+002	
  1.0470000000000000e+004	 -9.5683728839527453e+002	  2.8335308234757304e+002	
  1.0500000000000000e+004	 -9.5638926151254987e+002	  2.8188054061243167e+002	
  1.0530000000000000e+004	 -9.5572393267195059e+002	  2.8024766121912603e+002	
  1.0560000000000000e+004	 -9.5481322864253832e+002	  2.7850116814796519e+002	
  1.0590000000000000e+004	 -9.5626002337250134e+002	  2.8038982994286124e+002	
  1.0620000000000000e+004	 -9.5750529677094585e+002	  2.7988384191912320e+002	
  1.0650000000000000e+004	 -9.5722887717608114e+002	  2.8132758754938669e+002	
  1.0680000000000000e+004	 -9.5707616064954004e+002	  2.8270724660779206e+002	
  1.0710000000000000e+004	 -9.5702689636077582e+002	  2.8392161816265423e+002	
  1.0740000000000000e+004	 -9.5697763207201160e+002	  2.8513598971751628e+002	
  1.0770000000000000e+004	 -9.5692836778324727e+002	  2.8635036127237839e+002	
  1.0800000000000000e+004	 -9.5687910349448305e+002	  2.8756473282724050e+002	
  1.0830000000000000e+004	 -9.5725868014982677e+002	  2.8777212046937348e+002	
  1.0860000000000000e+004	 -9.5881756940146761e+002	  2.8521030235150153e+002	
  1.0890000000000000e+004	 -9.6037645865310833e+002	  2.8264848423362952e+002	
  1.0920000000000000e+004	 -9.5915694881470210e+002	  2.8279727836380323e+002	
  1.0950000000000000e+004	 -9.5738175915828640e+002	  2.8348819494358611e+002	
  1.0980000000000000e+004	 -9.5983594386015102e+002	  2.8617600333830893e+002	
  1.1010000000000000e+004	 -9.6276005904626891e+002	  2.8908568860135836e+002	
  1.1040000000000000e+004	 -9.6568417423238679e+002	  2.9199537386440778e+002	
  1.1070000000000000e+004	 -9.6722391868917600e+002	  2.9470252464428876e+002	
  1.1100000000000000e+004	 -9.6524717846516660e+002	  2.9484135565586968e+002	
  1.1130000000000000e+004	 -9.6205331538882092e+002	  2.9198669971185410e+002	
  1.1160000000000000e+004	 -9.6659547378125205e+002	  2.8968184435431965e+002	
  1.1190000000000000e+004	 -9.6613536744197540e+002	  2.8690941411007043e+002	
  1.1220000000000000e+004	 -9.6558485851279386e+002	  2.8526447546724484e+002	
  1.1250000000000000e+004	 -9.6491613081219759e+002	  2.8509394891858869e+002	
  1.1280000000000000e+004	 -9.6424740311160133e+002	  2.8492342236993250e+002	
  1.1310000000000000e+004	 -9.6357867541100518e+002	  2.8475289582127624e+002	
  1.1340000000000000e+004	 -9.6290994771040891e+002	  2.8458236927262004e+002	
  1.1370000000000000e+004	 -9.6224122000981265e+002	  2.8441184272396384e+002	
  1.1400000000000000e+004	 -9.6157249230921661e+002	  2.8424131617530765e+002	
  1.1430000000000000e+004	 -9.6090376460862024e+002	  2.8407078962665139e+002	
  1.1460000000000000e+004	 -9.6057252088539508e+002	  2.8302037126016660e+002	
  1.1490000000000000e+004	 -9.6046626648041718e+002	  2.8138335834846276e+002	
  1.1520000000000000e+004	 -9.6093303274538482e+002	  2.8298483587360062e+002	
  1.1550000000000000e+004	 -9.6276109347640124e+002	  2.8560789519829689e+002	
  1.1580000000000000e+004	 -9.6027976352598876e+002	  2.7065623473080547e+002	
  1.1610000000000000e+004	 -9.6240390096621263e+002	  2.8800999562727952e+002	
  1.1640000000000000e+004	 -9.5083692057402800e+002	  2.7370576472436039e+002	
  1.1670000000000000e+004	 -9.4000537411060975e+002	  2.4882638720373436e+002	
  1.1700000000000000e+004	 -9.1512313200297081e+002	  2.2684124009167903e+002	
  1.1730000000000000e+004	 -8.8151887873601413e+002	  2.1102995556363260e+002	
  1.1760000000000000e+004	 -8.4650310939562951e+002	  1.9110847280560549e+002	
  1.1790000000000000e+004	 -8.2326463303121977e+002	  1.8014373457763264e+002	
  1.1820000000000000e+004	 -8.1988572627151052e+002	  1.8039910627232621e+002	
  1.1850000000000000e+004	 -8.1672570435501973e+002	  1.8408437254348775e+002	
  1.1880000000000000e+004	 -8.1323948223370598e+002	  1.8682277460770229e+002	
  1.1910000000000000e+004	 -8.1620567174275072e+002	  1.8225290435998292e+002	
  1.1940000000000000e+004	 -8.1947828034337249e+002	  1.8214744044333699e+002	
  1.1970000000000000e+004	 -8.1896329992474807e+002	  1.8392157328395956e+002	
  1.2000000000000000e+004	 -8.1820689852273119e+002	  1.8459637398981025e+002	
  1.2030000000000000e+004	 -8.1897806414738022e+002	  1.7913334151198461e+002	
  1.2060000000000000e+004	 -8.1911006460659178e+002	  1.8058898178536148e+002	
  1.2090000000000000e+004	 -8.1362332916904143e+002	  1.8565394693091446e+002	
  1.2120000000000000e+004	 -8.1604405310655261e+002	  1.8321374100291493e+002	
  1.2150000000000000e+004	 -8.1783384998137217e+002	  1.8206518473756901e+002	
  1.2180000000000000e+004	 -8.1882816406419420e+002	  1.8259273296685404e+002	
  1.2210000000000000e+004	 -8.2020260540618642e+002	  1.8547976364106799e+002	
  1.2240000000000000e+004	 -8.1891739301850293e+002	  1.8216599313187822e+002	
  1.2270000000000000e+004	 -8.1562158491338619e+002	  1.8281533762284826e+002	
  1.2300000000000000e+004	 -1.0387902957196643e+003	  8.0104510220221883e+000	
  1.2330000000000000e+004	 -1.2704319372691182e+003	 -1.5487391642753852e+002	
  1.2360000000000000e+004	 -1.4434413639703405e+003	 -2.6049220122119760e+002	
  1.2390000000000000e+004	 -1.5826170251036997e+003	 -3.4519880669344985e+002	
  1.2420000000000000e+004	 -1.8226975293086045e+003	 -4.2508738318392341e+002	
  1.2450000000000000e+004	 -1.8513392009296556e+003	 -4.2252708469950278e+002	
  1.2480000000000000e+004	 -1.8342241937053971e+003	 -1.3293564917403103e+002	
  1.2510000000000000e+004	 -1.7026237849990630e+003	  8.4544592918987291e+001	
  1.2540000000000000e+004	 -1.4511460691118320e+003	  1.8231442502783949e+002	
  1.2570000000000000e+004	 -1.3495398230813244e+003	  2.1870398266925363e+002	
  1.2600000000000000e+004	 -1.0728998888553192e+003	  2.2890061245147265e+002	
  1.2630000000000000e+004	 -9.5036024755425910e+002	  5.8066263810608530e+002	
  1.2660000000000000e+004	 -9.4365674002757839e+002	  7.7524492861089414e+002	
  1.2690000000000000e+004	 -8.2764499327232261e+002	  1.0023039841770342e+003	
  1.2720000000000000e+004	 -6.0058890128543089e+002	  9.3431706731876545e+002	
  1.2750000000000000e+004	 -4.8993969758004374e+002	  1.0576981512483981e+003	
  1.2780000000000000e+004	 -4.2379404025205304e+002	  1.1677490195538658e+003	
  1.2810000000000000e+004	 -2.4581274494951231e+002	  1.3303731852613316e+003	
  1.2840000000000000e+004	 -1.3114802113914891e+002	  1.5065611648390759e+003	
  1.2870000000000000e+004	 -1.0287637664371431e+002	  1.5550629536048464e+003	
  1.2900000000000000e+004	 -8.0116579706064215e+001	  1.8187731623053064e+003	
  1.2930000000000000e+004	  2.1201508751065401e+001	  1.8256330806748581e+003	
  1.2960000000000000e+004	  2.4156884244892726e+002	  1.7667685934423885e+003	
  1.2990000000000000e+004	  2.6446759005706230e+002	  1.7526861289152450e+003	
  1.3020000000000000e+004	  2.4359055421608736e+002	  1.7333940138032126e+003	
  1.3050000000000000e+004	  2.3864859727871305e+002	  1.7017371442882370e+003	
  1.3080000000000000e+004	  2.6232573288560206e+002	  1.6803184262804814e+003	
  1.3110000000000000e+004	  2.7763371599367730e+002	  1.6548726494614584e+003	
  1.3140000000000000e+004	  3.1092026296725186e+002	  1.6370909500572541e+003	
  1.3170000000000000e+004	  3.2346416015678165e+002	  1.6366132722706493e+003	
  1.3200000000000000e+004	  3.2060823533756832e+002	  1.6693843498537035e+003	
  1.3230000000000000e+004	  3.1598976850560882e+002	  1.6875998758815235e+003	
  1.3260000000000000e+004	  3.1598976850560882e+002	  1.6875998758815235e+003	
  1.3290000000000000e+004	  3.1598976850560882e+002	  1.6875998758815235e+003	
  1.3320000000000000e+004	  3.1598976850560882e+002	  1.6875998758815235e+003	
  1.3350000000000000e+004	  3.1598976850560882e+002	  1.6875998758815235e+003	
  1.3380000000000000e+004	  3.1598976850560882e+002	  1.6875998758815235e+003	
  1.3410000000000000e+004	  3.1598976850560882e+002	  1.6875998758815235e+003	
  1.3440000000000000e+004	  3.1598976850560882e+002	  1.6875998758815235e+003	
  1.3470000000000000e+004	  3.1598976850560882e+002	  1.6875998758815235e+003	
  1.3500000000000000e+004	  3.1598976850560882e+002	  1.6875998758815235e+003	
  1.3530000000000000e+004	  3.1598976850560882e+002	  1.6875998758815235e+003	
  1.3560000000000000e+004	  3.1598976850560882e+002	  1.6875998758815235e+003	
  1.3590000000000000e+004	  3.1598976850560882e+002	  1.6875998758815235e+003	
  1.3620000000000000e+004	  3.1598976850560882e+002	  1.6875998758815235e+003	
  1.3650000000000000e+004	  3.1598976850560882e+002	  1.6875998758815235e+003	
  1.3680000000000000e+004	  2.5207409790114497e+002	  1.6756186430845250e+003	
  1.3710000000000000e+004	  3.0407859880098619e+002	  1.6721726368024190e+003	
  1.3740000000000000e+004	  3.2925986590015992e+002	  1.6819306532442774e+003	
  1.3770000000000000e+004	  2.7853416169314141e+002	  1.7061977806828825e+003	
  1.3800000000000000e+004	  1.4643531476975514e+002	  1.7186759004920293e+003	
  1.3830000000000000e+004	  1.7251273331377735e+002	  1.7079436927601803e+003	
  1.3860000000000000e+004	  1.8838093291905813e+002	  1.7053045922488784e+003	
  1.3890000000000000e+004	  1.8231681497954395e+002	  1.6998977624910358e+003	
  1.3920000000000000e+004	  1.7625269704002977e+002	  1.6944909327331934e+003	
  1.3950000000000000e+004	  1.7018857910051560e+002	  1.6890841029753508e+003	
  1.3980000000000000e+004	  1.6412446116100142e+002	  1.6836772732175082e+003	
  1.4010000000000000e+004	  1.5806034322148724e+002	  1.6782704434596658e+003	
  1.4040000000000000e+004	  2.7114754106055727e+002	  1.6953030196336927e+003	
  1.4070000000000000e+004	  3.2736965961989597e+002	  1.6939672116710385e+003	
  1.4100000000000000e+004	  3.4236222456905301e+002	  1.6936109962143310e+003	
  1.4130000000000000e+004	  3.4236222456905301e+002	  1.6936109962143310e+003	
  1.4160000000000000e+004	  3.4236222456905301e+002	  1.6936109962143310e+003	
  1.4190000000000000e+004	  3.4236222456905301e+002	  1.6936109962143310e+003	
  1.4220000000000000e+004	  3.4236222456905301e+002	  1.6936109962143310e+003	
  1.4250000000000000e+004	  3.4236222456905301e+002	  1.6936109962143310e+003	
  1.4280000000000000e+004	  3.4236222456905301e+002	  1.6936109962143310e+003	
  1.4310000000000000e+004	  3.4236222456905301e+002	  1.6936109962143310e+003	
  1.4340000000000000e+004	  3.4236222456905301e+002	  1.6936109962143310e+003	
  1.4370000000000000e+004	  3.4236222456905301e+002	  1.6936109962143310e+003	
  1.4400000000000000e+004	  3.4236222456905301e+002	  1.6936109962143310e+003	
  1.4430000000000000e+004	  3.4236222456905301e+002	  1.6936109962143310e+003	
  1.4460000000000000e+004	  3.5785994114852269e+002	  1.6959687205778059e+003	
  1.4490000000000000e+004	  3.9760265630447844e+002	  1.7020149253405111e+003	
  1.4520000000000000e+004	  4.3566837931404086e+002	  1.7078261945624133e+003	
  1.4550000000000000e+004	  4.2446247394683132e+002	  1.7071997916267278e+003	
  1.4580000000000000e+004	  4.1215308980727099e+002	  1.7072219079627012e+003	
  1.4610000000000000e+004	  3.9984370566771065e+002	  1.7072440242986750e+003	
  1.4640000000000000e+004	  3.8753432152815037e+002	  1.7072661406346483e+003	
  1.4670000000000000e+004	  3.7522493738859009e+002	  1.7072882569706221e+003	
  1.4700000000000000e+004	  3.6660183075463760e+002	  1.7079880308066167e+003	
  1.4730000000000000e+004	  3.5234025457325532e+002	  1.7075837157229350e+003	
  1.4760000000000000e+004	  3.3663300899646799e+002	  1.7069061335370618e+003	
  1.4790000000000000e+004	  3.1526723161542998e+002	  1.7074143207632424e+003	
  1.4820000000000000e+004	  3.1526723161542998e+002	  1.7074143207632424e+003	
  1.4850000000000000e+004	  3.1526723161542998e+002	  1.7074143207632424e+003	
  1.4880000000000000e+004	  3.1526723161542998e+002	  1.7074143207632424e+003	
  1.4910000000000000e+004	  3.1526723161542998e+002	  1.7074143207632424e+003	
  1.4940000000000000e+004	  3.1526723161542998e+002	  1.7074143207632424e+003	
  1.4970000000000000e+004	  3.1526723161542998e+002	  1.7074143207632424e+003	
  1.5000000000000000e+004	  3.1526723161542998e+002	  1.7074143207632424e+003	
  1.5030000000000000e+004	  3.1526723161542998e+002	  1.7074143207632424e+003	
  1.5060000000000000e+004	  3.1526723161542998e+002	  1.7074143207632424e+003	
  1.5090000000000000e+004	  3.1526723161542998e+002	  1.7074143207632424e+003	
  1.5120000000000000e+004	  3.1526723161542998e+002	  1.7074143207632424e+003	
  1.5150000000000000e+004	  3.1526723161542998e+002	  1.7074143207632424e+003	
  1.5180000000000000e+004	  3.1526723161542998e+002	  1.7074143207632424e+003	
  1.5210000000000000e+004	  3.1526723161542998e+002	  1.7074143207632424e+003	
  1.5240000000000000e+004	  3.1526723161542998e+002	  1.7074143207632424e+003	
  1.5270000000000000e+004	  3.1526723161542998e+002	  1.7074143207632424e+003	
  1.5300000000000000e+004	  3.3655997032130909e+002	  1.7037500977702211e+003	
  1.5330000000000000e+004	  3.4896538024650386e+002	  1.7034254539848084e+003	
  1.5360000000000000e+004	  3.5942705828299910e+002	  1.7035646013470459e+003	
  1.5390000000000000e+004	  3.6602518745929711e+002	  1.7037408524964831e+003	
  1.5420000000000000e+004	  3.5841278901073991e+002	  1.7023891462560812e+003	
  1.5450000000000000e+004	  3.6489519499844494e+002	  1.7053899007647415e+003	
  1.5480000000000000e+004	  3.7842870016845080e+002	  1.7097519775105272e+003	
  1.5510000000000000e+004	  3.8255558861878302e+002	  1.7048901287708456e+003	
  1.5540000000000000e+004	  3.9362597345678608e+002	  1.7007130287870527e+003	
  1.5570000000000000e+004	  3.9712528309553602e+002	  1.7065775207301963e+003	
  1.5600000000000000e+004	  3.8932981289764518e+002	  1.7059456480749097e+003	
  1.5630000000000000e+004	  4.0255183557256333e+002	  1.7047182457020349e+003	
  1.5660000000000000e+004	  4.1145448208515035e+002	  1.7045714525281526e+003	
  1.5690000000000000e+004	  4.2035712859773719e+002	  1.7044246593542703e+003	
  1.5720000000000000e+004	  4.2714700908622422e+002	  1.7041119100529841e+003	
  1.5750000000000000e+004	  4.2020391041806192e+002	  1.7027204459235720e+003	
  1.5780000000000000e+004	  4.1326081174989963e+002	  1.7013289817941604e+003	
  1.5810000000000000e+004	  4.0631771308173728e+002	  1.6999375176647491e+003	
  1.5840000000000000e+004	  4.1305238491259047e+002	  1.7000845134162885e+003	
  1.5870000000000000e+004	  4.0711271016001285e+002	  1.7004478899476960e+003	
  1.5900000000000000e+004	  3.9326963371819664e+002	  1.7008729190407921e+003	
  1.5930000000000000e+004	  3.9050101842983332e+002	  1.7009579248594116e+003	
  1.5960000000000000e+004	  3.9050101842983332e+002	  1.7009579248594116e+003	
  1.5990000000000000e+004	  3.9050101842983332e+002	  1.7009579248594116e+003	
  1.6020000000000000e+004	  3.9050101842983332e+002	  1.7009579248594116e+003	
  1.6050000000000000e+004	  3.9050101842983332e+002	  1.7009579248594116e+003	
  1.6080000000000000e+004	  3.9050101842983332e+002	  1.7009579248594116e+003	
  1.6110000000000000e+004	  3.9050101842983332e+002	  1.7009579248594116e+003	
  1.6140000000000000e+004	  3.9050101842983332e+002	  1.7009579248594116e+003	
  1.6170000000000000e+004	  3.9050101842983332e+002	  1.7009579248594116e+003	
  1.6200000000000000e+004	  3.9050101842983332e+002	  1.7009579248594116e+003	
  1.6230000000000000e+004	  3.5207319274060524e+002	  1.7042490164624976e+003	
  1.6260000000000000e+004	  3.2984010123642224e+002	  1.7060130342429645e+003	
  1.6290000000000000e+004	  3.2797304984753458e+002	  1.7058727187517914e+003	
  1.6320000000000000e+004	  3.2610599845864704e+002	  1.7057324032606180e+003	
  1.6350000000000000e+004	  3.2423894706975938e+002	  1.7055920877694446e+003	
  1.6380000000000000e+004	  3.2321272882303401e+002	  1.7056098119163989e+003	
  1.6410000000000000e+004	  3.2302734371847077e+002	  1.7057855757014813e+003	
  1.6440000000000000e+004	  3.2284195861390754e+002	  1.7059613394865637e+003	
  1.6470000000000000e+004	  3.2265657350934430e+002	  1.7061371032716461e+003	
  1.6500000000000000e+004	  3.2247118840478106e+002	  1.7063128670567285e+003	
  1.6530000000000000e+004	  3.2228580330021782e+002	  1.7064886308418106e+003	
  1.6560000000000000e+004	  3.1501887771593698e+002	  1.7064959541984124e+003	
  1.6590000000000000e+004	  2.8302418110650171e+002	  1.7065237779006225e+003	
  1.6620000000000000e+004	  2.2316430237914750e+002	  1.7091830221472062e+003	
  1.6650000000000000e+004	  1.4391646997869600e+002	  1.7157631002647997e+003	
  1.6680000000000000e+004	  1.3671121606276745e+002	  1.7197148570353415e+003	
  1.6710000000000000e+004	  1.9386570603437801e+002	  1.7177340668611796e+003	
  1.6740000000000000e+004	  1.6997354202375658e+002	  1.7152860277033922e+003	
  1.6770000000000000e+004	  2.2874387549322697e+002	  1.7085052259730537e+003	
  1.6800000000000000e+004	  2.7684393938757557e+002	  1.7079390998963504e+003	
  1.6830000000000000e+004	  2.9737064680394280e+002	  1.7021139117728505e+003	
  1.6860000000000000e+004	  2.3563955119946044e+002	  1.7090284179675650e+003	
  1.6890000000000000e+004	  2.0196498505875019e+002	  1.7153994665986393e+003	
  1.6920000000000000e+004	  2.1215089992089267e+002	  1.7159812825155598e+003	
  1.6950000000000000e+004	  2.4684641476797688e+002	  1.7142613688819349e+003	
  1.6980000000000000e+004	  2.4766437502101047e+002	  1.7137992973336775e+003	
  1.7010000000000000e+004	  2.4848233527404406e+002	  1.7133372257854201e+003	
  1.7040000000000000e+004	  2.4930029552707759e+002	  1.7128751542371626e+003	
  1.7070000000000000e+004	  2.5011825578011116e+002	  1.7124130826889048e+003	
  1.7100000000000000e+004	  2.5343903879324154e+002	  1.7125667059504401e+003	
  1.7130000000000000e+004	  2.6845418758380026e+002	  1.7104477071301299e+003	
  1.7160000000000000e+004	  2.8737230037693843e+002	  1.7058558794400230e+003	
  1.7190000000000000e+004	  3.1385227645370219e+002	  1.7018595969283540e+003	
  1.7220000000000000e+004	  3.6777992115576581e+002	  1.7012123637830107e+003	
  1.7250000000000000e+004	  4.3238945017063423e+002	  1.6968324874436639e+003	
  1.7280000000000000e+004	  4.1179071918653125e+002	  1.6984016551211212e+003	
  1.7310000000000000e+004	  3.9119198820242815e+002	  1.6999708227985786e+003	
  1.7340000000000000e+004	  3.4906208953341815e+002	  1.7042569612158929e+003	
  1.7370000000000000e+004	  2.9846833867568103e+002	  1.7087872291124834e+003	
  1.7400000000000000e+004	  3.1196355085577295e+002	  1.7074318963981716e+003	
  1.7430000000000000e+004	  2.8244788701985664e+002	  1.7084744800945602e+003	
  1.7460000000000000e+004	  2.9170632296663916e+002	  1.7080590896268757e+003	
  1.7490000000000000e+004	  2.9571778743945538e+002	  1.7074952756131956e+003	
  1.7520000000000000e+004	  3.0148491401317608e+002	  1.7068688638237304e+003	
  1.7550000000000000e+004	  3.7541812539549881e+002	  1.7040748037135484e+003	
  1.7580000000000000e+004	  3.5199862697186035e+002	  1.7035230603047685e+003	
  1.7610000000000000e+004	  3.2537485435872969e+002	  1.7010547260387905e+003	
  1.7640000000000000e+004	  2.9410850717743665e+002	  1.7010692421932124e+003	
  1.7670000000000000e+004	  2.9226492693549000e+002	  1.7002942851712457e+003	
  1.7700000000000000e+004	  2.9542408771684399e+002	  1.6991432194123577e+003	
  1.7730000000000000e+004	  2.9858324849819809e+002	  1.6979921536534698e+003	
  1.7760000000000000e+004	  3.0174240927955202e+002	  1.6968410878945815e+003	
  1.7790000000000000e+004	  3.0490157006090612e+002	  1.6956900221356934e+003	
  1.7820000000000000e+004	  3.0806073084226011e+002	  1.6945389563768051e+003	
  1.7850000000000000e+004	  3.1121989162361410e+002	  1.6933878906179173e+003	
  1.7880000000000000e+004	  3.1448018534331078e+002	  1.6922036324341104e+003	
  1.7910000000000000e+004	  3.2002528273978959e+002	  1.6916604160792594e+003	
  1.7940000000000000e+004	  3.2507481131526896e+002	  1.6923434990168005e+003	
  1.7970000000000000e+004	  3.3012433989074839e+002	  1.6930265819543417e+003	
  1.8000000000000000e+004	  3.2179325678637497e+002	  1.6959868225918492e+003	
  1.8030000000000000e+004	  3.3874698647449827e+002	  1.6971317995306990e+003	
  1.8060000000000000e+004	  3.5214997566723230e+002	  1.6935791933377311e+003	
  1.8090000000000000e+004	  3.3638198753449785e+002	  1.6979682654351079e+003	
  1.8120000000000000e+004	  3.3308338854314837e+002	  1.7012684401984768e+003	
  1.8150000000000000e+004	  3.5252285293552882e+002	  1.6946190350590086e+003	
  1.8180000000000000e+004	  3.5997398393410162e+002	  1.6980513109110018e+003	
  1.8210000000000000e+004	  3.4121274591171755e+002	  1.7015043941963679e+003	
  1.8240000000000000e+004	  3.2724924044645780e+002	  1.7036666431280050e+003	
  1.8270000000000000e+004	  3.2213131571308179e+002	  1.7027390010668689e+003	
  1.8300000000000000e+004	  3.2706398100464918e+002	  1.7101886854990437e+003	
  1.8330000000000000e+004	  3.4751027893255366e+002	  1.7081378803981570e+003	
  1.8360000000000000e+004	  3.5036354553976349e+002	  1.7070621930256223e+003	
  1.8390000000000000e+004	  3.4486452799486813e+002	  1.7053647737893484e+003	
  1.8420000000000000e+004	  3.6138292289206925e+002	  1.6983976336077915e+003	
  1.8450000000000000e+004	  3.7409989485435852e+002	  1.6874459223286299e+003	
  1.8480000000000000e+004	  3.6182066652613508e+002	  1.6903591175193878e+003	
  1.8510000000000000e+004	  3.2794958819459896e+002	  1.7084981983878124e+003	
  1.8540000000000000e+004	  3.3920114994493997e+002	  1.7010374360245864e+003	
  1.8570000000000000e+004	  3.3524805549124790e+002	  1.7183918949123292e+003	
  1.8600000000000000e+004	  3.6837502616993345e+002	  1.7257599699079037e+003	
  1.8630000000000000e+004	  3.2864368373460718e+002	  1.7033881876483770e+003	
  1.8660000000000000e+004	  2.8891234129928097e+002	  1.6810164053888504e+003	
  1.8690000000000000e+004	  2.4918099886395478e+002	  1.6586446231293237e+003	
  1.8720000000000000e+004	  2.6087606284433843e+002	  1.6696913154036345e+003	
  1.8750000000000000e+004	  3.3982104290680417e+002	  1.7244390897606561e+003	
  1.8780000000000000e+004	  4.0135707474241821e+002	  1.7602097938644158e+003	
  1.8810000000000000e+004	  4.2150221126974645e+002	  1.7438150099846282e+003	
  1.8840000000000000e+004	  3.9383068814158463e+002	  1.7147092979614849e+003	
  1.8870000000000000e+004	  4.1357992488061893e+002	  1.7219820172118114e+003	
  1.8900000000000000e+004	  4.2837483092608613e+002	  1.7286912398685308e+003	
  1.8930000000000000e+004	  4.5558320433324047e+002	  1.7697608008045154e+003	
  1.8960000000000000e+004	  4.4207182156702123e+002	  1.7729800912406920e+003	
  1.8990000000000000e+004	  3.9543210543318992e+002	  1.7455162259967394e+003	
  1.9020000000000000e+004	  3.9876008147856561e+002	  1.7499447114072623e+003	
  1.9050000000000000e+004	  4.0208805752394136e+002	  1.7543731968177847e+003	
  1.9080000000000000e+004	  4.2129205207160874e+002	  1.7719354229711930e+003	
  1.9110000000000000e+004	  4.1690358602484503e+002	  1.7493932317502085e+003	
  1.9140000000000000e+004	  3.8408852480015270e+002	  1.7558473762319068e+003	
  1.9170000000000000e+004	  4.3523554672379100e+002	  1.7756859523290509e+003	
  1.9200000000000000e+004	  4.3668134235036803e+002	  1.7752943153766143e+003	
  1.9230000000000000e+004	  4.2162413828480396e+002	  1.7707314884404593e+003	
  1.9260000000000000e+004	  4.2487041520660546e+002	  1.7628467270751596e+003	
  1.9290000000000000e+004	  4.3531372358939842e+002	  1.7685133809177023e+003	
  1.9320000000000000e+004	  4.4575703197219138e+002	  1.7741800347602455e+003	
  1.9350000000000000e+004	  4.5620034035498435e+002	  1.7798466886027884e+003	
  1.9380000000000000e+004	  4.6664364873777731e+002	  1.7855133424453311e+003	
  1.9410000000000000e+004	  4.7708695712057022e+002	  1.7911799962878742e+003	
  1.9440000000000000e+004	  4.8753026550336318e+002	  1.7968466501304169e+003	
  1.9470000000000000e+004	  4.9797357388615615e+002	  1.8025133039729599e+003	
  1.9500000000000000e+004	  5.0841688226894905e+002	  1.8081799578155026e+003	
  1.9530000000000000e+004	  4.3363366958951036e+002	  1.7643450628154480e+003	
  1.9560000000000000e+004	  4.0197122464696798e+002	  1.7479337410354328e+003	
  1.9590000000000000e+004	  3.9777150007390878e+002	  1.7479411633893517e+003	
  1.9620000000000000e+004	  3.6443901549087639e+002	  1.7370246655992023e+003	
  1.9650000000000000e+004	  3.3608021334383790e+002	  1.7193376172047879e+003	
  1.9680000000000000e+004	  3.2364641563827519e+002	  1.7080049824996086e+003	
  1.9710000000000000e+004	  3.3957163645197096e+002	  1.7097769677087076e+003	
  1.9740000000000000e+004	  2.6356847507180629e+002	  1.6643346013672506e+003	
  1.9770000000000000e+004	  3.0082946799421779e+002	  1.6987951931474199e+003	
  1.9800000000000000e+004	  3.2121424310724530e+002	  1.6944929703196347e+003	
  1.9830000000000000e+004	  3.6001566647135729e+002	  1.7239063749823074e+003	
  1.9860000000000000e+004	  3.3071139188456976e+002	  1.6743531382012193e+003	
  1.9890000000000000e+004	  3.1961885897921803e+002	  1.6886422082021606e+003	
  1.9920000000000000e+004	  3.1385936607745271e+002	  1.6159574962123995e+003	
  1.9950000000000000e+004	  3.2797930882686796e+002	  1.6705057423262051e+003	
  1.9980000000000000e+004	  3.5951709393810370e+002	  1.7013900967002828e+003	
  2.0010000000000000e+004	  3.9259256443108518e+002	  1.7033717506506268e+003	
  2.0040000000000000e+004	  3.9334914087644665e+002	  1.7139587289291667e+003	
  2.0070000000000000e+004	  3.6568703652876212e+002	  1.7248315625923583e+003	
  2.0100000000000000e+004	  3.8392432116860323e+002	  1.7416291463084549e+003	
  2.0130000000000000e+004	  3.3685824096604716e+002	  1.7172495104345999e+003	
  2.0160000000000000e+004	  3.7499665484358883e+002	  1.7356146495811065e+003	
  2.0190000000000000e+004	  4.2590514657393260e+002	  1.7688613551431533e+003	
  2.0220000000000000e+004	  4.0585484337660006e+002	  1.7563137921686807e+003	
  2.0250000000000000e+004	  3.7605034279443703e+002	  1.7406293384505898e+003	
  2.0280000000000000e+004	  3.4624584221227406e+002	  1.7249448847324986e+003	
  2.0310000000000000e+004	  4.1620255908876135e+002	  1.7316814447026550e+003	
  2.0340000000000000e+004	  4.1374566920591423e+002	  1.7335386822021246e+003	
  2.0370000000000000e+004	  4.1392814664569306e+002	  1.7352188570672524e+003	
  2.0400000000000000e+004	  3.9071927370584336e+002	  1.7200395325286856e+003	
  2.0430000000000000e+004	  3.8370468553304681e+002	  1.7110321257811233e+003	
  2.0460000000000000e+004	  3.4060105801905701e+002	  1.6787024608983754e+003	
  2.0490000000000000e+004	  3.2934373151958795e+002	  1.7163991992223437e+003	
  2.0520000000000000e+004	  3.7853284125970708e+002	  1.7307337436072351e+003	
  2.0550000000000000e+004	  3.6125061638221229e+002	  1.7127725771243913e+003	
  2.0580000000000000e+004	  3.4558782671022470e+002	  1.7121786887655610e+003	
  2.0610000000000000e+004	  3.0899369928113924e+002	  1.6765024157595451e+003	
  2.0640000000000000e+004	  3.3877808013285409e+002	  1.6947446743962930e+003	
  2.0670000000000000e+004	  3.4828207317678238e+002	  1.7099948490977324e+003	
  2.0700000000000000e+004	  3.6156957662409667e+002	  1.7238428681192793e+003	
  2.0730000000000000e+004	  3.2800188289311671e+002	  1.6746870911594622e+003	
  2.0760000000000000e+004	  3.1706927208280194e+002	  1.6640854605806348e+003	
  2.0790000000000000e+004	  3.2695249269619791e+002	  1.6829139537931842e+003	
  2.0820000000000000e+004	  3.3683571330959387e+002	  1.7017424470057338e+003	
  2.0850000000000000e+004	  3.3769587438949338e+002	  1.6910878101306573e+003	
  2.0880000000000000e+004	  3.1426247375931712e+002	  1.6536203273112192e+003	
  2.0910000000000000e+004	  3.3342089684661198e+002	  1.6875776092495121e+003	
  2.0940000000000000e+004	  3.4415525107772459e+002	  1.6909010646192912e+003	
  2.0970000000000000e+004	  3.4695357966640051e+002	  1.6855906930559170e+003	
  2.1000000000000000e+004	  3.2821864577483740e+002	  1.6433847223064317e+003	
  2.1030000000000000e+004	  3.8587819050914339e+002	  1.7410063942523259e+003	
  2.1060000000000000e+004	  4.4740467816732991e+002	  1.8491552393154957e+003	
  2.1090000000000000e+004	  3.6637517781535314e+002	  1.7187408334865308e+003	
  2.1120000000000000e+004	  3.5055847425141462e+002	  1.7046592199429674e+003	
  2.1150000000000000e+004	  3.1000880348379519e+002	  1.6366148764790885e+003	
  2.1180000000000000e+004	  2.6996841618592742e+002	  1.5672537228797676e+003	
  2.1210000000000000e+004	  2.2992802888805969e+002	  1.4978925692804462e+003	
  2.1240000000000000e+004	  1.8988764159019192e+002	  1.4285314156811253e+003	
  2.1270000000000000e+004	  1.9174900382797193e+002	  1.4384470742443623e+003	
  2.1300000000000000e+004	  2.0730440466321167e+002	  1.4696091888267165e+003	
  2.1330000000000000e+004	  2.1449964286720564e+002	  1.4793096795089150e+003	
  2.1360000000000000e+004	  2.2872581546422083e+002	  1.5119414953661774e+003	
  2.1390000000000000e+004	  3.0453366447763244e+002	  1.6557770988415080e+003	
  2.1420000000000000e+004	  3.0682730211386564e+002	  1.6681001883837705e+003	
  2.1450000000000000e+004	  3.4829116634101314e+002	  1.7424466952028611e+003	
  2.1480000000000000e+004	  4.0605386534134300e+002	  1.8438437667981141e+003	
  2.1510000000000000e+004	  4.6381656434167280e+002	  1.9452408383933669e+003	
  2.1540000000000000e+004	  5.2581717357690434e+002	  2.0535567585503745e+003	
  2.1570000000000000e+004	  6.9735832259892425e+002	  2.3408086140248392e+003	
  2.1600000000000000e+004	  6.8439143531517402e+002	  2.3235544667667073e+003	
  2.1630000000000000e+004	  6.8439143531517402e+002	  2.3235544667667073e+003	
  2.1660000000000000e+004	  6.8439143531517402e+002	  2.3235544667667073e+003	
  2.1690000000000000e+004	  6.8439143531517402e+002	  2.3235544667667073e+003	
  2.1720000000000000e+004	  6.8439143531517402e+002	  2.3235544667667073e+003	
  2.1750000000000000e+004	  6.8439143531517402e+002	  2.3235544667667073e+003	
  2.1780000000000000e+004	  6.8439143531517402e+002	  2.3235544667667073e+003	
  2.1810000000000000e+004	  6.8439143531517402e+002	  2.3235544667667073e+003	
  2.1840000000000000e+004	  6.8439143531517402e+002	  2.3235544667667073e+003	
  2.1870000000000000e+004	  6.8439143531517402e+002	  2.3235544667667073e+003	
  2.1900000000000000e+004	  6.8439143531517402e+002	  2.3235544667667073e+003	
  2.1930000000000000e+004	  6.8439143531517402e+002	  2.3235544667667073e+003	
  2.1960000000000000e+004	  6.8439143531517402e+002	  2.3235544667667073e+003	
  2.1990000000000000e+004	  6.8439143531517402e+002	  2.3235544667667073e+003	
  2.2020000000000000e+004	  6.8439143531517402e+002	  2.3235544667667073e+003	
  2.2050000000000000e+004	  6.7904278048092783e+002	  2.3170860386819209e+003	
  2.2080000000000000e+004	  6.5342542912342992e+002	  2.2861055398249546e+003	
  2.2110000000000000e+004	  6.2780807776593213e+002	  2.2551250409679878e+003	
  2.2140000000000000e+004	  6.0219072640843422e+002	  2.2241445421110220e+003	
  2.2170000000000000e+004	  5.7657337505093642e+002	  2.1931640432540557e+003	
  2.2200000000000000e+004	  5.5095602369343851e+002	  2.1621835443970895e+003	
  2.2230000000000000e+004	  5.2533867233594071e+002	  2.1312030455401227e+003	
  2.2260000000000000e+004	  4.9972132097844280e+002	  2.1002225466831565e+003	
  2.2290000000000000e+004	  4.7410396962094501e+002	  2.0692420478261897e+003	
  2.2320000000000000e+004	  4.4848661826344716e+002	  2.0382615489692241e+003	
  2.2350000000000000e+004	  4.2286926690594925e+002	  2.0072810501122574e+003	
  2.2380000000000000e+004	  3.9725191554845139e+002	  1.9763005512552911e+003	
  2.2410000000000000e+004	  3.7163456419095354e+002	  1.9453200523983248e+003	
  2.2440000000000000e+004	  3.4601721283345574e+002	  1.9143395535413583e+003	
  2.2470000000000000e+004	  3.2039986147595789e+002	  1.8833590546843920e+003	
  2.2500000000000000e+004	  2.9478251011845998e+002	  1.8523785558274255e+003	
  2.2530000000000000e+004	  2.6916515876096219e+002	  1.8213980569704590e+003	
  2.2560000000000000e+004	  2.4354780740346433e+002	  1.7904175581134930e+003	
  2.2590000000000000e+004	  2.2883419535492988e+002	  1.7481007182539761e+003	
  2.2620000000000000e+004	  2.1973028105802175e+002	  1.7104421454432199e+003	
  2.2650000000000000e+004	  2.2643669149497302e+002	  1.7017573847536696e+003	
  2.2680000000000000e+004	  2.7928508013195380e+002	  1.7227983423911674e+003	
  2.2710000000000000e+004	  2.8546273089127811e+002	  1.7712361220043847e+003	
  2.2740000000000000e+004	  2.7596355357479672e+002	  1.7410353559135299e+003	
  2.2770000000000000e+004	  2.6899444051013216e+002	  1.7341556267582703e+003	
  2.2800000000000000e+004	  2.6577371715123201e+002	  1.7334625221046408e+003	
  2.2830000000000000e+004	  4.2762116825487254e+002	  1.7084161718355394e+003	
  2.2860000000000000e+004	  5.2118922477132219e+002	  1.6998725823204359e+003	
  2.2890000000000000e+004	  8.0135150685140297e+002	  1.6094107454625166e+003	
  2.2920000000000000e+004	  8.5607336734921932e+002	  1.5475134913056047e+003	
  2.2950000000000000e+004	  8.6675367056569223e+002	  1.3718091648170468e+003	
  2.2980000000000000e+004	  7.4824531026006969e+002	  1.1818862914985782e+003	
  2.3010000000000000e+004	  5.1346714511557786e+002	  1.2599474092730270e+003	
  2.3040000000000000e+004	  4.1389303267695908e+002	  1.1351331080634475e+003	
  2.3070000000000000e+004	  2.4546376089682590e+002	  1.2076005458944185e+003	
  2.3100000000000000e+004	  1.9366939321737428e+002	  1.2484706134480152e+003	
  2.3130000000000000e+004	  2.2099314187989311e+001	  1.3248174493802601e+003	
  2.3160000000000000e+004	 -1.7271374276290706e+002	  1.4152069307778831e+003	
  2.3190000000000000e+004	 -3.5090849056891147e+002	  1.2452034583786858e+003	
  2.3220000000000000e+004	 -4.6853691527899144e+002	  1.1113335178619168e+003	
  2.3250000000000000e+004	 -2.9547869911474061e+002	  9.8185958711461365e+002	
  2.3280000000000000e+004	 -1.9402844760543550e+002	  9.3743394121447852e+002	
  2.3310000000000000e+004	 -2.4957320939935136e+002	  8.1954914000975293e+002	
  2.3340000000000000e+004	 -4.6141092506850117e+002	  5.1977218528351614e+002	
  2.3370000000000000e+004	 -6.4494943258938372e+002	  3.3387263546286050e+002	
  2.3400000000000000e+004	 -6.1797485952414058e+002	  1.2092302573108884e+002	
  2.3430000000000000e+004	 -6.0090501130712050e+002	 -8.8436663222024023e+001	
  2.3460000000000000e+004	 -3.6422518052396794e+002	 -1.5266969461265086e+002	
  2.3490000000000000e+004	 -3.9663883163705935e+002	 -2.3592253504457435e+002	
  2.3520000000000000e+004	 -3.7427198471810311e+002	 -2.4025414257828189e+002	
  2.3550000000000000e+004	 -3.9974603504554722e+002	 -2.3819768981948019e+002	
  2.3580000000000000e+004	 -4.0323986944848480e+002	 -2.3046409166152617e+002	
  2.3610000000000000e+004	 -3.9828459474347682e+002	 -2.3503196180427574e+002	
  2.3640000000000000e+004	 -3.8899954719323568e+002	 -2.4589469076627233e+002	
  2.3670000000000000e+004	 -3.8897696457670872e+002	 -2.4411362029396273e+002	
  2.3700000000000000e+004	 -3.9654097925229433e+002	 -2.3444296692796743e+002	
  2.3730000000000000e+004	 -4.0240447007258814e+002	 -2.3602323839371081e+002	
  2.3760000000000000e+004	 -3.9744996583826219e+002	 -2.2123397822423976e+002	
  2.3790000000000000e+004	 -3.5942083564342937e+002	 -1.2213794105802317e+002	
  2.3820000000000000e+004	 -3.1885735497710755e+002	  9.1841476060778319e+001	
  2.3850000000000000e+004	 -1.9797980727871843e+002	  2.6485604682983274e+002	
  2.3880000000000000e+004	  1.0419722163029648e+002	  2.8389125775224994e+002	
  2.3910000000000000e+004	  7.7084141722045416e+001	  1.2510858162885181e+002	
  2.3940000000000000e+004	 -8.3380668151813371e+000	 -3.3696600269855871e+001	
  2.3970000000000000e+004	  6.9086659414814108e+001	  8.5858226066909708e+001	
  2.4000000000000000e+004	  1.9496545343016300e+002	  2.3491176124279886e+002	
  2.4030000000000000e+004	  2.7263778235799737e+002	  2.7504154973686872e+002	
  2.4060000000000000e+004	  2.5209073993177810e+002	  4.0951260285216432e+002	
  2.4090000000000000e+004	 -1.2863918761394484e+002	  5.3535657437445991e+002	
  2.4120000000000000e+004	 -4.2464301742525669e+002	  5.2440298304680823e+002	
  2.4150000000000000e+004	 -6.7347445003547648e+002	  3.3570936388251118e+002	
  2.4180000000000000e+004	 -7.9562773105448377e+002	  1.9984687254492118e+002	
  2.4210000000000000e+004	 -8.3252474636484158e+002	  1.8881995053486426e+002	
  2.4240000000000000e+004	 -8.6246206478225997e+002	  2.2081730189775016e+002	
  2.4270000000000000e+004	 -8.8406064661114033e+002	  2.6449822695070026e+002	
  2.4300000000000000e+004	 -9.1945187645415263e+002	  2.7543115701610191e+002	
  2.4330000000000000e+004	 -9.5029739744316271e+002	  2.8547898502027431e+002	
  2.4360000000000000e+004	 -9.5544653840232706e+002	  2.8433652875577542e+002	
  2.4390000000000000e+004	 -9.6137553430841456e+002	  2.8746165412539966e+002	
  2.4420000000000000e+004	 -9.5680404794862409e+002	  2.8535183493137527e+002	
  2.4450000000000000e+004	 -9.5516900511450660e+002	  2.8391238848030679e+002	
  2.4480000000000000e+004	 -9.5489591918309179e+002	  2.8462389368380258e+002	
  2.4510000000000000e+004	 -9.5697530426543631e+002	  2.8905067901790932e+002	
  2.4540000000000000e+004	 -9.7679650835362702e+002	  2.8978313200996536e+002	
  2.4570000000000000e+004	 -9.8083646431348586e+002	  3.0566441420308570e+002	
  2.4600000000000000e+004	 -9.6388767517533608e+002	  3.2064817021413666e+002	
  2.4630000000000000e+004	 -9.6097044616023197e+002	  2.8839961704647533e+002	
  2.4660000000000000e+004	 -9.6506179226663130e+002	  2.8785694411077964e+002	
  2.4690000000000000e+004	 -9.6385482870153419e+002	  2.8917377739238805e+002	
  2.4720000000000000e+004	 -9.6454247195137509e+002	  2.9193391934767567e+002	
  2.4750000000000000e+004	 -9.6079638284018836e+002	  2.7754112434384876e+002	
  2.4780000000000000e+004	 -9.6978836271022737e+002	  2.8410461881322351e+002	
  2.4810000000000000e+004	 -9.6797450400154980e+002	  2.9073725668868570e+002	
  2.4840000000000000e+004	 -9.5957711021801265e+002	  2.9645997626679161e+002	
  2.4870000000000000e+004	 -9.6371525637618220e+002	  2.9108638572090149e+002	
  2.4900000000000000e+004	 -9.6072659522272352e+002	  2.9305636480096479e+002	
  2.4930000000000000e+004	 -9.6160153719527182e+002	  2.9239775254240942e+002	
  2.4960000000000000e+004	 -9.6577006656232948e+002	  2.8895327877931425e+002	
  2.4990000000000000e+004	 -9.6805175051544938e+002	  2.9053514676384236e+002	
  2.5020000000000000e+004	 -9.6222246242573453e+002	  2.9084858151182851e+002	
  2.5050000000000000e+004	 -9.6433926241352015e+002	  2.8834394686434388e+002	
  2.5080000000000000e+004	 -9.5335675354311536e+002	  2.9906008154515661e+002	
  2.5110000000000000e+004	 -9.4748875256150018e+002	  3.0596386556202964e+002	
