  0.0000000000000000e+000	 -3.2435540280782425e+002	 -1.1273159644072356e+002	
  3.0000000000000000e+001	 -3.5605654571908889e+002	 -1.0416019977730596e+002	
  6.0000000000000000e+001	 -3.9371858846138804e+002	 -9.3696375592092082e+001	
  9.0000000000000000e+001	 -4.3074842313054461e+002	 -8.7685355650036456e+001	
  1.2000000000000000e+002	 -4.3074842313054461e+002	 -9.0802174624736040e+001	
  1.5000000000000000e+002	 -4.9089930915063735e+002	 -4.1377498425764195e+001	
  1.8000000000000000e+002	 -4.9234438490014622e+002	 -1.5440938296447184e+001	
  2.1000000000000000e+002	 -4.9153152939868772e+002	 -1.4773080611961419e+001	
  2.4000000000000000e+002	 -4.7346288669203074e+002	 -4.3590643951277585e+001	
  2.7000000000000000e+002	 -4.3871435174875285e+002	 -8.6438532338524482e+001	
  3.0000000000000000e+002	 -3.4007049637366339e+002	 -1.6085840924235317e+001	
  3.3000000000000000e+002	 -2.7968477407583134e+002	  1.7660383580660169e+002	
  3.6000000000000000e+002	 -3.2036448708821290e+001	  3.1365744665794062e+002	
  3.9000000000000000e+002	  2.1089730294572320e+002	  3.1862220020468851e+002	
  4.2000000000000000e+002	  2.5757296255215965e+002	  3.9097830994054209e+002	
  4.5000000000000000e+002	  1.3607899526539074e+002	  4.8056630249088710e+002	
  4.8000000000000000e+002	 -3.1792485362346360e+002	  5.2598368267543628e+002	
  5.1000000000000000e+002	 -3.7000143575562544e+002	  5.4521927806821736e+002	
  5.4000000000000000e+002	 -3.6761707589449878e+002	  5.4455136581794704e+002	
  5.7000000000000000e+002	 -3.6685841181413889e+002	  5.4359404649514568e+002	
  6.0000000000000000e+002	 -3.6727387192872067e+002	  5.4397252457594698e+002	
  6.3000000000000000e+002	 -3.6640682995740752e+002	  5.4274803797909226e+002	
  6.6000000000000000e+002	 -3.6689453929367619e+002	  5.4288161854443899e+002	
  6.9000000000000000e+002	 -3.6729193106258583e+002	  5.4346046888007629e+002	
  7.2000000000000000e+002	 -3.6727387192872067e+002	  5.4372763075049340e+002	
  7.5000000000000000e+002	 -3.6767126456649714e+002	  5.4488532207994626e+002	
  7.8000000000000000e+002	 -3.6738225149933470e+002	  5.4294841055876645e+002	
  8.1000000000000000e+002	 -3.6835767275158634e+002	  5.4508569263204822e+002	
  8.4000000000000000e+002	 -3.6897181859750327e+002	  5.5196509754442900e+002	
  8.7000000000000000e+002	 -3.6898988376816607e+002	  5.5207640755105649e+002	
  9.0000000000000000e+002	 -3.6969435821942824e+002	  5.5154209159558752e+002	
  9.3000000000000000e+002	 -3.7050721312076666e+002	  5.4978327365381188e+002	
  9.6000000000000000e+002	 -3.7057946429268929e+002	  5.4635471421677471e+002	
  9.9000000000000000e+002	 -3.7027238780629057e+002	  5.4528607591410673e+002	
  1.0200000000000000e+003	 -3.6991111773542065e+002	  5.4477400490259038e+002	
  1.0500000000000000e+003	 -3.6982079880753361e+002	  5.4544191330140461e+002	
  1.0800000000000000e+003	 -3.6978467161487436e+002	  5.4575359800997080e+002	
  1.1100000000000000e+003	 -3.6969435600055726e+002	  5.4541964956169761e+002	
  1.1400000000000000e+003	 -3.6960404275530675e+002	  5.4479627357514732e+002	
  1.1700000000000000e+003	 -3.6945953944461610e+002	  5.4334915901685588e+002	
  1.2000000000000000e+003	 -3.6933309279501805e+002	  5.4303746414006969e+002	
  1.2300000000000000e+003	 -3.6922470769112954e+002	  5.4326010565437286e+002	
  1.2600000000000000e+003	 -3.6882731003672791e+002	  5.4314877967513223e+002	
  1.2900000000000000e+003	 -3.6850218086638728e+002	  5.4308199035409473e+002	
  1.3200000000000000e+003	 -3.6819510386630066e+002	  5.4297067110734315e+002	
  1.3500000000000000e+003	 -3.6815897416524876e+002	  5.4292614241885872e+002	
  1.3800000000000000e+003	 -3.6853830653757421e+002	  5.4285935565625709e+002	
  1.4100000000000000e+003	 -3.6886343895718699e+002	  5.4263671950070625e+002	
  1.4400000000000000e+003	 -3.6951373188085972e+002	  5.4230277211054522e+002	
  1.4700000000000000e+003	 -3.6962210635267826e+002	  5.4243634909465140e+002	
  1.5000000000000000e+003	 -3.6987498959652248e+002	  5.4192430127242983e+002	
  1.5300000000000000e+003	 -3.7068783805162718e+002	  5.4190202833103672e+002	
  1.5600000000000000e+003	 -3.7103104180217440e+002	  5.4236955746403021e+002	
  1.5900000000000000e+003	 -3.7180777599043006e+002	  5.4312652036016721e+002	
  1.6200000000000000e+003	 -3.7191615553643010e+002	  5.4359404649514568e+002	
  1.6500000000000000e+003	 -3.7337927933063770e+002	  5.4370536436865257e+002	
  1.6800000000000000e+003	 -3.7330703171129790e+002	  5.4388346934285778e+002	
  1.7100000000000000e+003	 -3.7283738199657353e+002	  5.4423968260646336e+002	
  1.7400000000000000e+003	 -3.7260255130589843e+002	  5.4334915901685588e+002	
  1.7700000000000000e+003	 -3.7216903715673317e+002	  5.4274804067309242e+002	
  1.8000000000000000e+003	 -3.7197034259617345e+002	  5.4156807861381515e+002	
  1.8300000000000000e+003	 -3.7095879438365654e+002	  5.4081111860502983e+002	
  1.8600000000000000e+003	 -3.6929696332546621e+002	  5.4063301512731300e+002	
  1.8900000000000000e+003	 -3.6884537331023012e+002	  5.4067754006500456e+002	
  1.9200000000000000e+003	 -3.6958597806184918e+002	  5.4023227499924383e+002	
  1.9500000000000000e+003	 -3.7047107953947409e+002	  5.4027680276571959e+002	
  1.9800000000000000e+003	 -3.7027238780629057e+002	  5.4005416568262297e+002	
  2.0100000000000000e+003	 -3.7023626076511954e+002	  5.3940851922340846e+002	
  2.0400000000000000e+003	 -3.6994724193815193e+002	  5.3896325190959067e+002	
  2.0700000000000000e+003	 -3.6911632827650919e+002	  5.3916362651318059e+002	
  2.1000000000000000e+003	 -3.6826735630875464e+002	  5.3947531127031971e+002	
  2.1300000000000000e+003	 -3.6734612585221237e+002	  5.4021001483875227e+002	
  2.1600000000000000e+003	 -3.6579267694996122e+002	  5.4232503389504029e+002	
  2.1900000000000000e+003	 -3.6537722682393832e+002	  5.4283709092728191e+002	
  2.2200000000000000e+003	 -3.6523271990922075e+002	  5.4303746414006969e+002	
  2.2500000000000000e+003	 -3.6550366491311655e+002	  5.4343821029102696e+002	
  2.2800000000000000e+003	 -3.6559397811820497e+002	  5.4308199035409473e+002	
  2.3100000000000000e+003	 -3.6548559959434562e+002	  5.4268124648388198e+002	
  2.3400000000000000e+003	 -3.6541334422019133e+002	  5.4236955746403021e+002	
  2.3700000000000000e+003	 -3.6550366491311655e+002	  5.4203561211581859e+002	
  2.4000000000000000e+003	 -3.6573848409869134e+002	  5.4152355684154304e+002	
  2.4300000000000000e+003	 -3.6684034919235887e+002	  5.3985379239545978e+002	
  2.4600000000000000e+003	 -3.6685841181413889e+002	  5.3978700151135524e+002	
  2.4900000000000000e+003	 -3.6689453705769893e+002	  5.4018774602859685e+002	
  2.5200000000000000e+003	 -3.6671390091337503e+002	  5.4034359879037640e+002	
  2.5500000000000000e+003	 -3.6664165085125109e+002	  5.3820629663763305e+002	
  2.5800000000000000e+003	 -3.6709323859780460e+002	  5.4003190338347827e+002	
  2.6100000000000000e+003	 -3.6535916361756927e+002	  5.3951984350695659e+002	
  2.6400000000000000e+003	 -3.6546754017650426e+002	  5.4003190197318634e+002	
  2.6700000000000000e+003	 -3.6532303517858207e+002	  5.3996511070251745e+002	
  2.7000000000000000e+003	 -3.6548559896705819e+002	  5.4159033295234099e+002	
  2.7300000000000000e+003	 -3.6653326916465676e+002	  5.4090017438859888e+002	
  2.7600000000000000e+003	 -3.6761707857963142e+002	  5.4277030146965387e+002	
  2.7900000000000000e+003	 -3.6736418410966178e+002	  5.4368310317339080e+002	
  2.8200000000000000e+003	 -3.6783383846727878e+002	  5.4332689254376714e+002	
  2.8500000000000000e+003	 -3.7189808744013510e+002	  5.4049943413294648e+002	
  2.8800000000000000e+003	 -3.7318058129596892e+002	  5.3833988287782381e+002	
  2.9100000000000000e+003	 -3.7782285728822529e+002	  5.3500036482849123e+002	
  2.9400000000000000e+003	 -3.0043954353676088e+002	  5.5577213101839391e+002	
  2.9700000000000000e+003	 -2.4471416248879740e+002	  6.9140088990992774e+002	
  3.0000000000000000e+003	 -1.8613477124469523e+002	  7.6084049232945324e+002	
  3.0300000000000000e+003	 -1.8496067555871383e+002	  7.5705571275378679e+002	
  3.0600000000000000e+003	 -1.8465359344273421e+002	  7.5589801556097746e+002	
  3.0900000000000000e+003	 -1.8494261405300736e+002	  7.5623197022513091e+002	
  3.1200000000000000e+003	 -1.8494261405300736e+002	  7.5545275350833640e+002	
  3.1500000000000000e+003	 -1.8499680873091151e+002	  7.5623196691834778e+002	
  3.1800000000000000e+003	 -1.8452714614760623e+002	  7.5658818207549507e+002	
  3.2100000000000000e+003	 -1.8497870950774328e+002	  7.5732287212737515e+002	
  3.2400000000000000e+003	 -1.4410141069681444e+002	  7.5723382264427278e+002	
  3.2700000000000000e+003	 -6.9897287099458509e+001	  5.3039184656132352e+002	
  3.3000000000000000e+003	  2.1438352268248008e+002	  3.8525661547603829e+002	
  3.3300000000000000e+003	  1.0936333718301371e+002	  1.7696005814174478e+002	
  3.3600000000000000e+003	  2.8945509875762944e+001	  2.1383755610757948e+001	
  3.3900000000000000e+003	  4.2799981550254792e+001	  3.4429711735225588e+001	
  3.4200000000000000e+003	  3.9097063659071594e+001	  3.3873251480423065e+001	
  3.4500000000000000e+003	  2.4104465596818009e+001	  1.4125891225793254e+001	
  3.4800000000000000e+003	  1.0774073544605962e+001	 -8.9840064300037898e+000	
  3.5100000000000000e+003	 -1.5689317590500162e+001	 -2.8464560463226075e+001	
  3.5400000000000000e+003	 -3.2470123020015109e+001	 -5.0505435949553082e+001	
  3.5700000000000000e+003	 -6.7856121921969390e+001	 -5.4824559773293586e+001	
  3.6000000000000000e+003	 -7.0926931629027592e+001	 -6.7492444181446103e+001	
  3.6300000000000000e+003	 -6.7133558658581450e+001	 -6.9985942431033919e+001	
  3.6600000000000000e+003	 -6.7133558658581464e+001	 -6.9985942431033905e+001	
  3.6900000000000000e+003	 -6.7133558658581464e+001	 -6.9985942431033905e+001	
  3.7200000000000000e+003	 -6.7133558658581464e+001	 -6.9985942431033905e+001	
  3.7500000000000000e+003	 -6.7133558658581464e+001	 -6.9985942431033905e+001	
  3.7800000000000000e+003	 -6.7133558658581464e+001	 -6.9985942431033905e+001	
  3.8100000000000000e+003	 -6.7133558658581464e+001	 -6.9985942431033905e+001	
  3.8400000000000000e+003	 -6.7133558658581464e+001	 -6.9985942431033905e+001	
  3.8700000000000000e+003	 -6.7133558658581464e+001	 -6.9985942431033905e+001	
  3.9000000000000000e+003	 -6.7133558658581464e+001	 -6.9985942431033905e+001	
  3.9300000000000000e+003	 -6.7133558658581464e+001	 -6.9985942431033905e+001	
  3.9600000000000000e+003	 -6.7133558658581464e+001	 -6.9985942431033905e+001	
  3.9900000000000000e+003	 -6.7133558658581464e+001	 -6.9985942431033905e+001	
  4.0200000000000000e+003	 -6.7133558658581464e+001	 -6.9985942431033905e+001	
  4.0500000000000000e+003	 -6.7133558658581464e+001	 -6.9985942431033905e+001	
  4.0800000000000000e+003	 -6.7133558658581464e+001	 -6.9985942431033905e+001	
  4.1100000000000000e+003	 -6.7133558658581464e+001	 -6.9985942431033905e+001	
  4.1400000000000000e+003	 -6.7133558658581464e+001	 -6.9985942431033905e+001	
  4.1700000000000000e+003	 -6.7133558658581464e+001	 -6.9985942431033905e+001	
  4.2000000000000000e+003	 -6.7133558658581464e+001	 -6.9985942431033905e+001	
  4.2300000000000000e+003	 -6.7133558658581464e+001	 -6.9985942431033905e+001	
  4.2600000000000000e+003	 -6.7133558658581464e+001	 -6.9985942431033905e+001	
  4.2900000000000000e+003	 -6.7133558658581464e+001	 -6.9985942431033905e+001	
  4.3200000000000000e+003	 -6.7133558658581464e+001	 -6.9985942431033905e+001	
  4.3500000000000000e+003	 -6.7133558658581464e+001	 -6.9985942431033905e+001	
  4.3800000000000000e+003	 -6.7133558658581464e+001	 -6.9985942431033905e+001	
  4.4100000000000000e+003	 -6.7133558658581464e+001	 -6.9985942431033905e+001	
  4.4400000000000000e+003	 -6.7133558658581464e+001	 -6.9985942431033905e+001	
  4.4700000000000000e+003	 -6.7133558658581464e+001	 -6.9985942431033905e+001	
  4.5000000000000000e+003	 -6.7133558658581464e+001	 -6.9985942431033905e+001	
  4.5300000000000000e+003	 -6.7133558658581464e+001	 -6.9985942431033905e+001	
  4.5600000000000000e+003	 -6.7133558658581464e+001	 -6.9985942431033905e+001	
  4.5900000000000000e+003	 -6.7133558658581464e+001	 -6.9985942431033905e+001	
  4.6200000000000000e+003	 -6.7133558658581464e+001	 -6.9985942431033905e+001	
  4.6500000000000000e+003	 -6.7133558658581464e+001	 -6.9985942431033905e+001	
  4.6800000000000000e+003	 -6.7133558658581464e+001	 -6.9985942431033905e+001	
  4.7100000000000000e+003	 -6.7133558658581464e+001	 -6.9985942431033905e+001	
  4.7400000000000000e+003	 -6.7133558658581464e+001	 -6.9985942431033905e+001	
  4.7700000000000000e+003	 -6.7133558658581464e+001	 -6.9985942431033905e+001	
  4.8000000000000000e+003	 -6.7133558658581464e+001	 -6.9985942431033905e+001	
  4.8300000000000000e+003	 -6.7133558658581464e+001	 -6.9985942431033905e+001	
  4.8600000000000000e+003	 -6.7133558658581464e+001	 -6.9985942431033905e+001	
  4.8900000000000000e+003	 -6.7133558658581464e+001	 -6.9985942431033905e+001	
  4.9200000000000000e+003	 -6.7133558658581464e+001	 -6.9985942431033905e+001	
  4.9500000000000000e+003	 -6.7133558658581464e+001	 -6.9985942431033905e+001	
  4.9800000000000000e+003	 -6.7133558658581464e+001	 -6.9985942431033905e+001	
  5.0100000000000000e+003	 -6.7133558658581464e+001	 -6.9985942431033905e+001	
  5.0400000000000000e+003	 -6.7133558658581464e+001	 -6.9985942431033905e+001	
  5.0700000000000000e+003	 -6.7133558658581464e+001	 -6.9985942431033905e+001	
  5.1000000000000000e+003	 -6.7133558658581464e+001	 -6.9985942431033905e+001	
  5.1300000000000000e+003	 -6.7133558658581464e+001	 -6.9985942431033905e+001	
  5.1600000000000000e+003	 -6.7133558658581464e+001	 -6.9985942431033905e+001	
  5.1900000000000000e+003	 -6.7133558658581464e+001	 -6.9985942431033905e+001	
  5.2200000000000000e+003	 -6.7133558658581464e+001	 -6.9985942431033905e+001	
  5.2500000000000000e+003	 -6.7133558658581464e+001	 -6.9985942431033905e+001	
  5.2800000000000000e+003	 -6.7133558658581464e+001	 -6.9985942431033905e+001	
  5.3100000000000000e+003	 -6.7133558658581464e+001	 -6.9985942431033905e+001	
  5.3400000000000000e+003	 -6.7133558658581464e+001	 -6.9985942431033905e+001	
  5.3700000000000000e+003	 -6.7133558658581464e+001	 -6.9985942431033905e+001	
  5.4000000000000000e+003	 -6.7133558658581464e+001	 -6.9985942431033905e+001	
  5.4300000000000000e+003	 -6.7133558658581464e+001	 -6.9985942431033905e+001	
  5.4600000000000000e+003	 -6.7133558658581464e+001	 -6.9985942431033905e+001	
  5.4900000000000000e+003	 -6.7133558658581464e+001	 -6.9985942431033905e+001	
  5.5200000000000000e+003	 -6.7133558658581464e+001	 -6.9985942431033905e+001	
  5.5500000000000000e+003	 -6.7133558658581464e+001	 -6.9985942431033905e+001	
  5.5800000000000000e+003	 -6.7133558658581464e+001	 -6.9985942431033905e+001	
  5.6100000000000000e+003	 -6.7133558658581464e+001	 -6.9985942431033905e+001	
  5.6400000000000000e+003	 -6.7133558658581464e+001	 -6.9985942431033905e+001	
  5.6700000000000000e+003	 -6.7133558658581464e+001	 -6.9985942431033905e+001	
  5.7000000000000000e+003	 -6.7133558658581464e+001	 -6.9985942431033905e+001	
  5.7300000000000000e+003	 -6.7133558658581464e+001	 -6.9985942431033905e+001	
  5.7600000000000000e+003	 -6.7133558658581464e+001	 -6.9985942431033905e+001	
  5.7900000000000000e+003	 -6.7133558658581464e+001	 -6.9985942431033905e+001	
  5.8200000000000000e+003	 -6.7133558658581464e+001	 -6.9985942431033905e+001	
  5.8500000000000000e+003	 -6.7133558658581464e+001	 -6.9985942431033905e+001	
  5.8800000000000000e+003	 -6.7133558658581464e+001	 -6.9985942431033905e+001	
  5.9100000000000000e+003	 -6.7133558658581464e+001	 -6.9985942431033905e+001	
  5.9400000000000000e+003	 -6.7133558658581464e+001	 -6.9985942431033905e+001	
  5.9700000000000000e+003	 -6.7133558658581464e+001	 -6.9985942431033905e+001	
  6.0000000000000000e+003	 -6.7133558658581464e+001	 -6.9985942431033905e+001	
  6.0300000000000000e+003	 -6.7133558658581464e+001	 -6.9985942431033905e+001	
  6.0600000000000000e+003	 -6.7133558658581464e+001	 -6.9985942431033905e+001	
  6.0900000000000000e+003	 -6.7133558658581464e+001	 -6.9985942431033905e+001	
  6.1200000000000000e+003	 -6.7133558658581464e+001	 -6.9985942431033905e+001	
  6.1500000000000000e+003	 -6.7133558658581464e+001	 -6.9985942431033905e+001	
  6.1800000000000000e+003	 -6.7133558658581464e+001	 -6.9985942431033905e+001	
  6.2100000000000000e+003	 -6.7133558658581464e+001	 -6.9985942431033905e+001	
  6.2400000000000000e+003	 -6.7133558658581464e+001	 -6.9985942431033905e+001	
  6.2700000000000000e+003	 -6.7133558658581464e+001	 -6.9985942431033905e+001	
  6.3000000000000000e+003	 -6.7133558658581464e+001	 -6.9985942431033905e+001	
  6.3300000000000000e+003	 -6.7133558658581464e+001	 -6.9985942431033905e+001	
  6.3600000000000000e+003	 -6.7133558658581464e+001	 -6.9985942431033905e+001	
  6.3900000000000000e+003	 -6.7133558658581464e+001	 -6.9985942431033905e+001	
  6.4200000000000000e+003	 -6.7133558658581464e+001	 -6.9985942431033905e+001	
  6.4500000000000000e+003	 -6.7133558658581464e+001	 -6.9985942431033905e+001	
  6.4800000000000000e+003	 -6.7133558658581464e+001	 -6.9985942431033905e+001	
  6.5100000000000000e+003	 -6.7133558658581464e+001	 -6.9985942431033905e+001	
  6.5400000000000000e+003	 -6.7133558658581464e+001	 -6.9985942431033905e+001	
  6.5700000000000000e+003	 -6.7133558658581464e+001	 -6.9985942431033905e+001	
  6.6000000000000000e+003	 -6.7133558658581464e+001	 -6.9985942431033905e+001	
  6.6300000000000000e+003	 -6.7133558658581464e+001	 -6.9985942431033905e+001	
  6.6600000000000000e+003	 -6.7133558658581464e+001	 -6.9985942431033905e+001	
  6.6900000000000000e+003	 -6.7133558658581464e+001	 -6.9985942431033905e+001	
  6.7200000000000000e+003	 -6.7133558658581464e+001	 -6.9985942431033905e+001	
  6.7500000000000000e+003	 -6.7133558658581464e+001	 -6.9985942431033905e+001	
  6.7800000000000000e+003	 -6.7133558658581464e+001	 -6.9985942431033905e+001	
  6.8100000000000000e+003	 -6.7133558658581464e+001	 -6.9985942431033905e+001	
  6.8400000000000000e+003	 -6.7133558658581464e+001	 -6.9985942431033905e+001	
  6.8700000000000000e+003	 -6.7133558658581464e+001	 -6.9985942431033905e+001	
  6.9000000000000000e+003	 -6.7133558658581464e+001	 -6.9985942431033905e+001	
  6.9300000000000000e+003	 -6.7133558658581464e+001	 -6.9985942431033905e+001	
  6.9600000000000000e+003	 -6.7133558658581464e+001	 -6.9985942431033905e+001	
  6.9900000000000000e+003	 -6.7133558658581464e+001	 -6.9985942431033905e+001	
  7.0200000000000000e+003	 -6.7133558658581464e+001	 -6.9985942431033905e+001	
  7.0500000000000000e+003	 -6.7133558658581464e+001	 -6.9985942431033905e+001	
  7.0800000000000000e+003	 -6.7133558658581464e+001	 -6.9985942431033905e+001	
  7.1100000000000000e+003	 -6.7133558658581464e+001	 -6.9985942431033905e+001	
  7.1400000000000000e+003	 -6.7133558658581464e+001	 -6.9985942431033905e+001	
  7.1700000000000000e+003	 -6.7133558658581464e+001	 -6.9985942431033905e+001	
  7.2000000000000000e+003	 -6.7133558658581464e+001	 -6.9985942431033905e+001	
  7.2300000000000000e+003	 -6.7133558658581464e+001	 -6.9985942431033905e+001	
  7.2600000000000000e+003	 -6.7133558658581464e+001	 -6.9985942431033905e+001	
  7.2900000000000000e+003	 -6.7133558658581464e+001	 -6.9985942431033905e+001	
  7.3200000000000000e+003	 -6.7133558658581464e+001	 -6.9985942431033905e+001	
  7.3500000000000000e+003	 -6.7133558658581464e+001	 -6.9985942431033905e+001	
  7.3800000000000000e+003	 -6.7133558658581464e+001	 -6.9985942431033905e+001	
  7.4100000000000000e+003	 -6.7133558658581464e+001	 -6.9985942431033905e+001	
  7.4400000000000000e+003	 -6.7133558658581464e+001	 -6.9985942431033905e+001	
  7.4700000000000000e+003	 -6.7133558658581464e+001	 -6.9985942431033905e+001	
  7.5000000000000000e+003	 -6.7133558658581464e+001	 -6.9985942431033905e+001	
  7.5300000000000000e+003	 -6.7133558658581464e+001	 -6.9985942431033905e+001	
  7.5600000000000000e+003	 -6.7133558658581464e+001	 -6.9985942431033905e+001	
  7.5900000000000000e+003	 -6.7133558658581464e+001	 -6.9985942431033905e+001	
  7.6200000000000000e+003	 -6.7133558658581464e+001	 -6.9985942431033905e+001	
  7.6500000000000000e+003	 -6.7133558658581464e+001	 -6.9985942431033905e+001	
  7.6800000000000000e+003	 -6.7133558658581464e+001	 -6.9985942431033905e+001	
  7.7100000000000000e+003	 -6.7133558658581464e+001	 -6.9985942431033905e+001	
  7.7400000000000000e+003	 -6.7133558658581464e+001	 -6.9985942431033905e+001	
  7.7700000000000000e+003	 -6.7133558658581464e+001	 -6.9985942431033905e+001	
  7.8000000000000000e+003	 -6.7133558658581464e+001	 -6.9985942431033905e+001	
  7.8300000000000000e+003	 -6.7133558658581464e+001	 -6.9985942431033905e+001	
  7.8600000000000000e+003	 -6.7133558658581464e+001	 -6.9985942431033905e+001	
  7.8900000000000000e+003	 -6.7133558658581464e+001	 -6.9985942431033905e+001	
  7.9200000000000000e+003	 -6.7133558658581464e+001	 -6.9985942431033905e+001	
  7.9500000000000000e+003	 -6.7133558658581464e+001	 -6.9985942431033905e+001	
  7.9800000000000000e+003	 -6.7133558658581464e+001	 -6.9985942431033905e+001	
  8.0100000000000000e+003	 -6.7133558658581464e+001	 -6.9985942431033905e+001	
  8.0400000000000000e+003	 -6.7133558658581464e+001	 -6.9985942431033905e+001	
  8.0700000000000000e+003	 -6.7133558658581464e+001	 -6.9985942431033905e+001	
  8.1000000000000000e+003	 -6.7133558658581464e+001	 -6.9985942431033905e+001	
  8.1300000000000000e+003	 -6.7133558658581464e+001	 -6.9985942431033905e+001	
  8.1600000000000000e+003	 -6.7133558658581464e+001	 -6.9985942431033905e+001	
  8.1900000000000000e+003	 -6.7133558658581464e+001	 -6.9985942431033905e+001	
  8.2200000000000000e+003	 -6.7133558658581464e+001	 -6.9985942431033905e+001	
  8.2500000000000000e+003	 -6.7133558658581464e+001	 -6.9985942431033905e+001	
  8.2800000000000000e+003	 -6.7133558658581464e+001	 -6.9985942431033905e+001	
  8.3100000000000000e+003	 -6.7133558658581464e+001	 -6.9985942431033905e+001	
  8.3400000000000000e+003	 -6.7133558658581464e+001	 -6.9985942431033905e+001	
  8.3700000000000000e+003	 -6.7133558658581464e+001	 -6.9985942431033905e+001	
  8.4000000000000000e+003	 -6.7133558658581464e+001	 -6.9985942431033905e+001	
  8.4300000000000000e+003	 -6.7133558658581464e+001	 -6.9985942431033905e+001	
  8.4600000000000000e+003	 -6.7133558658581464e+001	 -6.9985942431033905e+001	
  8.4900000000000000e+003	 -6.7133558658581464e+001	 -6.9985942431033905e+001	
  8.5200000000000000e+003	 -6.7133558658581464e+001	 -6.9985942431033905e+001	
  8.5500000000000000e+003	 -6.7133558658581464e+001	 -6.9985942431033905e+001	
  8.5800000000000000e+003	 -6.7133558658581464e+001	 -6.9985942431033905e+001	
  8.6100000000000000e+003	 -6.7133558658581464e+001	 -6.9985942431033905e+001	
  8.6400000000000000e+003	 -6.7133558658581464e+001	 -6.9985942431033905e+001	
  8.6700000000000000e+003	 -6.7133558658581464e+001	 -6.9985942431033905e+001	
  8.7000000000000000e+003	 -6.7133558658581464e+001	 -6.9985942431033905e+001	
  8.7300000000000000e+003	 -6.7133558658581464e+001	 -6.9985942431033905e+001	
  8.7600000000000000e+003	 -6.7133558658581464e+001	 -6.9985942431033905e+001	
  8.7900000000000000e+003	 -6.7133558658581464e+001	 -6.9985942431033905e+001	
  8.8200000000000000e+003	 -6.7133558658581464e+001	 -6.9985942431033905e+001	
  8.8500000000000000e+003	 -6.7133558658581464e+001	 -6.9985942431033905e+001	
  8.8800000000000000e+003	 -6.7133558658581464e+001	 -6.9985942431033905e+001	
  8.9100000000000000e+003	 -6.7133558658581464e+001	 -6.9985942431033905e+001	
  8.9400000000000000e+003	 -6.7133558658581464e+001	 -6.9985942431033905e+001	
  8.9700000000000000e+003	 -6.7133558658581464e+001	 -6.9985942431033905e+001	
  9.0000000000000000e+003	 -6.7133558658581464e+001	 -6.9985942431033905e+001	
  9.0300000000000000e+003	 -6.7133558658581464e+001	 -6.9985942431033905e+001	
  9.0600000000000000e+003	 -6.7133558658581464e+001	 -6.9985942431033905e+001	
  9.0900000000000000e+003	 -6.7133558658581464e+001	 -6.9985942431033905e+001	
  9.1200000000000000e+003	 -6.7133558658581464e+001	 -6.9985942431033905e+001	
  9.1500000000000000e+003	 -6.7133558658581464e+001	 -6.9985942431033905e+001	
  9.1800000000000000e+003	 -6.7133558658581464e+001	 -6.9985942431033905e+001	
  9.2100000000000000e+003	 -6.7133558658581464e+001	 -6.9985942431033905e+001	
  9.2400000000000000e+003	 -6.7133558658581464e+001	 -6.9985942431033905e+001	
  9.2700000000000000e+003	 -6.7133558658581464e+001	 -6.9985942431033905e+001	
  9.3000000000000000e+003	 -6.7133558658581464e+001	 -6.9985942431033905e+001	
  9.3300000000000000e+003	 -6.7133558658581464e+001	 -6.9985942431033905e+001	
  9.3600000000000000e+003	 -6.7133558658581464e+001	 -6.9985942431033905e+001	
  9.3900000000000000e+003	 -6.7133558658581464e+001	 -6.9985942431033905e+001	
  9.4200000000000000e+003	 -6.7133558658581464e+001	 -6.9985942431033905e+001	
  9.4500000000000000e+003	 -6.7133558658581464e+001	 -6.9985942431033905e+001	
  9.4800000000000000e+003	 -6.7133558658581464e+001	 -6.9985942431033905e+001	
  9.5100000000000000e+003	 -6.7133558658581464e+001	 -6.9985942431033905e+001	
  9.5400000000000000e+003	 -6.7133558658581464e+001	 -6.9985942431033905e+001	
  9.5700000000000000e+003	 -6.7133558658581464e+001	 -6.9985942431033905e+001	
  9.6000000000000000e+003	 -6.7133558658581464e+001	 -6.9985942431033905e+001	
  9.6300000000000000e+003	 -6.7133558658581464e+001	 -6.9985942431033905e+001	
  9.6600000000000000e+003	 -6.7133558658581464e+001	 -6.9985942431033905e+001	
  9.6900000000000000e+003	 -6.7133558658581464e+001	 -6.9985942431033905e+001	
  9.7200000000000000e+003	 -6.7133558658581464e+001	 -6.9985942431033905e+001	
  9.7500000000000000e+003	 -6.7133558658581464e+001	 -6.9985942431033905e+001	
  9.7800000000000000e+003	 -6.7133558658581464e+001	 -6.9985942431033905e+001	
  9.8100000000000000e+003	 -6.7133558658581464e+001	 -6.9985942431033905e+001	
  9.8400000000000000e+003	 -6.7133558658581464e+001	 -6.9985942431033905e+001	
  9.8700000000000000e+003	 -6.7133558658581464e+001	 -6.9985942431033905e+001	
  9.9000000000000000e+003	 -6.7133558658581464e+001	 -6.9985942431033905e+001	
  9.9300000000000000e+003	 -6.7133558658581464e+001	 -6.9985942431033905e+001	
  9.9600000000000000e+003	 -6.7133558658581464e+001	 -6.9985942431033905e+001	
  9.9900000000000000e+003	 -6.7133558658581464e+001	 -6.9985942431033905e+001	
  1.0020000000000000e+004	 -6.7133558658581464e+001	 -6.9985942431033905e+001	
  1.0050000000000000e+004	 -6.7133558658581464e+001	 -6.9985942431033905e+001	
  1.0080000000000000e+004	 -6.7133558658581464e+001	 -6.9985942431033905e+001	
  1.0110000000000000e+004	 -6.7133558658581464e+001	 -6.9985942431033905e+001	
  1.0140000000000000e+004	 -6.7133558658581464e+001	 -6.9985942431033905e+001	
  1.0170000000000000e+004	 -6.7133558658581464e+001	 -6.9985942431033905e+001	
  1.0200000000000000e+004	 -6.7133558658581464e+001	 -6.9985942431033905e+001	
  1.0230000000000000e+004	 -6.7133558658581464e+001	 -6.9985942431033905e+001	
  1.0260000000000000e+004	 -6.7133558658581464e+001	 -6.9985942431033905e+001	
  1.0290000000000000e+004	 -6.7133558658581464e+001	 -6.9985942431033905e+001	
  1.0320000000000000e+004	 -6.7133558658581464e+001	 -6.9985942431033905e+001	
  1.0350000000000000e+004	 -6.7133558658581464e+001	 -6.9985942431033905e+001	
  1.0380000000000000e+004	 -6.7133558658581464e+001	 -6.9985942431033905e+001	
  1.0410000000000000e+004	 -6.7133558658581464e+001	 -6.9985942431033905e+001	
  1.0440000000000000e+004	 -6.7133558658581464e+001	 -6.9985942431033905e+001	
  1.0470000000000000e+004	 -6.7133558658581464e+001	 -6.9985942431033905e+001	
  1.0500000000000000e+004	 -6.7133558658581464e+001	 -6.9985942431033905e+001	
  1.0530000000000000e+004	 -6.7133558658581464e+001	 -6.9985942431033905e+001	
  1.0560000000000000e+004	 -6.7133558658581464e+001	 -6.9985942431033905e+001	
  1.0590000000000000e+004	 -6.7133558658581464e+001	 -6.9985942431033905e+001	
  1.0620000000000000e+004	 -6.7133558658581464e+001	 -6.9985942431033905e+001	
  1.0650000000000000e+004	 -6.7133558658581464e+001	 -6.9985942431033905e+001	
  1.0680000000000000e+004	 -6.7133558658581464e+001	 -6.9985942431033905e+001	
  1.0710000000000000e+004	 -6.7133558658581464e+001	 -6.9985942431033905e+001	
  1.0740000000000000e+004	 -6.7133558658581464e+001	 -6.9985942431033905e+001	
  1.0770000000000000e+004	 -6.7133558658581464e+001	 -6.9985942431033905e+001	
  1.0800000000000000e+004	 -6.7133558658581464e+001	 -6.9985942431033905e+001	
  1.0830000000000000e+004	 -6.7133558658581464e+001	 -6.9985942431033905e+001	
  1.0860000000000000e+004	 -6.7133558658581464e+001	 -6.9985942431033905e+001	
  1.0890000000000000e+004	 -6.7133558658581464e+001	 -6.9985942431033905e+001	
  1.0920000000000000e+004	 -6.7133558658581464e+001	 -6.9985942431033905e+001	
  1.0950000000000000e+004	 -6.7133558658581464e+001	 -6.9985942431033905e+001	
  1.0980000000000000e+004	 -6.7133558658581464e+001	 -6.9985942431033905e+001	
  1.1010000000000000e+004	 -6.7133558658581464e+001	 -6.9985942431033905e+001	
  1.1040000000000000e+004	 -6.7133558658581464e+001	 -6.9985942431033905e+001	
  1.1070000000000000e+004	 -6.7133558658581464e+001	 -6.9985942431033905e+001	
  1.1100000000000000e+004	 -6.7133558658581464e+001	 -6.9985942431033905e+001	
  1.1130000000000000e+004	 -6.7133558658581464e+001	 -6.9985942431033905e+001	
  1.1160000000000000e+004	 -6.7133558658581464e+001	 -6.9985942431033905e+001	
  1.1190000000000000e+004	 -6.7133558658581464e+001	 -6.9985942431033905e+001	
  1.1220000000000000e+004	 -6.7133558658581464e+001	 -6.9985942431033905e+001	
  1.1250000000000000e+004	 -6.7133558658581464e+001	 -6.9985942431033905e+001	
  1.1280000000000000e+004	 -6.7133558658581464e+001	 -6.9985942431033905e+001	
  1.1310000000000000e+004	 -6.7133558658581464e+001	 -6.9985942431033905e+001	
  1.1340000000000000e+004	 -6.7133558658581464e+001	 -6.9985942431033905e+001	
  1.1370000000000000e+004	 -6.7133558658581464e+001	 -6.9985942431033905e+001	
  1.1400000000000000e+004	 -6.7133558658581464e+001	 -6.9985942431033905e+001	
  1.1430000000000000e+004	 -6.7133558658581464e+001	 -6.9985942431033905e+001	
  1.1460000000000000e+004	 -6.7133558658581464e+001	 -6.9985942431033905e+001	
  1.1490000000000000e+004	 -6.7133558658581464e+001	 -6.9985942431033905e+001	
  1.1520000000000000e+004	 -6.7133558658581464e+001	 -6.9985942431033905e+001	
  1.1550000000000000e+004	 -6.7133558658581464e+001	 -6.9985942431033905e+001	
  1.1580000000000000e+004	 -6.7133558658581464e+001	 -6.9985942431033905e+001	
  1.1610000000000000e+004	 -6.7133558658581464e+001	 -6.9985942431033905e+001	
  1.1640000000000000e+004	 -6.7133558658581464e+001	 -6.9985942431033905e+001	
  1.1670000000000000e+004	 -6.7133558658581464e+001	 -6.9985942431033905e+001	
  1.1700000000000000e+004	 -6.7133558658581464e+001	 -6.9985942431033905e+001	
  1.1730000000000000e+004	 -6.7133558658581464e+001	 -6.9985942431033905e+001	
  1.1760000000000000e+004	 -6.7133558658581464e+001	 -6.9985942431033905e+001	
  1.1790000000000000e+004	 -6.7133558658581464e+001	 -6.9985942431033905e+001	
  1.1820000000000000e+004	 -6.7133558658581464e+001	 -6.9985942431033905e+001	
  1.1850000000000000e+004	 -6.7133558658581464e+001	 -6.9985942431033905e+001	
  1.1880000000000000e+004	 -6.7133558658581464e+001	 -6.9985942431033905e+001	
  1.1910000000000000e+004	 -6.7133558658581464e+001	 -6.9985942431033905e+001	
  1.1940000000000000e+004	 -6.7133558658581464e+001	 -6.9985942431033905e+001	
  1.1970000000000000e+004	 -6.7133558658581464e+001	 -6.9985942431033905e+001	
  1.2000000000000000e+004	 -6.7133558658581464e+001	 -6.9985942431033905e+001	
  1.2030000000000000e+004	 -6.7133558658581464e+001	 -6.9985942431033905e+001	
  1.2060000000000000e+004	 -6.7133558658581464e+001	 -6.9985942431033905e+001	
  1.2090000000000000e+004	 -6.7133558658581464e+001	 -6.9985942431033905e+001	
  1.2120000000000000e+004	 -6.7133558658581464e+001	 -6.9985942431033905e+001	
  1.2150000000000000e+004	 -6.7133558658581464e+001	 -6.9985942431033905e+001	
  1.2180000000000000e+004	 -6.7133558658581464e+001	 -6.9985942431033905e+001	
  1.2210000000000000e+004	 -6.7133558658581464e+001	 -6.9985942431033905e+001	
  1.2240000000000000e+004	 -6.7133558658581464e+001	 -6.9985942431033905e+001	
  1.2270000000000000e+004	 -6.7133558658581464e+001	 -6.9985942431033905e+001	
  1.2300000000000000e+004	 -6.7133558658581464e+001	 -6.9985942431033905e+001	
  1.2330000000000000e+004	 -6.7133558658581464e+001	 -6.9985942431033905e+001	
  1.2360000000000000e+004	 -6.7133558658581464e+001	 -6.9985942431033905e+001	
  1.2390000000000000e+004	 -6.7133558658581464e+001	 -6.9985942431033905e+001	
  1.2420000000000000e+004	 -6.7133558658581464e+001	 -6.9985942431033905e+001	
  1.2450000000000000e+004	 -6.7133558658581464e+001	 -6.9985942431033905e+001	
  1.2480000000000000e+004	 -6.7133558658581464e+001	 -6.9985942431033905e+001	
  1.2510000000000000e+004	 -6.7133558658581464e+001	 -6.9985942431033905e+001	
  1.2540000000000000e+004	 -6.7133558658581464e+001	 -6.9985942431033905e+001	
  1.2570000000000000e+004	 -6.7133558658581464e+001	 -6.9985942431033905e+001	
  1.2600000000000000e+004	 -6.7133558658581464e+001	 -6.9985942431033905e+001	
  1.2630000000000000e+004	 -6.7133558658581464e+001	 -6.9985942431033905e+001	
  1.2660000000000000e+004	 -6.7133558658581464e+001	 -6.9985942431033905e+001	
  1.2690000000000000e+004	 -6.7133558658581464e+001	 -6.9985942431033905e+001	
  1.2720000000000000e+004	 -6.7133558658581464e+001	 -6.9985942431033905e+001	
  1.2750000000000000e+004	 -6.7133558658581464e+001	 -6.9985942431033905e+001	
  1.2780000000000000e+004	 -6.7133558658581464e+001	 -6.9985942431033905e+001	
  1.2810000000000000e+004	 -6.7133558658581464e+001	 -6.9985942431033905e+001	
  1.2840000000000000e+004	 -6.7133558658581464e+001	 -6.9985942431033905e+001	
  1.2870000000000000e+004	 -6.7133558658581464e+001	 -6.9985942431033905e+001	
  1.2900000000000000e+004	 -6.7133558658581464e+001	 -6.9985942431033905e+001	
  1.2930000000000000e+004	 -6.7133558658581464e+001	 -6.9985942431033905e+001	
  1.2960000000000000e+004	 -6.7133558658581464e+001	 -6.9985942431033905e+001	
  1.2990000000000000e+004	 -6.7133558658581464e+001	 -6.9985942431033905e+001	
  1.3020000000000000e+004	 -6.7133558658581464e+001	 -6.9985942431033905e+001	
  1.3050000000000000e+004	 -6.7133558658581464e+001	 -6.9985942431033905e+001	
  1.3080000000000000e+004	 -6.7133558658581464e+001	 -6.9985942431033905e+001	
  1.3110000000000000e+004	 -6.7133558658581464e+001	 -6.9985942431033905e+001	
  1.3140000000000000e+004	 -6.7133558658581464e+001	 -6.9985942431033905e+001	
  1.3170000000000000e+004	 -6.7133558658581464e+001	 -6.9985942431033905e+001	
  1.3200000000000000e+004	 -6.7133558658581464e+001	 -6.9985942431033905e+001	
  1.3230000000000000e+004	 -6.7133558658581464e+001	 -6.9985942431033905e+001	
  1.3260000000000000e+004	 -6.7133558658581464e+001	 -6.9985942431033905e+001	
  1.3290000000000000e+004	 -6.7133558658581464e+001	 -6.9985942431033905e+001	
  1.3320000000000000e+004	 -6.7133558658581464e+001	 -6.9985942431033905e+001	
  1.3350000000000000e+004	 -6.7133558658581464e+001	 -6.9985942431033905e+001	
  1.3380000000000000e+004	 -6.7133558658581464e+001	 -6.9985942431033905e+001	
  1.3410000000000000e+004	 -6.7133558658581464e+001	 -6.9985942431033905e+001	
  1.3440000000000000e+004	 -6.7133558658581464e+001	 -6.9985942431033905e+001	
  1.3470000000000000e+004	 -6.7133558658581464e+001	 -6.9985942431033905e+001	
  1.3500000000000000e+004	 -6.7133558658581464e+001	 -6.9985942431033905e+001	
  1.3530000000000000e+004	 -6.7133558658581464e+001	 -6.9985942431033905e+001	
  1.3560000000000000e+004	 -6.7133558658581464e+001	 -6.9985942431033905e+001	
  1.3590000000000000e+004	 -6.7133558658581464e+001	 -6.9985942431033905e+001	
  1.3620000000000000e+004	 -6.7133558658581464e+001	 -6.9985942431033905e+001	
  1.3650000000000000e+004	 -6.7133558658581464e+001	 -6.9985942431033905e+001	
  1.3680000000000000e+004	 -6.7133558658581464e+001	 -6.9985942431033905e+001	
  1.3710000000000000e+004	 -6.7133558658581464e+001	 -6.9985942431033905e+001	
  1.3740000000000000e+004	 -6.7133558658581464e+001	 -6.9985942431033905e+001	
  1.3770000000000000e+004	 -6.7133558658581464e+001	 -6.9985942431033905e+001	
  1.3800000000000000e+004	 -6.7133558658581464e+001	 -6.9985942431033905e+001	
  1.3830000000000000e+004	 -6.7133558658581464e+001	 -6.9985942431033905e+001	
  1.3860000000000000e+004	 -6.7133558658581464e+001	 -6.9985942431033905e+001	
  1.3890000000000000e+004	 -6.7133558658581464e+001	 -6.9985942431033905e+001	
  1.3920000000000000e+004	 -6.7133558658581464e+001	 -6.9985942431033905e+001	
  1.3950000000000000e+004	 -6.7133558658581464e+001	 -6.9985942431033905e+001	
  1.3980000000000000e+004	 -6.7133558658581464e+001	 -6.9985942431033905e+001	
  1.4010000000000000e+004	 -6.7133558658581464e+001	 -6.9985942431033905e+001	
  1.4040000000000000e+004	 -6.7133558658581464e+001	 -6.9985942431033905e+001	
  1.4070000000000000e+004	 -6.7133558658581464e+001	 -6.9985942431033905e+001	
  1.4100000000000000e+004	 -6.7133558658581464e+001	 -6.9985942431033905e+001	
  1.4130000000000000e+004	 -6.7133558658581464e+001	 -6.9985942431033905e+001	
  1.4160000000000000e+004	 -6.7133558658581464e+001	 -6.9985942431033905e+001	
  1.4190000000000000e+004	 -6.7133558658581464e+001	 -6.9985942431033905e+001	
  1.4220000000000000e+004	 -6.7133558658581464e+001	 -6.9985942431033905e+001	
  1.4250000000000000e+004	 -6.7133558658581464e+001	 -6.9985942431033905e+001	
  1.4280000000000000e+004	 -6.7133558658581464e+001	 -6.9985942431033905e+001	
  1.4310000000000000e+004	 -6.7133558658581464e+001	 -6.9985942431033905e+001	
  1.4340000000000000e+004	 -6.7133558658581464e+001	 -6.9985942431033905e+001	
  1.4370000000000000e+004	 -6.7133558658581464e+001	 -6.9985942431033905e+001	
  1.4400000000000000e+004	 -6.7133558658581464e+001	 -6.9985942431033905e+001	
  1.4430000000000000e+004	 -6.7133558658581464e+001	 -6.9985942431033905e+001	
  1.4460000000000000e+004	 -6.7133558658581464e+001	 -6.9985942431033905e+001	
  1.4490000000000000e+004	 -6.7133558658581464e+001	 -6.9985942431033905e+001	
  1.4520000000000000e+004	 -6.7133558658581464e+001	 -6.9985942431033905e+001	
  1.4550000000000000e+004	 -6.7133558658581464e+001	 -6.9985942431033905e+001	
  1.4580000000000000e+004	 -6.7133558658581464e+001	 -6.9985942431033905e+001	
  1.4610000000000000e+004	 -6.7133558658581464e+001	 -6.9985942431033905e+001	
  1.4640000000000000e+004	 -6.7133558658581464e+001	 -6.9985942431033905e+001	
  1.4670000000000000e+004	 -6.7133558658581464e+001	 -6.9985942431033905e+001	
  1.4700000000000000e+004	 -6.7133558658581464e+001	 -6.9985942431033905e+001	
  1.4730000000000000e+004	 -6.7133558658581464e+001	 -6.9985942431033905e+001	
  1.4760000000000000e+004	 -6.7133558658581464e+001	 -6.9985942431033905e+001	
  1.4790000000000000e+004	 -6.7133558658581464e+001	 -6.9985942431033905e+001	
  1.4820000000000000e+004	 -6.7133558658581464e+001	 -6.9985942431033905e+001	
  1.4850000000000000e+004	 -6.7133558658581464e+001	 -6.9985942431033905e+001	
  1.4880000000000000e+004	 -6.7133558658581464e+001	 -6.9985942431033905e+001	
  1.4910000000000000e+004	 -6.7133558658581464e+001	 -6.9985942431033905e+001	
  1.4940000000000000e+004	 -6.7133558658581464e+001	 -6.9985942431033905e+001	
  1.4970000000000000e+004	 -6.7133558658581464e+001	 -6.9985942431033905e+001	
  1.5000000000000000e+004	 -6.7133558658581464e+001	 -6.9985942431033905e+001	
  1.5030000000000000e+004	 -6.7133558658581464e+001	 -6.9985942431033905e+001	
  1.5060000000000000e+004	 -6.7133558658581464e+001	 -6.9985942431033905e+001	
  1.5090000000000000e+004	 -6.7133558658581464e+001	 -6.9985942431033905e+001	
  1.5120000000000000e+004	 -6.7133558658581464e+001	 -6.9985942431033905e+001	
  1.5150000000000000e+004	 -6.7133558658581464e+001	 -6.9985942431033905e+001	
  1.5180000000000000e+004	 -6.7133558658581464e+001	 -6.9985942431033905e+001	
  1.5210000000000000e+004	 -6.7133558658581464e+001	 -6.9985942431033905e+001	
  1.5240000000000000e+004	 -6.7133558658581464e+001	 -6.9985942431033905e+001	
  1.5270000000000000e+004	 -6.7133558658581464e+001	 -6.9985942431033905e+001	
  1.5300000000000000e+004	 -6.7133558658581464e+001	 -6.9985942431033905e+001	
  1.5330000000000000e+004	 -6.7133558658581464e+001	 -6.9985942431033905e+001	
  1.5360000000000000e+004	 -6.7133558658581464e+001	 -6.9985942431033905e+001	
  1.5390000000000000e+004	 -6.7133558658581464e+001	 -6.9985942431033905e+001	
  1.5420000000000000e+004	 -6.7133558658581464e+001	 -6.9985942431033905e+001	
  1.5450000000000000e+004	 -6.7133558658581464e+001	 -6.9985942431033905e+001	
  1.5480000000000000e+004	 -6.7133558658581464e+001	 -6.9985942431033905e+001	
  1.5510000000000000e+004	 -6.7133558658581464e+001	 -6.9985942431033905e+001	
  1.5540000000000000e+004	 -6.7133558658581464e+001	 -6.9985942431033905e+001	
  1.5570000000000000e+004	 -6.7133558658581464e+001	 -6.9985942431033905e+001	
  1.5600000000000000e+004	 -6.7133558658581464e+001	 -6.9985942431033905e+001	
  1.5630000000000000e+004	 -6.7133558658581464e+001	 -6.9985942431033905e+001	
  1.5660000000000000e+004	 -6.7133558658581464e+001	 -6.9985942431033905e+001	
  1.5690000000000000e+004	 -6.7133558658581464e+001	 -6.9985942431033905e+001	
  1.5720000000000000e+004	 -6.7133558658581464e+001	 -6.9985942431033905e+001	
  1.5750000000000000e+004	 -6.7133558658581464e+001	 -6.9985942431033905e+001	
  1.5780000000000000e+004	 -6.7133558658581464e+001	 -6.9985942431033905e+001	
  1.5810000000000000e+004	 -6.7133558658581464e+001	 -6.9985942431033905e+001	
  1.5840000000000000e+004	 -6.7133558658581464e+001	 -6.9985942431033905e+001	
  1.5870000000000000e+004	 -6.7133558658581464e+001	 -6.9985942431033905e+001	
  1.5900000000000000e+004	 -6.7133558658581464e+001	 -6.9985942431033905e+001	
  1.5930000000000000e+004	 -6.7133558658581464e+001	 -6.9985942431033905e+001	
  1.5960000000000000e+004	 -6.7133558658581464e+001	 -6.9985942431033905e+001	
  1.5990000000000000e+004	 -6.7133558658581464e+001	 -6.9985942431033905e+001	
  1.6020000000000000e+004	 -6.7133558658581464e+001	 -6.9985942431033905e+001	
  1.6050000000000000e+004	 -6.7133558658581464e+001	 -6.9985942431033905e+001	
  1.6080000000000000e+004	 -6.7133558658581464e+001	 -6.9985942431033905e+001	
  1.6110000000000000e+004	 -6.7133558658581464e+001	 -6.9985942431033905e+001	
  1.6140000000000000e+004	 -6.7133558658581464e+001	 -6.9985942431033905e+001	
  1.6170000000000000e+004	 -6.7133558658581464e+001	 -6.9985942431033905e+001	
  1.6200000000000000e+004	 -6.7133558658581464e+001	 -6.9985942431033905e+001	
  1.6230000000000000e+004	 -6.7133558658581464e+001	 -6.9985942431033905e+001	
  1.6260000000000000e+004	 -6.7133558658581464e+001	 -6.9985942431033905e+001	
  1.6290000000000000e+004	 -6.7133558658581464e+001	 -6.9985942431033905e+001	
  1.6320000000000000e+004	 -6.7133558658581464e+001	 -6.9985942431033905e+001	
  1.6350000000000000e+004	 -6.7133558658581464e+001	 -6.9985942431033905e+001	
  1.6380000000000000e+004	 -6.7133558658581464e+001	 -6.9985942431033905e+001	
  1.6410000000000000e+004	 -6.7133558658581464e+001	 -6.9985942431033905e+001	
  1.6440000000000000e+004	 -6.7133558658581464e+001	 -6.9985942431033905e+001	
  1.6470000000000000e+004	 -6.7133558658581464e+001	 -6.9985942431033905e+001	
  1.6500000000000000e+004	 -6.7133558658581464e+001	 -6.9985942431033905e+001	
  1.6530000000000000e+004	 -6.7133558658581464e+001	 -6.9985942431033905e+001	
  1.6560000000000000e+004	 -6.7133558658581464e+001	 -6.9985942431033905e+001	
  1.6590000000000000e+004	 -6.7133558658581464e+001	 -6.9985942431033905e+001	
  1.6620000000000000e+004	 -6.7133558658581464e+001	 -6.9985942431033905e+001	
  1.6650000000000000e+004	 -6.7133558658581464e+001	 -6.9985942431033905e+001	
  1.6680000000000000e+004	 -6.7133558658581464e+001	 -6.9985942431033905e+001	
  1.6710000000000000e+004	 -6.7133558658581464e+001	 -6.9985942431033905e+001	
  1.6740000000000000e+004	 -6.7133558658581464e+001	 -6.9985942431033905e+001	
  1.6770000000000000e+004	 -6.7133558658581464e+001	 -6.9985942431033905e+001	
  1.6800000000000000e+004	 -6.7133558658581464e+001	 -6.9985942431033905e+001	
  1.6830000000000000e+004	 -6.7133558658581464e+001	 -6.9985942431033905e+001	
  1.6860000000000000e+004	 -6.7133558658581464e+001	 -6.9985942431033905e+001	
  1.6890000000000000e+004	 -6.7133558658581464e+001	 -6.9985942431033905e+001	
  1.6920000000000000e+004	 -6.7133558658581464e+001	 -6.9985942431033905e+001	
  1.6950000000000000e+004	 -6.7133558658581464e+001	 -6.9985942431033905e+001	
  1.6980000000000000e+004	 -6.7133558658581464e+001	 -6.9985942431033905e+001	
  1.7010000000000000e+004	 -6.7133558658581464e+001	 -6.9985942431033905e+001	
  1.7040000000000000e+004	 -6.7133558658581464e+001	 -6.9985942431033905e+001	
  1.7070000000000000e+004	 -6.7133558658581464e+001	 -6.9985942431033905e+001	
  1.7100000000000000e+004	 -6.7133558658581464e+001	 -6.9985942431033905e+001	
  1.7130000000000000e+004	 -6.7133558658581464e+001	 -6.9985942431033905e+001	
  1.7160000000000000e+004	 -6.7133558658581464e+001	 -6.9985942431033905e+001	
  1.7190000000000000e+004	 -6.7133558658581464e+001	 -6.9985942431033905e+001	
  1.7220000000000000e+004	 -6.7133558658581464e+001	 -6.9985942431033905e+001	
  1.7250000000000000e+004	 -6.7133558658581464e+001	 -6.9985942431033905e+001	
  1.7280000000000000e+004	 -6.7133558658581464e+001	 -6.9985942431033905e+001	
  1.7310000000000000e+004	 -6.7133558658581464e+001	 -6.9985942431033905e+001	
  1.7340000000000000e+004	 -6.7133558658581464e+001	 -6.9985942431033905e+001	
  1.7370000000000000e+004	 -6.7133558658581464e+001	 -6.9985942431033905e+001	
  1.7400000000000000e+004	 -6.7133558658581464e+001	 -6.9985942431033905e+001	
  1.7430000000000000e+004	 -6.7133558658581464e+001	 -6.9985942431033905e+001	
  1.7460000000000000e+004	 -6.7133558658581464e+001	 -6.9985942431033905e+001	
  1.7490000000000000e+004	 -6.7133558658581464e+001	 -6.9985942431033905e+001	
  1.7520000000000000e+004	 -6.7133558658581464e+001	 -6.9985942431033905e+001	
  1.7550000000000000e+004	 -6.7133558658581464e+001	 -6.9985942431033905e+001	
  1.7580000000000000e+004	 -6.7133558658581464e+001	 -6.9985942431033905e+001	
  1.7610000000000000e+004	 -6.7133558658581464e+001	 -6.9985942431033905e+001	
  1.7640000000000000e+004	 -6.7133558658581464e+001	 -6.9985942431033905e+001	
  1.7670000000000000e+004	 -6.7133558658581464e+001	 -6.9985942431033905e+001	
  1.7700000000000000e+004	 -6.7133558658581464e+001	 -6.9985942431033905e+001	
  1.7730000000000000e+004	 -6.7133558658581464e+001	 -6.9985942431033905e+001	
  1.7760000000000000e+004	 -6.7133558658581464e+001	 -6.9985942431033905e+001	
  1.7790000000000000e+004	 -6.7133558658581464e+001	 -6.9985942431033905e+001	
  1.7820000000000000e+004	 -6.7133558658581464e+001	 -6.9985942431033905e+001	
  1.7850000000000000e+004	 -6.7133558658581464e+001	 -6.9985942431033905e+001	
  1.7880000000000000e+004	 -6.7133558658581464e+001	 -6.9985942431033905e+001	
  1.7910000000000000e+004	 -6.7133558658581464e+001	 -6.9985942431033905e+001	
  1.7940000000000000e+004	 -6.7133558658581464e+001	 -6.9985942431033905e+001	
  1.7970000000000000e+004	 -6.7133558658581464e+001	 -6.9985942431033905e+001	
  1.8000000000000000e+004	 -6.7133558658581464e+001	 -6.9985942431033905e+001	
  1.8030000000000000e+004	 -6.7133558658581464e+001	 -6.9985942431033905e+001	
  1.8060000000000000e+004	 -6.7133558658581464e+001	 -6.9985942431033905e+001	
  1.8090000000000000e+004	 -6.7133558658581464e+001	 -6.9985942431033905e+001	
  1.8120000000000000e+004	 -6.7133558658581464e+001	 -6.9985942431033905e+001	
  1.8150000000000000e+004	 -6.7133558658581464e+001	 -6.9985942431033905e+001	
  1.8180000000000000e+004	 -6.7133558658581464e+001	 -6.9985942431033905e+001	
  1.8210000000000000e+004	 -6.7133558658581464e+001	 -6.9985942431033905e+001	
  1.8240000000000000e+004	 -6.7133558658581464e+001	 -6.9985942431033905e+001	
  1.8270000000000000e+004	 -6.7133558658581464e+001	 -6.9985942431033905e+001	
  1.8300000000000000e+004	 -6.7133558658581464e+001	 -6.9985942431033905e+001	
  1.8330000000000000e+004	 -6.7133558658581464e+001	 -6.9985942431033905e+001	
  1.8360000000000000e+004	 -6.7133558658581464e+001	 -6.9985942431033905e+001	
  1.8390000000000000e+004	 -6.7133558658581464e+001	 -6.9985942431033905e+001	
  1.8420000000000000e+004	 -6.7133558658581464e+001	 -6.9985942431033905e+001	
  1.8450000000000000e+004	 -6.7133558658581464e+001	 -6.9985942431033905e+001	
  1.8480000000000000e+004	 -6.7133558658581464e+001	 -6.9985942431033905e+001	
  1.8510000000000000e+004	 -6.7133558658581464e+001	 -6.9985942431033905e+001	
  1.8540000000000000e+004	 -6.7133558658581464e+001	 -6.9985942431033905e+001	
  1.8570000000000000e+004	 -6.7133558658581464e+001	 -6.9985942431033905e+001	
  1.8600000000000000e+004	 -6.7133558658581464e+001	 -6.9985942431033905e+001	
  1.8630000000000000e+004	 -6.7133558658581464e+001	 -6.9985942431033905e+001	
  1.8660000000000000e+004	 -6.7133558658581464e+001	 -6.9985942431033905e+001	
  1.8690000000000000e+004	 -6.7133558658581464e+001	 -6.9985942431033905e+001	
  1.8720000000000000e+004	 -6.7133558658581464e+001	 -6.9985942431033905e+001	
  1.8750000000000000e+004	 -6.7133558658581464e+001	 -6.9985942431033905e+001	
  1.8780000000000000e+004	 -6.7133558658581464e+001	 -6.9985942431033905e+001	
  1.8810000000000000e+004	 -6.7133558658581464e+001	 -6.9985942431033905e+001	
  1.8840000000000000e+004	 -6.7133558658581464e+001	 -6.9985942431033905e+001	
  1.8870000000000000e+004	 -6.7133558658581464e+001	 -6.9985942431033905e+001	
  1.8900000000000000e+004	 -6.7133558658581464e+001	 -6.9985942431033905e+001	
  1.8930000000000000e+004	 -6.7133558658581464e+001	 -6.9985942431033905e+001	
  1.8960000000000000e+004	 -6.7133558658581464e+001	 -6.9985942431033905e+001	
  1.8990000000000000e+004	 -6.7133558658581464e+001	 -6.9985942431033905e+001	
  1.9020000000000000e+004	 -6.7133558658581464e+001	 -6.9985942431033905e+001	
  1.9050000000000000e+004	 -6.7133558658581464e+001	 -6.9985942431033905e+001	
  1.9080000000000000e+004	 -6.7133558658581464e+001	 -6.9985942431033905e+001	
  1.9110000000000000e+004	 -6.7133558658581464e+001	 -6.9985942431033905e+001	
  1.9140000000000000e+004	 -6.7133558658581464e+001	 -6.9985942431033905e+001	
  1.9170000000000000e+004	 -6.7133558658581464e+001	 -6.9985942431033905e+001	
  1.9200000000000000e+004	 -6.7133558658581464e+001	 -6.9985942431033905e+001	
  1.9230000000000000e+004	 -6.7133558658581464e+001	 -6.9985942431033905e+001	
  1.9260000000000000e+004	 -6.7133558658581464e+001	 -6.9985942431033905e+001	
  1.9290000000000000e+004	 -6.7133558658581464e+001	 -6.9985942431033905e+001	
  1.9320000000000000e+004	 -6.7133558658581464e+001	 -6.9985942431033905e+001	
  1.9350000000000000e+004	 -6.7133558658581464e+001	 -6.9985942431033905e+001	
  1.9380000000000000e+004	 -6.7133558658581464e+001	 -6.9985942431033905e+001	
  1.9410000000000000e+004	 -6.7133558658581464e+001	 -6.9985942431033905e+001	
  1.9440000000000000e+004	 -6.7133558658581464e+001	 -6.9985942431033905e+001	
  1.9470000000000000e+004	 -6.7133558658581464e+001	 -6.9985942431033905e+001	
  1.9500000000000000e+004	 -6.7133558658581464e+001	 -6.9985942431033905e+001	
  1.9530000000000000e+004	 -6.7133558658581464e+001	 -6.9985942431033905e+001	
  1.9560000000000000e+004	 -6.7133558658581464e+001	 -6.9985942431033905e+001	
  1.9590000000000000e+004	 -6.7133558658581464e+001	 -6.9985942431033905e+001	
  1.9620000000000000e+004	 -6.7133558658581464e+001	 -6.9985942431033905e+001	
  1.9650000000000000e+004	 -6.7133558658581464e+001	 -6.9985942431033905e+001	
  1.9680000000000000e+004	 -6.7133558658581464e+001	 -6.9985942431033905e+001	
  1.9710000000000000e+004	 -6.7133558658581464e+001	 -6.9985942431033905e+001	
  1.9740000000000000e+004	 -6.7133558658581464e+001	 -6.9985942431033905e+001	
  1.9770000000000000e+004	 -6.7133558658581464e+001	 -6.9985942431033905e+001	
  1.9800000000000000e+004	 -6.7133558658581464e+001	 -6.9985942431033905e+001	
  1.9830000000000000e+004	 -6.7133558658581464e+001	 -6.9985942431033905e+001	
  1.9860000000000000e+004	 -6.7133558658581464e+001	 -6.9985942431033905e+001	
  1.9890000000000000e+004	 -6.7133558658581464e+001	 -6.9985942431033905e+001	
  1.9920000000000000e+004	 -6.7133558658581464e+001	 -6.9985942431033905e+001	
  1.9950000000000000e+004	 -6.7133558658581464e+001	 -6.9985942431033905e+001	
  1.9980000000000000e+004	 -6.7133558658581464e+001	 -6.9985942431033905e+001	
  2.0010000000000000e+004	 -6.7133558658581464e+001	 -6.9985942431033905e+001	
  2.0040000000000000e+004	 -6.7133558658581464e+001	 -6.9985942431033905e+001	
  2.0070000000000000e+004	 -6.7133558658581464e+001	 -6.9985942431033905e+001	
  2.0100000000000000e+004	 -6.7133558658581464e+001	 -6.9985942431033905e+001	
  2.0130000000000000e+004	 -6.7133558658581464e+001	 -6.9985942431033905e+001	
  2.0160000000000000e+004	 -6.7133558658581464e+001	 -6.9985942431033905e+001	
  2.0190000000000000e+004	 -6.7133558658581464e+001	 -6.9985942431033905e+001	
  2.0220000000000000e+004	 -6.7133558658581464e+001	 -6.9985942431033905e+001	
  2.0250000000000000e+004	 -6.7133558658581464e+001	 -6.9985942431033905e+001	
  2.0280000000000000e+004	 -6.7133558658581464e+001	 -6.9985942431033905e+001	
  2.0310000000000000e+004	 -6.7133558658581464e+001	 -6.9985942431033905e+001	
  2.0340000000000000e+004	 -6.7133558658581464e+001	 -6.9985942431033905e+001	
  2.0370000000000000e+004	 -6.7133558658581464e+001	 -6.9985942431033905e+001	
  2.0400000000000000e+004	 -6.7133558658581464e+001	 -6.9985942431033905e+001	
  2.0430000000000000e+004	 -6.7133558658581464e+001	 -6.9985942431033905e+001	
  2.0460000000000000e+004	 -6.7133558658581464e+001	 -6.9985942431033905e+001	
  2.0490000000000000e+004	 -6.7133558658581464e+001	 -6.9985942431033905e+001	
  2.0520000000000000e+004	 -6.7133558658581464e+001	 -6.9985942431033905e+001	
  2.0550000000000000e+004	 -6.7133558658581464e+001	 -6.9985942431033905e+001	
  2.0580000000000000e+004	 -6.7133558658581464e+001	 -6.9985942431033905e+001	
  2.0610000000000000e+004	 -6.7133558658581464e+001	 -6.9985942431033905e+001	
  2.0640000000000000e+004	 -6.7133558658581464e+001	 -6.9985942431033905e+001	
  2.0670000000000000e+004	 -6.7133558658581464e+001	 -6.9985942431033905e+001	
  2.0700000000000000e+004	 -6.7133558658581464e+001	 -6.9985942431033905e+001	
  2.0730000000000000e+004	 -6.7133558658581464e+001	 -6.9985942431033905e+001	
  2.0760000000000000e+004	 -6.7133558658581464e+001	 -6.9985942431033905e+001	
  2.0790000000000000e+004	 -6.7133558658581464e+001	 -6.9985942431033905e+001	
  2.0820000000000000e+004	 -6.7133558658581464e+001	 -6.9985942431033905e+001	
  2.0850000000000000e+004	 -6.7133558658581464e+001	 -6.9985942431033905e+001	
  2.0880000000000000e+004	 -6.7133558658581464e+001	 -6.9985942431033905e+001	
  2.0910000000000000e+004	 -6.7133558658581464e+001	 -6.9985942431033905e+001	
  2.0940000000000000e+004	 -6.7133558658581464e+001	 -6.9985942431033905e+001	
  2.0970000000000000e+004	 -6.7133558658581464e+001	 -6.9985942431033905e+001	
  2.1000000000000000e+004	 -6.7133558658581464e+001	 -6.9985942431033905e+001	
  2.1030000000000000e+004	 -6.7133558658581464e+001	 -6.9985942431033905e+001	
  2.1060000000000000e+004	 -6.7133558658581464e+001	 -6.9985942431033905e+001	
  2.1090000000000000e+004	 -6.7133558658581464e+001	 -6.9985942431033905e+001	
  2.1120000000000000e+004	 -6.7133558658581464e+001	 -6.9985942431033905e+001	
  2.1150000000000000e+004	 -6.7133558658581464e+001	 -6.9985942431033905e+001	
  2.1180000000000000e+004	 -6.7133558658581464e+001	 -6.9985942431033905e+001	
  2.1210000000000000e+004	 -6.7133558658581464e+001	 -6.9985942431033905e+001	
  2.1240000000000000e+004	 -6.7133558658581464e+001	 -6.9985942431033905e+001	
  2.1270000000000000e+004	 -6.7133558658581464e+001	 -6.9985942431033905e+001	
  2.1300000000000000e+004	 -6.7133558658581464e+001	 -6.9985942431033905e+001	
  2.1330000000000000e+004	 -6.7133558658581464e+001	 -6.9985942431033905e+001	
  2.1360000000000000e+004	 -6.7133558658581464e+001	 -6.9985942431033905e+001	
  2.1390000000000000e+004	 -6.7133558658581464e+001	 -6.9985942431033905e+001	
  2.1420000000000000e+004	 -6.7133558658581464e+001	 -6.9985942431033905e+001	
  2.1450000000000000e+004	 -6.7133558658581464e+001	 -6.9985942431033905e+001	
  2.1480000000000000e+004	 -6.7133558658581464e+001	 -6.9985942431033905e+001	
  2.1510000000000000e+004	 -6.7133558658581464e+001	 -6.9985942431033905e+001	
  2.1540000000000000e+004	 -6.7133558658581464e+001	 -6.9985942431033905e+001	
  2.1570000000000000e+004	 -6.7133558658581464e+001	 -6.9985942431033905e+001	
  2.1600000000000000e+004	 -6.7133558658581464e+001	 -6.9985942431033905e+001	
  2.1630000000000000e+004	 -6.7133558658581464e+001	 -6.9985942431033905e+001	
  2.1660000000000000e+004	 -6.7133558658581464e+001	 -6.9985942431033905e+001	
  2.1690000000000000e+004	 -6.7133558658581464e+001	 -6.9985942431033905e+001	
  2.1720000000000000e+004	 -6.7133558658581464e+001	 -6.9985942431033905e+001	
  2.1750000000000000e+004	 -6.7133558658581464e+001	 -6.9985942431033905e+001	
  2.1780000000000000e+004	 -6.7133558658581464e+001	 -6.9985942431033905e+001	
  2.1810000000000000e+004	 -6.7133558658581464e+001	 -6.9985942431033905e+001	
  2.1840000000000000e+004	 -6.7133558658581464e+001	 -6.9985942431033905e+001	
  2.1870000000000000e+004	 -6.7133558658581464e+001	 -6.9985942431033905e+001	
  2.1900000000000000e+004	 -6.7133558658581464e+001	 -6.9985942431033905e+001	
  2.1930000000000000e+004	 -6.7133558658581464e+001	 -6.9985942431033905e+001	
  2.1960000000000000e+004	 -6.7133558658581464e+001	 -6.9985942431033905e+001	
  2.1990000000000000e+004	 -6.7133558658581464e+001	 -6.9985942431033905e+001	
  2.2020000000000000e+004	 -6.7133558658581464e+001	 -6.9985942431033905e+001	
  2.2050000000000000e+004	 -6.7133558658581464e+001	 -6.9985942431033905e+001	
  2.2080000000000000e+004	 -4.3516858083100544e+001	 -4.9859784727583623e+001	
  2.2110000000000000e+004	 -1.2920142695573867e+001	 -2.3785256783732336e+001	
  2.2140000000000000e+004	  1.7676572691952810e+001	  2.2892711601189415e+000	
  2.2170000000000000e+004	  4.0424657547120134e+001	  2.1428300907030000e+001	
  2.2200000000000000e+004	  4.1743366396651382e+001	  2.3131141594723662e+001	
  2.2230000000000000e+004	  4.2041343784423432e+001	  2.6704493704840502e+001	
  2.2260000000000000e+004	  1.3779500193150142e+002	  1.9576151136093799e+002	
  2.2290000000000000e+004	 -7.1432673741602343e+001	  3.0749048796977451e+002	
  2.2320000000000000e+004	 -3.1661526320677069e+002	  1.5546473490648671e+002	
  2.2350000000000000e+004	 -6.0734458750874421e+002	  3.2053685303080340e+002	
  2.2380000000000000e+004	 -8.0469553027287702e+002	  1.9170958409881268e+002	
  2.2410000000000000e+004	 -1.2102083093921735e+003	 -1.2398579077133004e+002	
  2.2440000000000000e+004	 -1.5874158498342081e+003	 -3.3523221485226134e+002	
  2.2470000000000000e+004	 -1.5980641869192286e+003	 -3.2046044693466212e+002	
  2.2500000000000000e+004	 -1.7477188937637361e+003	 -4.1801873429390105e+002	
  2.2530000000000000e+004	 -1.8395709405490966e+003	 -4.3945840558093244e+002	
  2.2560000000000000e+004	 -2.1382481421527200e+003	 -5.5571798805318394e+002	
  2.2590000000000000e+004	 -2.6550491134722824e+003	 -6.2506854416990586e+002	
  2.2620000000000000e+004	 -2.8551095522906917e+003	 -6.1250083729528478e+002	
  2.2650000000000000e+004	 -3.1802224379083368e+003	 -5.9984408442536824e+002	
  2.2680000000000000e+004	 -3.5983343889717098e+003	 -8.5757656583770915e+002	
  2.2710000000000000e+004	 -3.8946452901654839e+003	 -1.2024592022989452e+003	
  2.2740000000000000e+004	 -3.9178295767478567e+003	 -1.6789743102583859e+003	
  2.2770000000000000e+004	 -3.9829569207044888e+003	 -2.0820535256087910e+003	
  2.2800000000000000e+004	 -3.9689668692524342e+003	 -2.0714450074395781e+003	
  2.2830000000000000e+004	 -3.9220202705339980e+003	 -1.7364361972629649e+003	
  2.2860000000000000e+004	 -3.9056639225339741e+003	 -1.2261363488837192e+003	
  2.2890000000000000e+004	 -3.6372428076602055e+003	 -9.4732040697566629e+002	
  2.2920000000000000e+004	 -3.2856400448374088e+003	 -6.5084957369826429e+002	
  2.2950000000000000e+004	 -2.9687550063189919e+003	 -5.7062335047857800e+002	
  2.2980000000000000e+004	 -2.9558306917283853e+003	 -5.7917250316021602e+002	
  2.3010000000000000e+004	 -2.7787648772430516e+003	 -8.6632608583060244e+002	
  2.3040000000000000e+004	 -2.6198617426497976e+003	 -1.0334130559277562e+003	
  2.3070000000000000e+004	 -2.4537513378232920e+003	 -1.0033017819390786e+003	
  2.3100000000000000e+004	 -2.4700896212978105e+003	 -9.1726479555775711e+002	
  2.3130000000000000e+004	 -2.4544738709080220e+003	 -8.8949117803620379e+002	
  2.3160000000000000e+004	 -2.4590529262812838e+003	 -8.9544664678708398e+002	
  2.3190000000000000e+004	 -2.4641377532258666e+003	 -9.0312752770136854e+002	
  2.3220000000000000e+004	 -2.4801328344523290e+003	 -9.1333530125389484e+002	
  2.3250000000000000e+004	 -2.4866898231418354e+003	 -9.1651897171860696e+002	
  2.3280000000000000e+004	 -2.4892909429219935e+003	 -9.2336497222215962e+002	
  2.3310000000000000e+004	 -2.5131887324071399e+003	 -9.4303470716238985e+002	
  2.3340000000000000e+004	 -2.5162685291865987e+003	 -9.3097906103172249e+002	
  2.3370000000000000e+004	 -2.5144441339927043e+003	 -9.3180280399760738e+002	
  2.3400000000000000e+004	 -2.4931919281569576e+003	 -8.3392082433447968e+002	
  2.3430000000000000e+004	 -2.5122313766704306e+003	 -9.0932788842506091e+002	
  2.3460000000000000e+004	 -2.5215430240928786e+003	 -9.1585106689437021e+002	
  2.3490000000000000e+004	 -2.4935358271924888e+003	 -9.1937981884098883e+002	
  2.3520000000000000e+004	 -2.5047983147896789e+003	 -9.2325364969202656e+002	
  2.3550000000000000e+004	 -2.5209920920462441e+003	 -9.2982136297958164e+002	
  2.3580000000000000e+004	 -2.5266368837613509e+003	 -9.2489001584385665e+002	
  2.3610000000000000e+004	 -2.5147783055362934e+003	 -9.2684919378476422e+002	
  2.3640000000000000e+004	 -2.5148144318072532e+003	 -9.1832230395079262e+002	
  2.3670000000000000e+004	 -2.5352440613055669e+003	 -9.7339087627477716e+002	
  2.3700000000000000e+004	 -2.5208114594208901e+003	 -9.6795860100340030e+002	
  2.3730000000000000e+004	 -2.5176052170244348e+003	 -9.4329073302023119e+002	
  2.3760000000000000e+004	 -2.5077697328210352e+003	 -9.1875643839517693e+002	
  2.3790000000000000e+004	 -2.5132519547252095e+003	 -9.1158762552816881e+002	
  2.3820000000000000e+004	 -2.5068123757870771e+003	 -9.1396980548757438e+002	
  2.3850000000000000e+004	 -2.5087541849467598e+003	 -9.1443733918612145e+002	
  2.3880000000000000e+004	 -2.5144695354631140e+003	 -9.3331602665060529e+002	
  2.3910000000000000e+004	 -2.5212630416653556e+003	 -9.2946514649504968e+002	
  2.3940000000000000e+004	 -2.5117346341965363e+003	 -9.0965070370560113e+002	
  2.3970000000000000e+004	 -2.5179213257350211e+003	 -9.2506812344654793e+002	
  2.4000000000000000e+004	 -2.5169730002935130e+003	 -9.4209963689395192e+002	
  2.4030000000000000e+004	 -2.5243789670947745e+003	 -9.3992895835475861e+002	
  2.4060000000000000e+004	 -2.5193663938425730e+003	 -9.4460427456032505e+002	
  2.4090000000000000e+004	 -2.5040125603128422e+003	 -9.1560616878287942e+002	
  2.4120000000000000e+004	 -2.5149408763632186e+003	 -9.3859315304650045e+002	
  2.4150000000000000e+004	 -2.5136312839820430e+003	 -9.4237793357836904e+002	
  2.4180000000000000e+004	 -2.5167472095208159e+003	 -9.3486402512625932e+002	
  2.4210000000000000e+004	 -2.5211275670763025e+003	 -9.3820353827079271e+002	
  2.4240000000000000e+004	 -2.5075800678571595e+003	 -9.3475271027732538e+002	
  2.4270000000000000e+004	 -2.5199082926596502e+003	 -9.3914973696332072e+002	
  2.4300000000000000e+004	 -2.5290754346964713e+003	 -9.4248925060448232e+002	
  2.4330000000000000e+004	 -2.4435455541155256e+003	 -8.6122777021548177e+002	
  2.4360000000000000e+004	 -2.4718146698479154e+003	 -8.9228523542386756e+002	
  2.4390000000000000e+004	 -2.5182825922434445e+003	 -9.3803656543024556e+002	
  2.4420000000000000e+004	 -2.5136312844754138e+003	 -9.2857461240358623e+002	
  2.4450000000000000e+004	 -2.5164311004148144e+003	 -9.4104212700504524e+002	
  2.4480000000000000e+004	 -2.5176264683562840e+003	 -9.4359587206672052e+002	
  2.4510000000000000e+004	 -2.5143718809670449e+003	 -9.5568032139957199e+002	
  2.4540000000000000e+004	 -2.5157085658920810e+003	 -9.3451894376907478e+002	
  2.4570000000000000e+004	 -2.5142905957787666e+003	 -9.3999574349424404e+002	
  2.4600000000000000e+004	 -2.5082574435380411e+003	 -9.3087887799347732e+002	
  2.4630000000000000e+004	 -2.5039403065697284e+003	 -9.2712749250685442e+002	
  2.4660000000000000e+004	 -2.4987725205758666e+003	 -9.2213058398808187e+002	
  2.4690000000000000e+004	 -2.5461385923965404e+003	 -9.5255725989011842e+002	
  2.4720000000000000e+004	 -2.5644344070025572e+003	 -9.7128698138375444e+002	
  2.4750000000000000e+004	 -2.5385586830413799e+003	 -9.6330554571283324e+002	
  2.4780000000000000e+004	 -2.5166930198169794e+003	 -9.3487515896311163e+002	
  2.4810000000000000e+004	 -2.5158440422027588e+003	 -9.2603658402464066e+002	
  2.4840000000000000e+004	 -2.5164852905014786e+003	 -9.2135013386653065e+002	
  2.4870000000000000e+004	 -2.5081942227636600e+003	 -9.3960613672967634e+002	
  2.4900000000000000e+004	 -2.5142002795678754e+003	 -9.3518684266515629e+002	
  2.4930000000000000e+004	 -2.5151756977161263e+003	 -9.4071930315629857e+002	
  2.4960000000000000e+004	 -2.5113101457420221e+003	 -9.4028516662297375e+002	
  2.4990000000000000e+004	 -2.5052860244448188e+003	 -9.3110150616517660e+002	
  2.5020000000000000e+004	 -2.5074265305675553e+003	 -9.3263768608113537e+002	
  2.5050000000000000e+004	 -2.5064149822114246e+003	 -9.3244845072519786e+002	
  2.5080000000000000e+004	 -2.5046357441557911e+003	 -9.3637794009552783e+002	
  2.5110000000000000e+004	 -2.5092418937066495e+003	 -9.3180280395233240e+002	
  2.5140000000000000e+004	 -2.5062162856330019e+003	 -9.3404027793589410e+002	
  2.5170000000000000e+004	 -2.5079774616926470e+003	 -9.2549113020938751e+002	
  2.5200000000000000e+004	 -2.5132519547883944e+003	 -9.2792897381008459e+002	
  2.5230000000000000e+004	 -2.5160698326394540e+003	 -9.3782505821662744e+002	
  2.5260000000000000e+004	 -2.5093502743912477e+003	 -9.2657089740707909e+002	
  2.5290000000000000e+004	 -2.5095038125009260e+003	 -9.3346142914389713e+002	
  2.5320000000000000e+004	 -2.5098741123401123e+003	 -9.3447441530894537e+002	
  2.5350000000000000e+004	 -2.5095580031850091e+003	 -9.3543175013078019e+002	
  2.5380000000000000e+004	 -2.5096302556824107e+003	 -9.4836679074021413e+002	
  2.5410000000000000e+004	 -2.5103527903561226e+003	 -9.3876012636252904e+002	
  2.5440000000000000e+004	 -2.5126558633863747e+003	 -9.3366179835682340e+002	
  2.5470000000000000e+004	 -2.5128274649426467e+003	 -9.3498647852364468e+002	
  2.5500000000000000e+004	 -2.5128184341279984e+003	 -9.3280465669903879e+002	
  2.5530000000000000e+004	 -2.5026307152710669e+003	 -9.3559872525941978e+002	
  2.5560000000000000e+004	 -2.4943667405516599e+003	 -9.3688999584232261e+002	
  2.5590000000000000e+004	 -2.4900766988356982e+003	 -9.3685660378703540e+002	
  2.5620000000000000e+004	 -2.4944751196503753e+003	 -9.3705697799650807e+002	
  2.5650000000000000e+004	 -2.4965162783287860e+003	 -9.3794750564831304e+002	
  2.5680000000000000e+004	 -2.5024049226710763e+003	 -9.4461540350095197e+002	
  2.5710000000000000e+004	 -2.4955679524080633e+003	 -9.3355048463162984e+002	
  2.5740000000000000e+004	 -2.5004089259283719e+003	 -9.3831485522362675e+002	
  2.5770000000000000e+004	 -2.4993160942166969e+003	 -9.3646699190610502e+002	
  2.5800000000000000e+004	 -2.4970672077008230e+003	 -9.3517571849015837e+002	
  2.5830000000000000e+004	 -2.4979432792356215e+003	 -9.3569890286237353e+002	
  2.5860000000000000e+004	 -2.4978529632486816e+003	 -9.3642246410805762e+002	
  2.5890000000000000e+004	 -2.4977987735300280e+003	 -9.3765808644420213e+002	
  2.5920000000000000e+004	 -2.4994335056676432e+003	 -9.3043360699634172e+002	
  2.5950000000000000e+004	 -2.4998760575286933e+003	 -9.3387330262752835e+002	
  2.5980000000000000e+004	 -2.5020075307380553e+003	 -9.3301615969260058e+002	
  2.6010000000000000e+004	 -2.5027481264001831e+003	 -9.3258202322589148e+002	
  2.6040000000000000e+004	 -2.5004450515916128e+003	 -9.3276013453715382e+002	
  2.6070000000000000e+004	 -2.5048254086632974e+003	 -9.4119797011526191e+002	
  2.6100000000000000e+004	 -2.5033080902202469e+003	 -9.3540948125330760e+002	
  2.6130000000000000e+004	 -2.5028384428897425e+003	 -9.3630001623430962e+002	
  2.6160000000000000e+004	 -2.4971213993727920e+003	 -9.4095306756519972e+002	
  2.6190000000000000e+004	 -2.4955137619296611e+003	 -9.3448554546249431e+002	
  2.6220000000000000e+004	 -2.5038499891907254e+003	 -9.4195492226082456e+002	
  2.6250000000000000e+004	 -2.5042564139252781e+003	 -9.3842617701490235e+002	
  2.6280000000000000e+004	 -2.5029377919239669e+003	 -9.2955420381773661e+002	
  2.6310000000000000e+004	 -2.5021249413882115e+003	 -9.2505698897610421e+002	
  2.6340000000000000e+004	 -2.5043828579991650e+003	 -9.2809595172658589e+002	
  2.6370000000000000e+004	 -2.5077516693850839e+003	 -9.4233340399286521e+002	
  2.6400000000000000e+004	 -2.5023417010447270e+003	 -9.3120169274467059e+002	
  2.6430000000000000e+004	 -2.5071465487434857e+003	 -9.3485289919332013e+002	
  2.6460000000000000e+004	 -2.5058550198548105e+003	 -9.2771747259145343e+002	
  2.6490000000000000e+004	 -2.5068846287925435e+003	 -9.2837424347282501e+002	
  2.6520000000000000e+004	 -2.5069207559791271e+003	 -9.2804028763897952e+002	
  2.6550000000000000e+004	 -2.5091877038586586e+003	 -9.2122768788760584e+002	
  2.6580000000000000e+004	 -2.5126107058144821e+003	 -9.2723880665654292e+002	
  2.6610000000000000e+004	 -2.5166568923386258e+003	 -9.3166922252425468e+002	
  2.6640000000000000e+004	 -2.5141912484819818e+003	 -9.2355421167586064e+002	
  2.6670000000000000e+004	 -2.5121591239611676e+003	 -9.3994009027912398e+002	
  2.6700000000000000e+004	 -2.5116985075527227e+003	 -9.4197719287591462e+002	
  2.6730000000000000e+004	 -2.5077426391483809e+003	 -9.3421839035937114e+002	
  2.6760000000000000e+004	 -2.5087180586889922e+003	 -9.4600686906391275e+002	
  2.6790000000000000e+004	 -2.5054847221894770e+003	 -9.3251523906182263e+002	
  2.6820000000000000e+004	 -2.5092870534108029e+003	 -9.2878611465283177e+002	
  2.6850000000000000e+004	 -2.5063066025703420e+003	 -9.3528703048087971e+002	
  2.6880000000000000e+004	 -2.5047802515843769e+003	 -9.2822952589646650e+002	
  2.6910000000000000e+004	 -2.5044731746480406e+003	 -9.3397349039816504e+002	
  2.6940000000000000e+004	 -2.5066949644837796e+003	 -9.2693824661992437e+002	
  2.6970000000000000e+004	 -2.5059092100895041e+003	 -9.2887517176511460e+002	
  2.7000000000000000e+004	 -2.5068936621733469e+003	 -9.2274159209391178e+002	
  2.7030000000000000e+004	 -2.5057647037720903e+003	 -9.2463398143995914e+002	
  2.7060000000000000e+004	 -2.5056563227284901e+003	 -9.2596978790166509e+002	
  2.7090000000000000e+004	 -2.5032900268153576e+003	 -9.1542805860038789e+002	
  2.7120000000000000e+004	 -2.5060085586716878e+003	 -9.3591040455244695e+002	
  2.7150000000000000e+004	 -2.5112649878877605e+003	 -9.2216274546319130e+002	
  2.7180000000000000e+004	 -2.5033622803140024e+003	 -9.2554678189532444e+002	
  2.7210000000000000e+004	 -2.5024139555864567e+003	 -9.2964325420545060e+002	
  2.7240000000000000e+004	 -2.5028023169273961e+003	 -9.3270446969375246e+002	
  2.7270000000000000e+004	 -2.5058098610194793e+003	 -9.2099391756875866e+002	
  2.7300000000000000e+004	 -2.5034435639412513e+003	 -9.2714975107509360e+002	
  2.7330000000000000e+004	 -2.5047621889016968e+003	 -9.2443361768774469e+002	
  2.7360000000000000e+004	 -2.5057556726486919e+003	 -9.1985848305555214e+002	
  2.7390000000000000e+004	 -2.5060085586716878e+003	 -9.1904586841076321e+002	
  2.7420000000000000e+004	 -2.5034525973263276e+003	 -9.1442620744504870e+002	
  2.7450000000000000e+004	 -2.5031545514309209e+003	 -9.2436682834863552e+002	
  2.7480000000000000e+004	 -2.5039583693311351e+003	 -9.2152824061490503e+002	
  2.7510000000000000e+004	 -2.5014024082414826e+003	 -9.2875271952308253e+002	
  2.7540000000000000e+004	 -2.5031093937349492e+003	 -9.2453379629974029e+002	
  2.7570000000000000e+004	 -2.5011404897707935e+003	 -9.3053379339626713e+002	
  2.7600000000000000e+004	 -2.4993522195301748e+003	 -9.3415159771216588e+002	
  2.7630000000000000e+004	 -2.5030190769395131e+003	 -9.2444474738009103e+002	
  2.7660000000000000e+004	 -2.5139925517968404e+003	 -9.1248929497877339e+002	
  2.7690000000000000e+004	 -2.4942041705659699e+003	 -9.1522769227217645e+002	
  2.7720000000000000e+004	 -2.4976542672293472e+003	 -9.1983621833357722e+002	
  2.7750000000000000e+004	 -2.5000657224896254e+003	 -9.2437795177966052e+002	
  2.7780000000000000e+004	 -2.5005985907342051e+003	 -9.2435569484226983e+002	
  2.7810000000000000e+004	 -2.5047260605936599e+003	 -9.1971376988290103e+002	
  2.7840000000000000e+004	 -2.5112017650939347e+003	 -9.0240396605771662e+002	
  2.7870000000000000e+004	 -2.5044099541442420e+003	 -9.2265253950507736e+002	
  2.7900000000000000e+004	 -2.5009508252691530e+003	 -9.3520911571573083e+002	
  2.7930000000000000e+004	 -2.5130351953716968e+003	 -9.3013305184270212e+002	
  2.7960000000000000e+004	 -2.5132067963508425e+003	 -9.3131301033283160e+002	
  2.7990000000000000e+004	 -2.5089348177327383e+003	 -9.3395122567564431e+002	
  2.8020000000000000e+004	 -2.5041299723499665e+003	 -9.3540948635069378e+002	
  2.8050000000000000e+004	 -2.4943396441396003e+003	 -9.3319427384511278e+002	
  2.8080000000000000e+004	 -2.5011133945988986e+003	 -9.2899761836899017e+002	
  2.8110000000000000e+004	 -2.5128635934570798e+003	 -9.1830004195407219e+002	
  2.8140000000000000e+004	 -2.5179213265563121e+003	 -9.2003658899503228e+002	
  2.8170000000000000e+004	 -2.5099373328780139e+003	 -9.2480095831019207e+002	
  2.8200000000000000e+004	 -2.5080497150613669e+003	 -9.2440021815969612e+002	
  2.8230000000000000e+004	 -2.5103437580271166e+003	 -9.2245217650311770e+002	
  2.8260000000000000e+004	 -2.5079955257212632e+003	 -9.3175827709957923e+002	
  2.8290000000000000e+004	 -2.5088264376986044e+003	 -9.3329446211931315e+002	
  2.8320000000000000e+004	 -2.5061079080271711e+003	 -9.4216642500519777e+002	
  2.8350000000000000e+004	 -2.5069930101595878e+003	 -9.3837051186947122e+002	
  2.8380000000000000e+004	 -2.5069749463232997e+003	 -9.3840391169983673e+002	
  2.8410000000000000e+004	 -2.5078961764734868e+003	 -9.3710149877191839e+002	
  2.8440000000000000e+004	 -2.5049699161848303e+003	 -9.4117570767222549e+002	
  2.8470000000000000e+004	 -2.5030642340676445e+003	 -9.3855975654024530e+002	
  2.8500000000000000e+004	 -2.5075168462240063e+003	 -9.3237052102668736e+002	
  2.8530000000000000e+004	 -2.5112198293503502e+003	 -9.3280466016642606e+002	
  2.8560000000000000e+004	 -2.5101992512090701e+003	 -9.2637053000294759e+002	
  2.8590000000000000e+004	 -2.5045273645016541e+003	 -9.2966551938914051e+002	
  2.8620000000000000e+004	 -2.5057105141663906e+003	 -9.2974343904458021e+002	
  2.8650000000000000e+004	 -2.5069568827942994e+003	 -9.3028888952806085e+002	
  2.8680000000000000e+004	 -2.5112649874395092e+003	 -9.3366180126513314e+002	
  2.8710000000000000e+004	 -2.5067491543902306e+003	 -9.3971745152957340e+002	
  2.8740000000000000e+004	 -2.4992799666424958e+003	 -9.3746884233263904e+002	
  2.8770000000000000e+004	 -2.5080045566919534e+003	 -9.2802915601183645e+002	
  2.8800000000000000e+004	 -2.5165485132411368e+003	 -9.2637052754178842e+002	
  2.8830000000000000e+004	 -2.5115449708776514e+003	 -9.2962098955125407e+002	
  2.8860000000000000e+004	 -2.5130984161525253e+003	 -9.4242245515767172e+002	
  2.8890000000000000e+004	 -2.5222565251981127e+003	 -9.3107924605785627e+002	
  2.8920000000000000e+004	 -2.5238641633994785e+003	 -9.3385104318340291e+002	
  2.8950000000000000e+004	 -2.5192489808118066e+003	 -9.2756162892137161e+002	
  2.8980000000000000e+004	 -2.5241893021963560e+003	 -9.2669334797931026e+002	
  2.9010000000000000e+004	 -2.5248215181559849e+003	 -9.2822952717218027e+002	
  2.9040000000000000e+004	 -2.5202695595161031e+003	 -9.2847442531118816e+002	
  2.9070000000000000e+004	 -2.5082935703791022e+003	 -9.3142433077475505e+002	
  2.9100000000000000e+004	 -2.5184903211608125e+003	 -9.2894196204283139e+002	
  2.9130000000000000e+004	 -2.5198541022260692e+003	 -9.3166922366693984e+002	
  2.9160000000000000e+004	 -2.5233222624167151e+003	 -9.2613676496322444e+002	
  2.9190000000000000e+004	 -2.5165394807647194e+003	 -9.2130560697213173e+002	
  2.9220000000000000e+004	 -2.5140467411143536e+003	 -9.1286776717372379e+002	
  2.9250000000000000e+004	 -2.5201250517678104e+003	 -9.0603289679631848e+002	
  2.9280000000000000e+004	 -2.5029377914216811e+003	 -9.3709037170236411e+002	
  2.9310000000000000e+004	 -2.4896070517720063e+003	 -9.6239274538366953e+002	
  2.9340000000000000e+004	 -2.4996683281493520e+003	 -9.4771002034230696e+002	
  2.9370000000000000e+004	 -2.5016011050568800e+003	 -9.2962099207914889e+002	
  2.9400000000000000e+004	 -2.5001831336866626e+003	 -9.2038166495976225e+002	
  2.9430000000000000e+004	 -2.5006437475473108e+003	 -9.2396608205865118e+002	
  2.9460000000000000e+004	 -2.4967420680827495e+003	 -9.4320168381138842e+002	
  2.9490000000000000e+004	 -2.4904921562224222e+003	 -9.5083803417980175e+002	
  2.9520000000000000e+004	 -2.4907540749379668e+003	 -9.5339832455635155e+002	
  2.9550000000000000e+004	 -2.4912508158656560e+003	 -9.4739833583966652e+002	
  2.9580000000000000e+004	 -2.4763937250915906e+003	 -9.7353558790019065e+002	
  2.9610000000000000e+004	 -2.4891103101055005e+003	 -9.5441131053491767e+002	
  2.9640000000000000e+004	 -2.4879542576496015e+003	 -9.5013673578025373e+002	
  2.9670000000000000e+004	 -2.5029468227986990e+003	 -9.3407366984557996e+002	
  2.9700000000000000e+004	 -2.5047441254730143e+003	 -9.4155418013032090e+002	
  2.9730000000000000e+004	 -2.5006076220198634e+003	 -9.4529444096721124e+002	
  2.9760000000000000e+004	 -2.5139925519584931e+003	 -9.3376198670453846e+002	
  2.9790000000000000e+004	 -2.5151034457366432e+003	 -9.3803656524974974e+002	
  2.9820000000000000e+004	 -2.5050512008011187e+003	 -9.5234081401533695e+002	
  2.9850000000000000e+004	 -2.5011495223250090e+003	 -9.4952448884678574e+002	
  2.9880000000000000e+004	 -2.5026668417373721e+003	 -9.3456347091452585e+002	
  2.9910000000000000e+004	 -2.5057556706621026e+003	 -9.3327219195500879e+002	
  2.9940000000000000e+004	 -2.5036151664192521e+003	 -9.3733526696712829e+002	
  2.9970000000000000e+004	 -2.4995057580443799e+003	 -9.3850409549310939e+002	
  3.0000000000000000e+004	 -2.4917385250266475e+003	 -9.3737979647648956e+002	
  3.0030000000000000e+004	 -2.4986387187122627e+003	 -9.4531669693566278e+002	
  3.0060000000000000e+004	 -2.4995147890814919e+003	 -9.3179167026347898e+002	
  3.0090000000000000e+004	 -2.5054124675531361e+003	 -9.3367293314897984e+002	
  3.0120000000000000e+004	 -2.5061620959930192e+003	 -9.3579909137158938e+002	
  3.0150000000000000e+004	 -2.5054395634654729e+003	 -9.3495308204008722e+002	
  3.0180000000000000e+004	 -2.5010863004403168e+003	 -9.3653378612309427e+002	
  3.0210000000000000e+004	 -2.4993973790809105e+003	 -9.4287885222301372e+002	
  3.0240000000000000e+004	 -2.5085554876819942e+003	 -9.4320168009155464e+002	
  3.0270000000000000e+004	 -2.5129900353042412e+003	 -9.4223321749440800e+002	
  3.0300000000000000e+004	 -2.5094315602074967e+003	 -9.3975084526476826e+002	
  3.0330000000000000e+004	 -2.5133513016018524e+003	 -9.3852635389188197e+002	
  3.0360000000000000e+004	 -2.5094586537671976e+003	 -9.3471931445119412e+002	
  3.0390000000000000e+004	 -2.5037325784408763e+003	 -9.3784732130976977e+002	
  3.0420000000000000e+004	 -2.5090070706426804e+003	 -9.3780279940491459e+002	
  3.0450000000000000e+004	 -2.5203779396774389e+003	 -9.3799203710542747e+002	
  3.0480000000000000e+004	 -2.5090522297558355e+003	 -9.4133154759019214e+002	
  3.0510000000000000e+004	 -2.5216604370987648e+003	 -9.4270075376412206e+002	
  3.0540000000000000e+004	 -2.5128364971254186e+003	 -9.3976197850916355e+002	
  3.0570000000000000e+004	 -2.5091515778588259e+003	 -9.4201058827089730e+002	
  3.0600000000000000e+004	 -2.5102082821760641e+003	 -9.3493082105747942e+002	
  3.0630000000000000e+004	 -2.5088445017074423e+003	 -9.2102731422035390e+002	
  3.0660000000000000e+004	 -2.5083026014555826e+003	 -9.3132413692616103e+002	
  3.0690000000000000e+004	 -2.4988464476116228e+003	 -9.5729442055870368e+002	
  3.0720000000000000e+004	 -2.5072097705162405e+003	 -9.3873786127042695e+002	
  3.0750000000000000e+004	 -2.5148415268199760e+003	 -9.3785845706137513e+002	
  3.0780000000000000e+004	 -2.5104792339498658e+003	 -9.3750224116680295e+002	
  3.0810000000000000e+004	 -2.5103618206413967e+003	 -9.3656717597360580e+002	
  3.0840000000000000e+004	 -2.5092328636089087e+003	 -9.3691226508856073e+002	
  3.0870000000000000e+004	 -2.5017004536604936e+003	 -9.3435196666102524e+002	
  3.0900000000000000e+004	 -2.5047712195366275e+003	 -9.3524250751861655e+002	
  3.0930000000000000e+004	 -2.5065143307030276e+003	 -9.4478238024496363e+002	
  3.0960000000000000e+004	 -2.5033984068935470e+003	 -9.4316828209894845e+002	
  3.0990000000000000e+004	 -2.5066949639969939e+003	 -9.1391414819789804e+002	
  3.1020000000000000e+004	 -2.5100276491436439e+003	 -9.2454493244859009e+002	
  3.1050000000000000e+004	 -2.5180568004482925e+003	 -9.1468224074910427e+002	
  3.1080000000000000e+004	 -2.5071013900721714e+003	 -9.3818128246363540e+002	
  3.1110000000000000e+004	 -2.5166749559379286e+003	 -9.4470445975587359e+002	
  3.1140000000000000e+004	 -2.5093412416472847e+003	 -9.3848182877427064e+002	
  3.1170000000000000e+004	 -2.5100908724864298e+003	 -9.1927963182554322e+002	
  3.1200000000000000e+004	 -2.5072097700115310e+003	 -9.3707924012749538e+002	
  3.1230000000000000e+004	 -2.5102715033133072e+003	 -9.2761728322193107e+002	
  3.1260000000000000e+004	 -2.5017817391558538e+003	 -9.3646699748046626e+002	
  3.1290000000000000e+004	 -2.5142725328406109e+003	 -9.1280097503511422e+002	
  3.1320000000000000e+004	 -2.5107321195291561e+003	 -9.1341322099434910e+002	
  3.1350000000000000e+004	 -2.5069568834851184e+003	 -9.3650038669025128e+002	
  3.1380000000000000e+004	 -2.5018630229361779e+003	 -9.5540203015231396e+002	
  3.1410000000000000e+004	 -2.5071826747935984e+003	 -9.2591412922184668e+002	
  3.1440000000000000e+004	 -2.5099192696959858e+003	 -9.1748742412370734e+002	
  3.1470000000000000e+004	 -2.5122675023791694e+003	 -9.3890483444403367e+002	
  3.1500000000000000e+004	 -2.5109579108190105e+003	 -9.3707924012749538e+002	
  3.1530000000000000e+004	 -2.5095489709810104e+003	 -9.4224435735920599e+002	
  3.1560000000000000e+004	 -2.5147060516252859e+003	 -9.4418126737362559e+002	
  3.1590000000000000e+004	 -2.5097386363854889e+003	 -9.4024064387115357e+002	
  3.1620000000000000e+004	 -2.4997044548460181e+003	 -9.3330558631131953e+002	
  3.1650000000000000e+004	 -2.4998850891546040e+003	 -9.3338350840441740e+002	
  3.1680000000000000e+004	 -2.4977626468361641e+003	 -9.4417013768152651e+002	
  3.1710000000000000e+004	 -2.5027210303482520e+003	 -9.3958387177723819e+002	
  3.1740000000000000e+004	 -2.5056834192503920e+003	 -9.2958759577576438e+002	
  3.1770000000000000e+004	 -2.5109037200926236e+003	 -9.3745771816357626e+002	
  3.1800000000000000e+004	 -2.5016462619341928e+003	 -9.4175455576403999e+002	
  3.1830000000000000e+004	 -2.4979252173420550e+003	 -9.5729442333915631e+002	
  3.1860000000000000e+004	 -2.4862924314968527e+003	 -1.0497321387784066e+003	
  3.1890000000000000e+004	 -2.4926326594301154e+003	 -1.0106598458856082e+003	
  3.1920000000000000e+004	 -2.4920094761141181e+003	 -9.7716452550198903e+002	
  3.1950000000000000e+004	 -2.5002282915304372e+003	 -9.4211077481684913e+002	
  3.1980000000000000e+004	 -2.4972568735958366e+003	 -9.2860800969901425e+002	
  3.2010000000000000e+004	 -2.5022694488935222e+003	 -9.3171375356638487e+002	
  3.2040000000000000e+004	 -2.5043467311482946e+003	 -9.2254122219590374e+002	
  3.2070000000000000e+004	 -2.5056563233476095e+003	 -9.3546513877978123e+002	
  3.2100000000000000e+004	 -2.5066046480632626e+003	 -9.3552079517759864e+002	
  3.2130000000000000e+004	 -2.5075258782192323e+003	 -9.3406254639393887e+002	
  3.2160000000000000e+004	 -2.5075981319883344e+003	 -9.3290484734867857e+002	
  3.2190000000000000e+004	 -2.5012849977107858e+003	 -9.3834825332279286e+002	
  3.2220000000000000e+004	 -2.5168375254643884e+003	 -9.3085661225188483e+002	
  3.2250000000000000e+004	 -2.5008334129435184e+003	 -9.2926477493413188e+002	
  3.2280000000000000e+004	 -2.5153924588883337e+003	 -9.2800688935235246e+002	
  3.2310000000000000e+004	 -2.5179213257443566e+003	 -9.3517571555654217e+002	
  3.2340000000000000e+004	 -2.5140828668909389e+003	 -9.1969150425387329e+002	
  3.2370000000000000e+004	 -2.5069749460477715e+003	 -9.3898276078051242e+002	
  3.2400000000000000e+004	 -2.5061440326305719e+003	 -9.3328332726607550e+002	
  3.2430000000000000e+004	 -2.5067401238986322e+003	 -9.2562470499917492e+002	
  3.2460000000000000e+004	 -2.5048254100633217e+003	 -9.2556904783940956e+002	
  3.2490000000000000e+004	 -2.5009508245630782e+003	 -9.4227774284847601e+002	
  3.2520000000000000e+004	 -2.4908895491409198e+003	 -9.4773228004569432e+002	
  3.2550000000000000e+004	 -2.5004269881865926e+003	 -9.4581762939315888e+002	
  3.2580000000000000e+004	 -2.4974646024104004e+003	 -9.4136494825534896e+002	
  3.2610000000000000e+004	 -2.5067130287001810e+003	 -9.4562839042527105e+002	
  3.2640000000000000e+004	 -2.5088625648799907e+003	 -9.4830000220204477e+002	
  3.2670000000000000e+004	 -2.5140286791813642e+003	 -9.4091967720771936e+002	
  3.2700000000000000e+004	 -2.5113011153561520e+003	 -9.4001800465891142e+002	
  3.2730000000000000e+004	 -2.5040848139350255e+003	 -9.3436309711872343e+002	
  3.2760000000000000e+004	 -2.5027390952623491e+003	 -9.3382877489107591e+002	
  3.2790000000000000e+004	 -2.5050692644034225e+003	 -9.4080836220880497e+002	
  3.2820000000000000e+004	 -2.5064420776013621e+003	 -9.4065251173432648e+002	
  3.2850000000000000e+004	 -2.5052769918443973e+003	 -9.4058572376723964e+002	
  3.2880000000000000e+004	 -2.5129177837367897e+003	 -9.4422579618869952e+002	
  3.2910000000000000e+004	 -2.5122855666775931e+003	 -9.4758757295722012e+002	
  3.2940000000000000e+004	 -2.5104611683704593e+003	 -9.3619983126907573e+002	
  3.2970000000000000e+004	 -2.5102353776497412e+003	 -9.3501987043311442e+002	
  3.3000000000000000e+004	 -2.5079864930515755e+003	 -9.3230373015221699e+002	
  3.3030000000000000e+004	 -2.5092328632000185e+003	 -9.2809595172658589e+002	
  3.3060000000000000e+004	 -2.5083387278237642e+003	 -9.2722767332771457e+002	
  3.3090000000000000e+004	 -2.5014746622336288e+003	 -9.3376198981223274e+002	
  3.3120000000000000e+004	 -2.5061259694205619e+003	 -9.3666736122790246e+002	
  3.3150000000000000e+004	 -2.5089348176371977e+003	 -9.3916086880369585e+002	
  3.3180000000000000e+004	 -2.5199805454122647e+003	 -9.4360242385821221e+002	
  3.3210000000000000e+004	 -2.5151034456944894e+003	 -9.4083062439663865e+002	
  3.3240000000000000e+004	 -2.5017094857946831e+003	 -9.3722394849629313e+002	
  3.3270000000000000e+004	 -2.5005082737925636e+003	 -9.3931670984113987e+002	
  3.3300000000000000e+004	 -2.5104972951128379e+003	 -9.3662283694292637e+002	
  3.3330000000000000e+004	 -2.5072549276706477e+003	 -9.3345029777433570e+002	
  3.3360000000000000e+004	 -2.5039854645880687e+003	 -9.4010706644864570e+002	
  3.3390000000000000e+004	 -2.4973291271740559e+003	 -9.3952821304383428e+002	
  3.3420000000000000e+004	 -2.5018991499655031e+003	 -9.4109778856117441e+002	
  3.3450000000000000e+004	 -2.5031364881888703e+003	 -9.4509406949128640e+002	
  3.3480000000000000e+004	 -2.5090070714635644e+003	 -9.3839277625362081e+002	
  3.3510000000000000e+004	 -2.5118430145302750e+003	 -9.7302352829286133e+002	
  3.3540000000000000e+004	 -2.5094767181100628e+003	 -9.5810703867297195e+002	
  3.3570000000000000e+004	 -2.5063607923075497e+003	 -9.4011819417907247e+002	
  3.3600000000000000e+004	 -2.5032809946453485e+003	 -9.4086401941440852e+002	
  3.3630000000000000e+004	 -2.5097205735589641e+003	 -9.4186587019261822e+002	
  3.3660000000000000e+004	 -2.5026307152710669e+003	 -9.3763582553939125e+002	
  3.3690000000000000e+004	 -2.4950531473718920e+003	 -9.4047440628517984e+002	
  3.3720000000000000e+004	 -2.4735939081724928e+003	 -9.6137975665514716e+002	
  3.3750000000000000e+004	 -2.5031274566730308e+003	 -9.4108665336272168e+002	
  3.3780000000000000e+004	 -2.5017004540739163e+003	 -9.3650038669025128e+002	
  3.3810000000000000e+004	 -2.5071736426256566e+003	 -9.3976198005166100e+002	
  3.3840000000000000e+004	 -2.5016101375188109e+003	 -9.3308295417561681e+002	
  3.3870000000000000e+004	 -2.5097115403817706e+003	 -9.4508294212564545e+002	
  3.3900000000000000e+004	 -2.5021971954846117e+003	 -9.4264509818658007e+002	
  3.3930000000000000e+004	 -2.5177497249188682e+003	 -9.4966919932359997e+002	
  3.3960000000000000e+004	 -2.4983587364592568e+003	 -9.4412561091513362e+002	
  3.3990000000000000e+004	 -2.5051053923066243e+003	 -9.3900502219750183e+002	
  3.4020000000000000e+004	 -2.5012217754929598e+003	 -9.3979537806588155e+002	
  3.4050000000000000e+004	 -2.4986387180324468e+003	 -9.6082317585005035e+002	
  3.4080000000000000e+004	 -2.4840706409421059e+003	 -9.9040012651686561e+002	
  3.4110000000000000e+004	 -2.4956853635268426e+003	 -9.5394377948471845e+002	
  3.4140000000000000e+004	 -2.5058279253352775e+003	 -9.3398462217149176e+002	
  3.4170000000000000e+004	 -2.5264828148860456e+003	 -9.1809770981454608e+002	
  3.4200000000000000e+004	 -2.5215791498169660e+003	 -9.3670076385561208e+002	
  3.4230000000000000e+004	 -2.5172439511215275e+003	 -9.0953938906078201e+002	
  3.4260000000000000e+004	 -2.5160698353003290e+003	 -9.1588446075047170e+002	
  3.4290000000000000e+004	 -2.5145344506664710e+003	 -9.2501246520976656e+002	
  3.4320000000000000e+004	 -2.5110120997318950e+003	 -9.2401060488809514e+002	
  3.4350000000000000e+004	 -2.5092057680980101e+003	 -9.2568036816995527e+002	
  3.4380000000000000e+004	 -2.5074897520885943e+003	 -9.2924251631082768e+002	
  3.4410000000000000e+004	 -2.5075800688963491e+003	 -9.2868592982838095e+002	
  3.4440000000000000e+004	 -2.5176955344604621e+003	 -9.4538348424889773e+002	
  3.4470000000000000e+004	 -2.5123668513938483e+003	 -9.4360242308574152e+002	
  3.4500000000000000e+004	 -2.5050512023697888e+003	 -9.3581023189138045e+002	
  3.4530000000000000e+004	 -2.5045093023743207e+003	 -9.2935383151148801e+002	
  3.4560000000000000e+004	 -2.5116443173646894e+003	 -9.3959500608138489e+002	
  3.4590000000000000e+004	 -2.5048705688420009e+003	 -9.3169149054866330e+002	
  3.4620000000000000e+004	 -2.5110120997318950e+003	 -9.3825918982131350e+002	
  3.4650000000000000e+004	 -2.5123668513938483e+003	 -9.3848182877427075e+002	
  3.4680000000000000e+004	 -2.5097476689533173e+003	 -9.3402914478158834e+002	
  3.4710000000000000e+004	 -2.5063156347388999e+003	 -9.3558758954908194e+002	
  3.4740000000000000e+004	 -2.5232048522647801e+003	 -9.3959500608138489e+002	
  3.4770000000000000e+004	 -2.5171536347794158e+003	 -9.4360242308574152e+002	
  3.4800000000000000e+004	 -2.5162504689565358e+003	 -9.3747997790172576e+002	
  3.4830000000000000e+004	 -2.5139022340769525e+003	 -9.3759129775584847e+002	
  3.4860000000000000e+004	 -2.5086638690033487e+003	 -9.4248924460876560e+002	
  3.4890000000000000e+004	 -2.5063156347388999e+003	 -9.4137608350519372e+002	
  3.4920000000000000e+004	 -2.5044189848279739e+003	 -9.3592154285218908e+002	
  3.4950000000000000e+004	 -2.5078510178123006e+003	 -9.3202543462320364e+002	
  3.4980000000000000e+004	 -2.5064962686321160e+003	 -9.3235938987419308e+002	
  3.5010000000000000e+004	 -2.5042383507838249e+003	 -9.3491968737675620e+002	
  3.5040000000000000e+004	 -2.5096573509721411e+003	 -9.3480836823947288e+002	
  3.5070000000000000e+004	 -2.5081219680691624e+003	 -9.2367665769887265e+002	
  3.5100000000000000e+004	 -2.5108314669477477e+003	 -9.2768407388322942e+002	
  3.5130000000000000e+004	 -2.5027932854875221e+003	 -9.3992895300924306e+002	
  3.5160000000000000e+004	 -2.5036061354273761e+003	 -9.3759129775584847e+002	
  3.5190000000000000e+004	 -2.5057737342341325e+003	 -9.3547626781826989e+002	
  3.5220000000000000e+004	 -2.5037867681841790e+003	 -9.3414046491816282e+002	
  3.5250000000000000e+004	 -2.5091154522099118e+003	 -9.2924251631082768e+002	
  3.5280000000000000e+004	 -2.5099283023630242e+003	 -9.2968778458511451e+002	
  3.5310000000000000e+004	 -2.5123668513938483e+003	 -9.3146885283509278e+002	
  3.5340000000000000e+004	 -2.5072188019589403e+003	 -9.2389929605251166e+002	
  3.5370000000000000e+004	 -2.5049608845296962e+003	 -9.2790670467477958e+002	
  3.5400000000000000e+004	 -2.5008063189462282e+003	 -9.2968778458511451e+002	
  3.5430000000000000e+004	 -2.5116443173646894e+003	 -9.3068962845207045e+002	
  3.5460000000000000e+004	 -2.5163407836143056e+003	 -9.2824066264857231e+002	
  3.5490000000000000e+004	 -2.5157988865281409e+003	 -9.2746143834556813e+002	
  3.5520000000000000e+004	 -2.5101089335693023e+003	 -9.3102358746845425e+002	
  3.5550000000000000e+004	 -2.5073091195205043e+003	 -9.2523509452664666e+002	
  3.5580000000000000e+004	 -2.5183277510295707e+003	 -9.3436310407139251e+002	
  3.5610000000000000e+004	 -2.5099283023630242e+003	 -9.3146885283509278e+002	
  3.5640000000000000e+004	 -2.5105605176885492e+003	 -9.3414046491816282e+002	
  3.5670000000000000e+004	 -2.5055027841922461e+003	 -9.3536496180865083e+002	
  3.5700000000000000e+004	 -2.5070381678831823e+003	 -9.3347255784630602e+002	
  3.5730000000000000e+004	 -2.5129990678630747e+003	 -9.3569890286237364e+002	
  3.5760000000000000e+004	 -2.5122765340947458e+003	 -9.3235938987419308e+002	
  3.5790000000000000e+004	 -2.5078510178123006e+003	 -9.3491968737675620e+002	
  3.5820000000000000e+004	 -2.5093864009209592e+003	 -9.3202543462320364e+002	
  3.5850000000000000e+004	 -2.5006256858169659e+003	 -9.3770261402719029e+002	
  3.5880000000000000e+004	 -2.5021610678036986e+003	 -9.3914973672320855e+002	
  3.5910000000000000e+004	 -2.5042383507838249e+003	 -9.3358387662429436e+002	
  3.5940000000000000e+004	 -2.5061350004407750e+003	 -9.3336124514654671e+002	
  3.5970000000000000e+004	 -2.5046899349091232e+003	 -9.3825918982131350e+002	
  3.6000000000000000e+004	 -2.5076703860531934e+003	 -9.3959500608138489e+002	
  3.6030000000000000e+004	 -2.5102895679699291e+003	 -9.3803656543024545e+002	
  3.6060000000000000e+004	 -2.5120959023396649e+003	 -9.3636680389260073e+002	
  3.6090000000000000e+004	 -2.5064962686321160e+003	 -9.3536496180865083e+002	
  3.6120000000000000e+004	 -2.5083929178660401e+003	 -9.4171003667456932e+002	
  3.6150000000000000e+004	 -2.5055931005234866e+003	 -9.4260056220271645e+002	
  3.6180000000000000e+004	 -2.5043286694345124e+003	 -9.4705324738746742e+002	
  3.6210000000000000e+004	 -2.5047802517008217e+003	 -9.3480836823947288e+002	
  3.6240000000000000e+004	 -2.5108314669477477e+003	 -9.3825918982131350e+002	
  3.6270000000000000e+004	 -2.5088445030392963e+003	 -9.3581023189138045e+002	
  3.6300000000000000e+004	 -2.5063156347388999e+003	 -9.4304583048216875e+002	
  3.6330000000000000e+004	 -2.5073091195205043e+003	 -9.4727588861911897e+002	
  3.6360000000000000e+004	 -2.5110120997318950e+003	 -9.3603285505083909e+002	
  3.6390000000000000e+004	 -2.5071284847464872e+003	 -9.4660798435606466e+002	
  3.6420000000000000e+004	 -2.5112830506235505e+003	 -9.3970631568607394e+002	
  3.6450000000000000e+004	 -2.4819301362165984e+003	 -9.7042984474665980e+002	
  3.6480000000000000e+004	 -2.5014385359928497e+003	 -9.3670076385561208e+002	
  3.6510000000000000e+004	 -2.4977355529471042e+003	 -9.3725734189581544e+002	
  3.6540000000000000e+004	 -2.5152569822218920e+003	 -9.3135754311523760e+002	
  3.6570000000000000e+004	 -2.4994515675851426e+003	 -9.5183988550744118e+002	
  3.6600000000000000e+004	 -2.5073091195205043e+003	 -9.5094934966202595e+002	
  3.6630000000000000e+004	 -2.5145344506664710e+003	 -9.2545772884791290e+002	
  3.6660000000000000e+004	 -2.5165214175631850e+003	 -9.2512378168332930e+002	
  3.6690000000000000e+004	 -2.4987290367181140e+003	 -9.2846329617752531e+002	
  3.6720000000000000e+004	 -2.5017998018066214e+003	 -9.2568036816995527e+002	
  3.6750000000000000e+004	 -2.5124571672437919e+003	 -9.2568036816995527e+002	
  3.6780000000000000e+004	 -2.5147150850583689e+003	 -9.2723880292903505e+002	
  3.6810000000000000e+004	 -2.5157988865281409e+003	 -9.3391782588347132e+002	
  3.6840000000000000e+004	 -2.5145344506664710e+003	 -9.3291598255803808e+002	
  3.6870000000000000e+004	 -2.5144441339927039e+003	 -9.3703471082928434e+002	
