  0.0000000000000000e+000	 -4.7988068342935520e+002	  4.7324164274892030e+002	
  3.0000000000000000e+001	 -3.0331161810892883e+002	  7.2593145595530530e+002	
  6.0000000000000000e+001	 -7.5623343630357823e+001	  9.9999415404498268e+002	
  9.0000000000000000e+001	  2.0137793648853517e+002	  1.0803650969440957e+003	
  1.2000000000000000e+002	  3.3242740345805186e+002	  1.1376933989462386e+003	
  1.5000000000000000e+002	  5.4421997144123100e+002	  1.0716823607333060e+003	
  1.8000000000000000e+002	  5.9777775714619440e+002	  1.2252999617714365e+003	
  2.1000000000000000e+002	  4.3213698954517986e+002	  1.1776562434821019e+003	
  2.4000000000000000e+002	  5.1459610513890493e+002	  1.0850404166687520e+003	
  2.7000000000000000e+002	  5.1459610513890493e+002	  1.0850404166687520e+003	
  3.0000000000000000e+002	  5.1459610513890493e+002	  1.0850404166687520e+003	
  3.3000000000000000e+002	  5.1459610513890493e+002	  1.0850404166687520e+003	
  3.6000000000000000e+002	  5.1459610513890493e+002	  1.0850404166687520e+003	
  3.9000000000000000e+002	  5.1459610513890493e+002	  1.0850404166687520e+003	
  4.2000000000000000e+002	  5.1459610513890493e+002	  1.0850404166687520e+003	
  4.5000000000000000e+002	  5.1459610513890493e+002	  1.0850404166687520e+003	
  4.8000000000000000e+002	  5.1459610513890493e+002	  1.0850404166687520e+003	
  5.1000000000000000e+002	  5.1459610513890493e+002	  1.0850404166687520e+003	
  5.4000000000000000e+002	  5.1459610513890493e+002	  1.0850404166687520e+003	
  5.7000000000000000e+002	  5.1459610513890493e+002	  1.0850404166687520e+003	
  6.0000000000000000e+002	  5.1459610513890493e+002	  1.0850404166687520e+003	
  6.3000000000000000e+002	  5.1459610513890493e+002	  1.0850404166687520e+003	
  6.6000000000000000e+002	  5.1459610513890493e+002	  1.0850404166687520e+003	
  6.9000000000000000e+002	  5.1459610513890493e+002	  1.0850404166687520e+003	
  7.2000000000000000e+002	  5.1459610513890493e+002	  1.0850404166687520e+003	
  7.5000000000000000e+002	  5.1459610513890493e+002	  1.0850404166687520e+003	
  7.8000000000000000e+002	  5.1459610513890493e+002	  1.0850404166687520e+003	
  8.1000000000000000e+002	  5.1459610513890493e+002	  1.0850404166687520e+003	
  8.4000000000000000e+002	  5.1459610513890493e+002	  1.0850404166687520e+003	
  8.7000000000000000e+002	  5.1459610513890493e+002	  1.0850404166687520e+003	
  9.0000000000000000e+002	  5.1459610513890493e+002	  1.0850404166687520e+003	
  9.3000000000000000e+002	  5.1459610513890493e+002	  1.0850404166687520e+003	
  9.6000000000000000e+002	  5.1459610513890493e+002	  1.0850404166687520e+003	
  9.9000000000000000e+002	  5.1459610513890493e+002	  1.0850404166687520e+003	
  1.0200000000000000e+003	  5.1459610513890493e+002	  1.0850404166687520e+003	
  1.0500000000000000e+003	  5.1459610513890493e+002	  1.0850404166687520e+003	
  1.0800000000000000e+003	  5.1459610513890493e+002	  1.0850404166687520e+003	
  1.1100000000000000e+003	  5.1459610513890493e+002	  1.0850404166687520e+003	
  1.1400000000000000e+003	  5.1459610513890493e+002	  1.0850404166687520e+003	
  1.1700000000000000e+003	  5.1459610513890493e+002	  1.0850404166687520e+003	
  1.2000000000000000e+003	  5.1459610513890493e+002	  1.0850404166687520e+003	
  1.2300000000000000e+003	  5.1459610513890493e+002	  1.0850404166687520e+003	
  1.2600000000000000e+003	  5.1459610513890493e+002	  1.0850404166687520e+003	
  1.2900000000000000e+003	  5.1459610513890493e+002	  1.0850404166687520e+003	
  1.3200000000000000e+003	  5.1459610513890493e+002	  1.0850404166687520e+003	
  1.3500000000000000e+003	  5.1459610513890493e+002	  1.0850404166687520e+003	
  1.3800000000000000e+003	  5.1459610513890493e+002	  1.0850404166687520e+003	
  1.4100000000000000e+003	  5.1459610513890493e+002	  1.0850404166687520e+003	
  1.4400000000000000e+003	  5.1459610513890493e+002	  1.0850404166687520e+003	
  1.4700000000000000e+003	  5.1459610513890493e+002	  1.0850404166687520e+003	
  1.5000000000000000e+003	  5.1459610513890493e+002	  1.0850404166687520e+003	
  1.5300000000000000e+003	  5.1459610513890493e+002	  1.0850404166687520e+003	
  1.5600000000000000e+003	  5.1459610513890493e+002	  1.0850404166687520e+003	
  1.5900000000000000e+003	  5.1459610513890493e+002	  1.0850404166687520e+003	
  1.6200000000000000e+003	  5.1459610513890493e+002	  1.0850404166687520e+003	
  1.6500000000000000e+003	  5.1459610513890493e+002	  1.0850404166687520e+003	
  1.6800000000000000e+003	  5.1459610513890493e+002	  1.0850404166687520e+003	
  1.7100000000000000e+003	  5.1459610513890493e+002	  1.0850404166687520e+003	
  1.7400000000000000e+003	  5.1459610513890493e+002	  1.0850404166687520e+003	
  1.7700000000000000e+003	  5.1459610513890493e+002	  1.0850404166687520e+003	
  1.8000000000000000e+003	  5.1459610513890493e+002	  1.0850404166687520e+003	
  1.8300000000000000e+003	  5.1459610513890493e+002	  1.0850404166687520e+003	
  1.8600000000000000e+003	  5.1459610513890493e+002	  1.0850404166687520e+003	
  1.8900000000000000e+003	  5.1459610513890493e+002	  1.0850404166687520e+003	
  1.9200000000000000e+003	  5.1459610513890493e+002	  1.0850404166687520e+003	
  1.9500000000000000e+003	  5.1459610513890493e+002	  1.0850404166687520e+003	
  1.9800000000000000e+003	  5.1459610513890493e+002	  1.0850404166687520e+003	
  2.0100000000000000e+003	  5.1459610513890493e+002	  1.0850404166687520e+003	
  2.0400000000000000e+003	  5.1459610513890493e+002	  1.0850404166687520e+003	
  2.0700000000000000e+003	  5.1459610513890493e+002	  1.0850404166687520e+003	
  2.1000000000000000e+003	  5.1459610513890493e+002	  1.0850404166687520e+003	
  2.1300000000000000e+003	  5.1459610513890493e+002	  1.0850404166687520e+003	
  2.1600000000000000e+003	  5.1459610513890493e+002	  1.0850404166687520e+003	
  2.1900000000000000e+003	  5.1459610513890493e+002	  1.0850404166687520e+003	
  2.2200000000000000e+003	  5.1459610513890493e+002	  1.0850404166687520e+003	
  2.2500000000000000e+003	  5.1459610513890493e+002	  1.0850404166687520e+003	
  2.2800000000000000e+003	  5.1459610513890493e+002	  1.0850404166687520e+003	
  2.3100000000000000e+003	  5.1459610513890493e+002	  1.0850404166687520e+003	
  2.3400000000000000e+003	  5.1459610513890493e+002	  1.0850404166687520e+003	
  2.3700000000000000e+003	  5.1459610513890493e+002	  1.0850404166687520e+003	
  2.4000000000000000e+003	  5.1459610513890493e+002	  1.0850404166687520e+003	
  2.4300000000000000e+003	  5.1459610513890493e+002	  1.0850404166687520e+003	
  2.4600000000000000e+003	  5.1459610513890493e+002	  1.0850404166687520e+003	
  2.4900000000000000e+003	  5.1459610513890493e+002	  1.0850404166687520e+003	
  2.5200000000000000e+003	  5.1459610513890493e+002	  1.0850404166687520e+003	
  2.5500000000000000e+003	  5.1459610513890493e+002	  1.0850404166687520e+003	
  2.5800000000000000e+003	  5.1459610513890493e+002	  1.0850404166687520e+003	
  2.6100000000000000e+003	  5.1459610513890493e+002	  1.0850404166687520e+003	
  2.6400000000000000e+003	  5.1459610513890493e+002	  1.0850404166687520e+003	
  2.6700000000000000e+003	  5.1459610513890493e+002	  1.0850404166687520e+003	
  2.7000000000000000e+003	  5.1459610513890493e+002	  1.0850404166687520e+003	
  2.7300000000000000e+003	  5.1459610513890493e+002	  1.0850404166687520e+003	
  2.7600000000000000e+003	  5.1459610513890493e+002	  1.0850404166687520e+003	
  2.7900000000000000e+003	  5.1459610513890493e+002	  1.0850404166687520e+003	
  2.8200000000000000e+003	  5.1459610513890493e+002	  1.0850404166687520e+003	
  2.8500000000000000e+003	  5.1459610513890493e+002	  1.0850404166687520e+003	
  2.8800000000000000e+003	  5.1459610513890493e+002	  1.0850404166687520e+003	
  2.9100000000000000e+003	  5.1459610513890493e+002	  1.0850404166687520e+003	
  2.9400000000000000e+003	  5.1459610513890493e+002	  1.0850404166687520e+003	
  2.9700000000000000e+003	  5.1459610513890493e+002	  1.0850404166687520e+003	
  3.0000000000000000e+003	  5.1459610513890493e+002	  1.0850404166687520e+003	
  3.0300000000000000e+003	  5.1459610513890493e+002	  1.0850404166687520e+003	
  3.0600000000000000e+003	  5.1459610513890493e+002	  1.0850404166687520e+003	
  3.0900000000000000e+003	  5.1459610513890493e+002	  1.0850404166687520e+003	
  3.1200000000000000e+003	  5.1459610513890493e+002	  1.0850404166687520e+003	
  3.1500000000000000e+003	  5.1459610513890493e+002	  1.0850404166687520e+003	
  3.1800000000000000e+003	  5.1459610513890493e+002	  1.0850404166687520e+003	
  3.2100000000000000e+003	  5.1459610513890493e+002	  1.0850404166687520e+003	
  3.2400000000000000e+003	  5.1459610513890493e+002	  1.0850404166687520e+003	
  3.2700000000000000e+003	  5.1459610513890493e+002	  1.0850404166687520e+003	
  3.3000000000000000e+003	  5.1459610513890493e+002	  1.0850404166687520e+003	
  3.3300000000000000e+003	  5.1459610513890493e+002	  1.0850404166687520e+003	
  3.3600000000000000e+003	  5.1459610513890493e+002	  1.0850404166687520e+003	
  3.3900000000000000e+003	  5.1459610513890493e+002	  1.0850404166687520e+003	
  3.4200000000000000e+003	  5.1459610513890493e+002	  1.0850404166687520e+003	
  3.4500000000000000e+003	  5.1459610513890493e+002	  1.0850404166687520e+003	
  3.4800000000000000e+003	  5.1459610513890493e+002	  1.0850404166687520e+003	
  3.5100000000000000e+003	  5.1459610513890493e+002	  1.0850404166687520e+003	
  3.5400000000000000e+003	  5.1459610513890493e+002	  1.0850404166687520e+003	
  3.5700000000000000e+003	  5.1459610513890493e+002	  1.0850404166687520e+003	
  3.6000000000000000e+003	  5.1459610513890493e+002	  1.0850404166687520e+003	
  3.6300000000000000e+003	  5.1459610513890493e+002	  1.0850404166687520e+003	
  3.6600000000000000e+003	  5.1459610513890493e+002	  1.0850404166687520e+003	
  3.6900000000000000e+003	  5.1459610513890493e+002	  1.0850404166687520e+003	
  3.7200000000000000e+003	  5.1459610513890493e+002	  1.0850404166687520e+003	
  3.7500000000000000e+003	  5.1459610513890493e+002	  1.0850404166687520e+003	
  3.7800000000000000e+003	  5.1459610513890493e+002	  1.0850404166687520e+003	
  3.8100000000000000e+003	  5.1459610513890493e+002	  1.0850404166687520e+003	
  3.8400000000000000e+003	  5.1459610513890493e+002	  1.0850404166687520e+003	
  3.8700000000000000e+003	  5.1459610513890493e+002	  1.0850404166687520e+003	
  3.9000000000000000e+003	  5.1459610513890493e+002	  1.0850404166687520e+003	
  3.9300000000000000e+003	  5.1459610513890493e+002	  1.0850404166687520e+003	
  3.9600000000000000e+003	  5.1459610513890493e+002	  1.0850404166687520e+003	
  3.9900000000000000e+003	  5.1459610513890493e+002	  1.0850404166687520e+003	
  4.0200000000000000e+003	  5.1459610513890493e+002	  1.0850404166687520e+003	
  4.0500000000000000e+003	  5.1459610513890493e+002	  1.0850404166687520e+003	
  4.0800000000000000e+003	  5.1459610513890493e+002	  1.0850404166687520e+003	
  4.1100000000000000e+003	  5.1459610513890493e+002	  1.0850404166687520e+003	
  4.1400000000000000e+003	  5.1459610513890493e+002	  1.0850404166687520e+003	
  4.1700000000000000e+003	  5.1459610513890493e+002	  1.0850404166687520e+003	
  4.2000000000000000e+003	  5.1459610513890493e+002	  1.0850404166687520e+003	
  4.2300000000000000e+003	  5.1459610513890493e+002	  1.0850404166687520e+003	
  4.2600000000000000e+003	  5.1459610513890493e+002	  1.0850404166687520e+003	
  4.2900000000000000e+003	  5.1459610513890493e+002	  1.0850404166687520e+003	
  4.3200000000000000e+003	  5.1459610513890493e+002	  1.0850404166687520e+003	
  4.3500000000000000e+003	  5.1459610513890493e+002	  1.0850404166687520e+003	
  4.3800000000000000e+003	  5.1459610513890493e+002	  1.0850404166687520e+003	
  4.4100000000000000e+003	  5.1459610513890493e+002	  1.0850404166687520e+003	
  4.4400000000000000e+003	  5.1459610513890493e+002	  1.0850404166687520e+003	
  4.4700000000000000e+003	  5.1459610513890493e+002	  1.0850404166687520e+003	
  4.5000000000000000e+003	  5.1459610513890493e+002	  1.0850404166687520e+003	
  4.5300000000000000e+003	  5.1459610513890493e+002	  1.0850404166687520e+003	
  4.5600000000000000e+003	  5.1459610513890493e+002	  1.0850404166687520e+003	
  4.5900000000000000e+003	  5.1459610513890493e+002	  1.0850404166687520e+003	
  4.6200000000000000e+003	  5.1459610513890493e+002	  1.0850404166687520e+003	
  4.6500000000000000e+003	  5.1459610513890493e+002	  1.0850404166687520e+003	
  4.6800000000000000e+003	  5.1459610513890493e+002	  1.0850404166687520e+003	
  4.7100000000000000e+003	  5.1459610513890493e+002	  1.0850404166687520e+003	
  4.7400000000000000e+003	  5.1459610513890493e+002	  1.0850404166687520e+003	
  4.7700000000000000e+003	  5.1459610513890493e+002	  1.0850404166687520e+003	
  4.8000000000000000e+003	  5.1459610513890493e+002	  1.0850404166687520e+003	
  4.8300000000000000e+003	  5.1459610513890493e+002	  1.0850404166687520e+003	
  4.8600000000000000e+003	  5.1459610513890493e+002	  1.0850404166687520e+003	
  4.8900000000000000e+003	  5.1459610513890493e+002	  1.0850404166687520e+003	
  4.9200000000000000e+003	  5.1459610513890493e+002	  1.0850404166687520e+003	
  4.9500000000000000e+003	  5.1459610513890493e+002	  1.0850404166687520e+003	
  4.9800000000000000e+003	  5.1459610513890493e+002	  1.0850404166687520e+003	
  5.0100000000000000e+003	  5.1459610513890493e+002	  1.0850404166687520e+003	
  5.0400000000000000e+003	  5.1459610513890493e+002	  1.0850404166687520e+003	
  5.0700000000000000e+003	  5.1459610513890493e+002	  1.0850404166687520e+003	
  5.1000000000000000e+003	  5.1459610513890493e+002	  1.0850404166687520e+003	
  5.1300000000000000e+003	  5.1459610513890493e+002	  1.0850404166687520e+003	
  5.1600000000000000e+003	  5.1459610513890493e+002	  1.0850404166687520e+003	
  5.1900000000000000e+003	  5.1459610513890493e+002	  1.0850404166687520e+003	
  5.2200000000000000e+003	  5.1459610513890493e+002	  1.0850404166687520e+003	
  5.2500000000000000e+003	  5.1459610513890493e+002	  1.0850404166687520e+003	
  5.2800000000000000e+003	  5.1459610513890493e+002	  1.0850404166687520e+003	
  5.3100000000000000e+003	  5.1459610513890493e+002	  1.0850404166687520e+003	
  5.3400000000000000e+003	  5.1459610513890493e+002	  1.0850404166687520e+003	
  5.3700000000000000e+003	  5.1459610513890493e+002	  1.0850404166687520e+003	
  5.4000000000000000e+003	  5.1459610513890493e+002	  1.0850404166687520e+003	
  5.4300000000000000e+003	  5.1459610513890493e+002	  1.0850404166687520e+003	
  5.4600000000000000e+003	  5.1459610513890493e+002	  1.0850404166687520e+003	
  5.4900000000000000e+003	  5.1459610513890493e+002	  1.0850404166687520e+003	
  5.5200000000000000e+003	  5.1459610513890493e+002	  1.0850404166687520e+003	
  5.5500000000000000e+003	  5.1459610513890493e+002	  1.0850404166687520e+003	
  5.5800000000000000e+003	  5.1459610513890493e+002	  1.0850404166687520e+003	
  5.6100000000000000e+003	  5.1459610513890493e+002	  1.0850404166687520e+003	
  5.6400000000000000e+003	  5.1459610513890493e+002	  1.0850404166687520e+003	
  5.6700000000000000e+003	  5.1459610513890493e+002	  1.0850404166687520e+003	
  5.7000000000000000e+003	  5.1459610513890493e+002	  1.0850404166687520e+003	
  5.7300000000000000e+003	  5.1459610513890493e+002	  1.0850404166687520e+003	
  5.7600000000000000e+003	  5.1459610513890493e+002	  1.0850404166687520e+003	
  5.7900000000000000e+003	  5.1459610513890493e+002	  1.0850404166687520e+003	
  5.8200000000000000e+003	  5.1459610513890493e+002	  1.0850404166687520e+003	
  5.8500000000000000e+003	  5.1459610513890493e+002	  1.0850404166687520e+003	
  5.8800000000000000e+003	  5.1459610513890493e+002	  1.0850404166687520e+003	
  5.9100000000000000e+003	  5.1459610513890493e+002	  1.0850404166687520e+003	
  5.9400000000000000e+003	  5.1459610513890493e+002	  1.0850404166687520e+003	
  5.9700000000000000e+003	  5.1459610513890493e+002	  1.0850404166687520e+003	
  6.0000000000000000e+003	  5.1459610513890493e+002	  1.0850404166687520e+003	
  6.0300000000000000e+003	  5.1459610513890493e+002	  1.0850404166687520e+003	
  6.0600000000000000e+003	  5.1459610513890493e+002	  1.0850404166687520e+003	
  6.0900000000000000e+003	  5.1459610513890493e+002	  1.0850404166687520e+003	
  6.1200000000000000e+003	  5.1459610513890493e+002	  1.0850404166687520e+003	
  6.1500000000000000e+003	  5.1459610513890493e+002	  1.0850404166687520e+003	
  6.1800000000000000e+003	  5.1459610513890493e+002	  1.0850404166687520e+003	
  6.2100000000000000e+003	  5.1459610513890493e+002	  1.0850404166687520e+003	
  6.2400000000000000e+003	  5.1459610513890493e+002	  1.0850404166687520e+003	
  6.2700000000000000e+003	  5.1459610513890493e+002	  1.0850404166687520e+003	
  6.3000000000000000e+003	  5.1459610513890493e+002	  1.0850404166687520e+003	
  6.3300000000000000e+003	  5.1459610513890493e+002	  1.0850404166687520e+003	
  6.3600000000000000e+003	  5.1459610513890493e+002	  1.0850404166687520e+003	
  6.3900000000000000e+003	  5.1459610513890493e+002	  1.0850404166687520e+003	
  6.4200000000000000e+003	  5.1459610513890493e+002	  1.0850404166687520e+003	
  6.4500000000000000e+003	  5.1459610513890493e+002	  1.0850404166687520e+003	
  6.4800000000000000e+003	  5.1459610513890493e+002	  1.0850404166687520e+003	
  6.5100000000000000e+003	  5.1459610513890493e+002	  1.0850404166687520e+003	
  6.5400000000000000e+003	  5.1459610513890493e+002	  1.0850404166687520e+003	
  6.5700000000000000e+003	  5.1459610513890493e+002	  1.0850404166687520e+003	
  6.6000000000000000e+003	  5.1459610513890493e+002	  1.0850404166687520e+003	
  6.6300000000000000e+003	  5.1459610513890493e+002	  1.0850404166687520e+003	
  6.6600000000000000e+003	  5.1459610513890493e+002	  1.0850404166687520e+003	
  6.6900000000000000e+003	  5.1459610513890493e+002	  1.0850404166687520e+003	
  6.7200000000000000e+003	  5.1459610513890493e+002	  1.0850404166687520e+003	
  6.7500000000000000e+003	  5.1459610513890493e+002	  1.0850404166687520e+003	
  6.7800000000000000e+003	  5.1459610513890493e+002	  1.0850404166687520e+003	
  6.8100000000000000e+003	  5.1459610513890493e+002	  1.0850404166687520e+003	
  6.8400000000000000e+003	  5.1459610513890493e+002	  1.0850404166687520e+003	
  6.8700000000000000e+003	  5.1459610513890493e+002	  1.0850404166687520e+003	
  6.9000000000000000e+003	  5.1459610513890493e+002	  1.0850404166687520e+003	
  6.9300000000000000e+003	  5.1459610513890493e+002	  1.0850404166687520e+003	
  6.9600000000000000e+003	  5.1459610513890493e+002	  1.0850404166687520e+003	
  6.9900000000000000e+003	  5.1459610513890493e+002	  1.0850404166687520e+003	
  7.0200000000000000e+003	  5.1459610513890493e+002	  1.0850404166687520e+003	
  7.0500000000000000e+003	  5.1459610513890493e+002	  1.0850404166687520e+003	
  7.0800000000000000e+003	  5.1459610513890493e+002	  1.0850404166687520e+003	
  7.1100000000000000e+003	  5.1459610513890493e+002	  1.0850404166687520e+003	
  7.1400000000000000e+003	  5.1459610513890493e+002	  1.0850404166687520e+003	
  7.1700000000000000e+003	  5.1459610513890493e+002	  1.0850404166687520e+003	
  7.2000000000000000e+003	  5.1459610513890493e+002	  1.0850404166687520e+003	
  7.2300000000000000e+003	  5.1459610513890493e+002	  1.0850404166687520e+003	
  7.2600000000000000e+003	  5.1459610513890493e+002	  1.0850404166687520e+003	
  7.2900000000000000e+003	  5.1459610513890493e+002	  1.0850404166687520e+003	
  7.3200000000000000e+003	  5.1459610513890493e+002	  1.0850404166687520e+003	
  7.3500000000000000e+003	  5.1459610513890493e+002	  1.0850404166687520e+003	
  7.3800000000000000e+003	  5.1459610513890493e+002	  1.0850404166687520e+003	
  7.4100000000000000e+003	  5.1459610513890493e+002	  1.0850404166687520e+003	
  7.4400000000000000e+003	  5.1459610513890493e+002	  1.0850404166687520e+003	
  7.4700000000000000e+003	  5.1459610513890493e+002	  1.0850404166687520e+003	
  7.5000000000000000e+003	  5.1459610513890493e+002	  1.0850404166687520e+003	
  7.5300000000000000e+003	  5.1459610513890493e+002	  1.0850404166687520e+003	
  7.5600000000000000e+003	  5.1459610513890493e+002	  1.0850404166687520e+003	
  7.5900000000000000e+003	  5.1459610513890493e+002	  1.0850404166687520e+003	
  7.6200000000000000e+003	  5.1459610513890493e+002	  1.0850404166687520e+003	
  7.6500000000000000e+003	  5.1459610513890493e+002	  1.0850404166687520e+003	
  7.6800000000000000e+003	  5.1459610513890493e+002	  1.0850404166687520e+003	
  7.7100000000000000e+003	  5.1459610513890493e+002	  1.0850404166687520e+003	
  7.7400000000000000e+003	  5.1459610513890493e+002	  1.0850404166687520e+003	
  7.7700000000000000e+003	  5.1459610513890493e+002	  1.0850404166687520e+003	
  7.8000000000000000e+003	  5.1459610513890493e+002	  1.0850404166687520e+003	
  7.8300000000000000e+003	  5.1459610513890493e+002	  1.0850404166687520e+003	
  7.8600000000000000e+003	  5.1459610513890493e+002	  1.0850404166687520e+003	
  7.8900000000000000e+003	  5.1459610513890493e+002	  1.0850404166687520e+003	
  7.9200000000000000e+003	  5.1459610513890493e+002	  1.0850404166687520e+003	
  7.9500000000000000e+003	  5.1459610513890493e+002	  1.0850404166687520e+003	
  7.9800000000000000e+003	  5.1459610513890493e+002	  1.0850404166687520e+003	
  8.0100000000000000e+003	  5.1459610513890493e+002	  1.0850404166687520e+003	
  8.0400000000000000e+003	  5.1459610513890493e+002	  1.0850404166687520e+003	
  8.0700000000000000e+003	  5.1459610513890493e+002	  1.0850404166687520e+003	
  8.1000000000000000e+003	  5.1459610513890493e+002	  1.0850404166687520e+003	
  8.1300000000000000e+003	  5.1459610513890493e+002	  1.0850404166687520e+003	
  8.1600000000000000e+003	  5.1459610513890493e+002	  1.0850404166687520e+003	
  8.1900000000000000e+003	  5.1459610513890493e+002	  1.0850404166687520e+003	
  8.2200000000000000e+003	  5.1459610513890493e+002	  1.0850404166687520e+003	
  8.2500000000000000e+003	  5.1459610513890493e+002	  1.0850404166687520e+003	
  8.2800000000000000e+003	  5.1459610513890493e+002	  1.0850404166687520e+003	
  8.3100000000000000e+003	  5.1459610513890493e+002	  1.0850404166687520e+003	
  8.3400000000000000e+003	  5.1459610513890493e+002	  1.0850404166687520e+003	
  8.3700000000000000e+003	  5.1459610513890493e+002	  1.0850404166687520e+003	
  8.4000000000000000e+003	  5.1459610513890493e+002	  1.0850404166687520e+003	
  8.4300000000000000e+003	  5.1459610513890493e+002	  1.0850404166687520e+003	
  8.4600000000000000e+003	  5.1459610513890493e+002	  1.0850404166687520e+003	
  8.4900000000000000e+003	  5.1459610513890493e+002	  1.0850404166687520e+003	
  8.5200000000000000e+003	  5.1459610513890493e+002	  1.0850404166687520e+003	
  8.5500000000000000e+003	  5.1459610513890493e+002	  1.0850404166687520e+003	
  8.5800000000000000e+003	  5.1459610513890493e+002	  1.0850404166687520e+003	
  8.6100000000000000e+003	  5.1459610513890493e+002	  1.0850404166687520e+003	
  8.6400000000000000e+003	  5.1459610513890493e+002	  1.0850404166687520e+003	
  8.6700000000000000e+003	  5.1459610513890493e+002	  1.0850404166687520e+003	
  8.7000000000000000e+003	  5.1459610513890493e+002	  1.0850404166687520e+003	
  8.7300000000000000e+003	  5.1459610513890493e+002	  1.0850404166687520e+003	
  8.7600000000000000e+003	  5.1459610513890493e+002	  1.0850404166687520e+003	
  8.7900000000000000e+003	  5.1459610513890493e+002	  1.0850404166687520e+003	
  8.8200000000000000e+003	  5.1459610513890493e+002	  1.0850404166687520e+003	
  8.8500000000000000e+003	  5.1459610513890493e+002	  1.0850404166687520e+003	
  8.8800000000000000e+003	  5.1459610513890493e+002	  1.0850404166687520e+003	
  8.9100000000000000e+003	  5.1459610513890493e+002	  1.0850404166687520e+003	
  8.9400000000000000e+003	  5.1459610513890493e+002	  1.0850404166687520e+003	
  8.9700000000000000e+003	  5.1459610513890493e+002	  1.0850404166687520e+003	
  9.0000000000000000e+003	  5.1459610513890493e+002	  1.0850404166687520e+003	
  9.0300000000000000e+003	  5.1459610513890493e+002	  1.0850404166687520e+003	
  9.0600000000000000e+003	  5.1459610513890493e+002	  1.0850404166687520e+003	
  9.0900000000000000e+003	  5.1459610513890493e+002	  1.0850404166687520e+003	
  9.1200000000000000e+003	  5.1459610513890493e+002	  1.0850404166687520e+003	
  9.1500000000000000e+003	  5.1459610513890493e+002	  1.0850404166687520e+003	
  9.1800000000000000e+003	  5.1459610513890493e+002	  1.0850404166687520e+003	
  9.2100000000000000e+003	  5.1459610513890493e+002	  1.0850404166687520e+003	
  9.2400000000000000e+003	  5.1459610513890493e+002	  1.0850404166687520e+003	
  9.2700000000000000e+003	  5.1459610513890493e+002	  1.0850404166687520e+003	
  9.3000000000000000e+003	  5.1459610513890493e+002	  1.0850404166687520e+003	
  9.3300000000000000e+003	  5.1459610513890493e+002	  1.0850404166687520e+003	
  9.3600000000000000e+003	  5.1459610513890493e+002	  1.0850404166687520e+003	
  9.3900000000000000e+003	  5.1459610513890493e+002	  1.0850404166687520e+003	
  9.4200000000000000e+003	  5.1459610513890493e+002	  1.0850404166687520e+003	
  9.4500000000000000e+003	  5.1459610513890493e+002	  1.0850404166687520e+003	
  9.4800000000000000e+003	  5.1459610513890493e+002	  1.0850404166687520e+003	
  9.5100000000000000e+003	  5.1459610513890493e+002	  1.0850404166687520e+003	
  9.5400000000000000e+003	  5.1459610513890493e+002	  1.0850404166687520e+003	
  9.5700000000000000e+003	  5.1459610513890493e+002	  1.0850404166687520e+003	
  9.6000000000000000e+003	  5.1459610513890493e+002	  1.0850404166687520e+003	
  9.6300000000000000e+003	  5.1459610513890493e+002	  1.0850404166687520e+003	
  9.6600000000000000e+003	  5.1459610513890493e+002	  1.0850404166687520e+003	
  9.6900000000000000e+003	  5.1459610513890493e+002	  1.0850404166687520e+003	
  9.7200000000000000e+003	  5.1459610513890493e+002	  1.0850404166687520e+003	
  9.7500000000000000e+003	  5.1459610513890493e+002	  1.0850404166687520e+003	
  9.7800000000000000e+003	  5.1459610513890493e+002	  1.0850404166687520e+003	
  9.8100000000000000e+003	  5.1459610513890493e+002	  1.0850404166687520e+003	
  9.8400000000000000e+003	  5.1459610513890493e+002	  1.0850404166687520e+003	
  9.8700000000000000e+003	  5.1459610513890493e+002	  1.0850404166687520e+003	
  9.9000000000000000e+003	  5.1459610513890493e+002	  1.0850404166687520e+003	
  9.9300000000000000e+003	  5.1459610513890493e+002	  1.0850404166687520e+003	
  9.9600000000000000e+003	  5.1459610513890493e+002	  1.0850404166687520e+003	
  9.9900000000000000e+003	  5.1459610513890493e+002	  1.0850404166687520e+003	
  1.0020000000000000e+004	  5.1459610513890493e+002	  1.0850404166687520e+003	
  1.0050000000000000e+004	  5.1459610513890493e+002	  1.0850404166687520e+003	
  1.0080000000000000e+004	  5.1459610513890493e+002	  1.0850404166687520e+003	
  1.0110000000000000e+004	  5.1459610513890493e+002	  1.0850404166687520e+003	
  1.0140000000000000e+004	  5.1459610513890493e+002	  1.0850404166687520e+003	
  1.0170000000000000e+004	  5.1459610513890493e+002	  1.0850404166687520e+003	
  1.0200000000000000e+004	  5.1459610513890493e+002	  1.0850404166687520e+003	
  1.0230000000000000e+004	  5.1459610513890493e+002	  1.0850404166687520e+003	
  1.0260000000000000e+004	  5.1459610513890493e+002	  1.0850404166687520e+003	
  1.0290000000000000e+004	  5.1459610513890493e+002	  1.0850404166687520e+003	
  1.0320000000000000e+004	  5.0128978863035513e+002	  1.0897766475741507e+003	
  1.0350000000000000e+004	  4.6341733868005809e+002	  1.1032569122140696e+003	
  1.0380000000000000e+004	  4.2554488872976100e+002	  1.1167371768539888e+003	
  1.0410000000000000e+004	  3.8767243877946407e+002	  1.1302174414939075e+003	
  1.0440000000000000e+004	  3.4979998882916703e+002	  1.1436977061338264e+003	
  1.0470000000000000e+004	  3.1120298640721023e+002	  1.1575523753794782e+003	
  1.0500000000000000e+004	  2.7529309569797772e+002	  1.1690959582120586e+003	
  1.0530000000000000e+004	  5.0377560062835826e+001	  1.0038345888525284e+003	
  1.0560000000000000e+004	 -1.5409045056835035e+002	  9.8062497726364620e+002	
  1.0590000000000000e+004	 -1.5680897123873154e+002	  9.7481422742216751e+002	
  1.0620000000000000e+004	 -3.1153042430171047e+002	  7.3773107147416454e+002	
  1.0650000000000000e+004	 -6.1118305310040728e+002	  3.8581319915918078e+002	
  1.0680000000000000e+004	 -4.6582741681238321e+002	  2.1015481163520030e+002	
  1.0710000000000000e+004	 -2.1088153645651875e+002	  6.5854622132113306e+001	
  1.0740000000000000e+004	 -5.1129448736086758e+001	  1.2058912382185342e+002	
  1.0770000000000000e+004	 -5.9663869518902175e+001	  1.3600984398768139e+002	
  1.0800000000000000e+004	 -3.1892046759878451e+001	  5.7761784776013222e+001	
  1.0830000000000000e+004	 -3.0501339069425864e+001	  8.0247817231091176e+001	
  1.0860000000000000e+004	 -2.1402455650626234e+002	  7.5884262437526104e+001	
  1.0890000000000000e+004	 -5.1808463124463253e+002	  2.6185047102803219e+002	
  1.0920000000000000e+004	 -7.7238022619124172e+002	  4.3659605936424549e+002	
  1.0950000000000000e+004	 -9.7192586022795547e+002	  7.6315589313532234e+002	
  1.0980000000000000e+004	 -1.1854886372013575e+003	  7.7593509835965347e+002	
  1.1010000000000000e+004	 -1.2021791589415570e+003	  7.8243601372014098e+002	
  1.1040000000000000e+004	 -1.2179123211123156e+003	  1.1403872778805867e+003	
  1.1070000000000000e+004	 -1.2134687410761951e+003	  1.3336560241017257e+003	
  1.1100000000000000e+004	 -1.2129810336025066e+003	  1.3314074211631207e+003	
  1.1130000000000000e+004	 -1.2127823356153610e+003	  1.3314742071680689e+003	
  1.1160000000000000e+004	 -1.2116985375405425e+003	  1.4767430257812380e+003	
  1.1190000000000000e+004	 -1.3513642214971442e+003	  1.6400229463700646e+003	
  1.1220000000000000e+004	 -1.5879758136241339e+003	  1.6792288303012479e+003	
  1.1250000000000000e+004	 -1.5765959134935304e+003	  1.7066573613448941e+003	
  1.1280000000000000e+004	 -1.5787996409652526e+003	  1.7094180240512899e+003	
  1.1310000000000000e+004	 -1.5640599621957747e+003	  1.7243790458238286e+003	
  1.1340000000000000e+004	 -1.5518491476153506e+003	  1.7326387726075213e+003	
  1.1370000000000000e+004	 -1.5229658808580850e+003	  1.7467092560865706e+003	
  1.1400000000000000e+004	 -1.5168424095019013e+003	  1.7338187361907244e+003	
  1.1430000000000000e+004	 -1.5207802150374489e+003	  1.7451062882561832e+003	
  1.1460000000000000e+004	 -1.5130852382563032e+003	  1.7580190715771118e+003	
  1.1490000000000000e+004	 -1.5092016207505969e+003	  1.7485348556645167e+003	
  1.1520000000000000e+004	 -1.5083707058532877e+003	  1.7358892349885202e+003	
  1.1550000000000000e+004	 -1.5120194999980695e+003	  1.7464198313418115e+003	
  1.1580000000000000e+004	 -1.5108815090182777e+003	  1.7470209415177426e+003	
  1.1610000000000000e+004	 -1.5099964068576705e+003	  1.7492027563880067e+003	
  1.1640000000000000e+004	 -1.5056973330833675e+003	  1.7482009026869468e+003	
  1.1670000000000000e+004	 -1.5043967738408446e+003	  1.7441489615483583e+003	
  1.1700000000000000e+004	 -1.5107731322534514e+003	  1.7476443176648077e+003	
  1.1730000000000000e+004	 -1.5127781613827487e+003	  1.7482676939677799e+003	
  1.1760000000000000e+004	 -1.5145483663573918e+003	  1.7466202006807587e+003	
  1.1790000000000000e+004	 -1.5146386840162918e+003	  1.7460413531991562e+003	
  1.1820000000000000e+004	 -1.5134284392955076e+003	  1.7434365316219209e+003	
  1.1850000000000000e+004	 -1.5110982716705789e+003	  1.7473771584323945e+003	
  1.1880000000000000e+004	 -1.5185223008599755e+003	  1.7476888472298845e+003	
  1.1910000000000000e+004	 -1.5119653105703183e+003	  1.7460858773814846e+003	
  1.1940000000000000e+004	 -1.5117124239885354e+003	  1.7458409824527685e+003	
  1.1970000000000000e+004	 -1.5141329113128136e+003	  1.7472435779756706e+003	
  1.2000000000000000e+004	 -1.5177275140604863e+003	  1.7494476581576048e+003	
  1.2030000000000000e+004	 -1.5173301207837121e+003	  1.7495144467490227e+003	
  1.2060000000000000e+004	 -1.5164088917481408e+003	  1.7486684361428379e+003	
  1.2090000000000000e+004	 -1.5095990144561777e+003	  1.7411211375616645e+003	
  1.2120000000000000e+004	 -1.5166617770831504e+003	  1.7481786414168168e+003	
  1.2150000000000000e+004	 -1.5150722032557489e+003	  1.7471099974845397e+003	
  1.2180000000000000e+004	 -1.5174204364496331e+003	  1.7513400473305192e+003	
  1.2210000000000000e+004	 -1.5065282477337382e+003	  1.7443493313891674e+003	
  1.2240000000000000e+004	 -1.5042161415218945e+003	  1.7346202181380163e+003	
  1.2270000000000000e+004	 -1.5059140947811070e+003	  1.7335070466282946e+003	
  1.2300000000000000e+004	 -1.5125794636925366e+003	  1.7544791908441080e+003	
  1.2330000000000000e+004	 -1.5120917519913505e+003	  1.7586647110344013e+003	
  1.2360000000000000e+004	 -1.5125794653164878e+003	  1.7463530401361336e+003	
  1.2390000000000000e+004	 -1.5152347740924711e+003	  1.7492472841955628e+003	
  1.2420000000000000e+004	 -1.5115859805353964e+003	  1.7469096237969031e+003	
  1.2450000000000000e+004	 -1.5142954787893109e+003	  1.7498929227278786e+003	
  1.2480000000000000e+004	 -1.5114053468115567e+003	  1.7474884725789343e+003	
  1.2510000000000000e+004	 -1.5127420342893715e+003	  1.7509615675567516e+003	
  1.2540000000000000e+004	 -1.5118208052769107e+003	  1.7551248269019241e+003	
  1.2570000000000000e+004	 -1.5130671744440253e+003	  1.7530543303912305e+003	
  1.2600000000000000e+004	 -1.5142232262318194e+003	  1.7547686129894755e+003	
  1.2630000000000000e+004	 -1.5206357101561821e+003	  1.7574624870080902e+003	
  1.2660000000000000e+004	 -1.5091293679936648e+003	  1.7431248440257762e+003	
  1.2690000000000000e+004	 -1.5121098160768415e+003	  1.7432584263207507e+003	
  1.2720000000000000e+004	 -1.5140606577381318e+003	  1.7484903273230198e+003	
  1.2750000000000000e+004	 -1.5074314139245193e+003	  1.7454847664571778e+003	
  1.2780000000000000e+004	 -1.5175830076246407e+003	  1.7410766082439955e+003	
  1.2810000000000000e+004	 -1.5117846773747629e+003	  1.7417667774602905e+003	
  1.2840000000000000e+004	 -1.5095448260493681e+003	  1.7453066588682468e+003	
  1.2870000000000000e+004	 -1.5099602815099929e+003	  1.7510728876126036e+003	
  1.2900000000000000e+004	 -1.5068353236519038e+003	  1.7488242779935711e+003	
  1.2930000000000000e+004	 -1.5081358852442308e+003	  1.7472881036158428e+003	
  1.2960000000000000e+004	 -1.5104118635167936e+003	  1.7497148147904722e+003	
  1.2990000000000000e+004	 -1.5101589783968873e+003	  1.7488910698583859e+003	
  1.3020000000000000e+004	 -1.5105744335362228e+003	  1.7490023887071907e+003	
  1.3050000000000000e+004	 -1.5121640055762296e+003	  1.7481341141508187e+003	
  1.3080000000000000e+004	 -1.5135006922496329e+003	  1.7474884741153728e+003	
  1.3110000000000000e+004	 -1.5106647510912264e+003	  1.7511619374218237e+003	
  1.3140000000000000e+004	 -1.5100505960513196e+003	  1.7575070148043765e+003	
  1.3170000000000000e+004	 -1.5045412808992212e+003	  1.7695515219213626e+003	
  1.3200000000000000e+004	 -1.5192809613063514e+003	  1.7516072097233191e+003	
  1.3230000000000000e+004	 -1.5107370054531871e+003	  1.7441489616777849e+003	
  1.3260000000000000e+004	 -1.5152347729424430e+003	  1.7508279862500960e+003	
  1.3290000000000000e+004	 -1.5076481742847611e+003	  1.7490469126885098e+003	
  1.3320000000000000e+004	 -1.5019943521886373e+003	  1.7506276174565060e+003	
  1.3350000000000000e+004	 -1.5078468705675605e+003	  1.7493363361923334e+003	
  1.3380000000000000e+004	 -1.5079191253526151e+003	  1.7499819779514116e+003	
  1.3410000000000000e+004	 -1.5138258346873813e+003	  1.7451062876409737e+003	
  1.3440000000000000e+004	 -1.5043064578888575e+003	  1.7435255856459885e+003	
  1.3470000000000000e+004	 -1.5078829963551725e+003	  1.7487797545069511e+003	
  1.3500000000000000e+004	 -1.5038006843208320e+003	  1.7451508140092894e+003	
  1.3530000000000000e+004	 -1.5165895242518577e+003	  1.7499151887937937e+003	
  1.3560000000000000e+004	 -1.5067811358292392e+003	  1.7441044360777737e+003	
  1.3590000000000000e+004	 -1.5070701464062918e+003	  1.7467537818857902e+003	
  1.3620000000000000e+004	 -1.5036923044392472e+003	  1.7435033213799547e+003	
  1.3650000000000000e+004	 -1.5004228411476233e+003	  1.7405868128718007e+003	
  1.3680000000000000e+004	 -1.5054444475368703e+003	  1.7456406103926681e+003	
  1.3710000000000000e+004	 -1.5076481724384512e+003	  1.7463085138534493e+003	
  1.3740000000000000e+004	 -1.5084429601750332e+003	  1.7477111097009561e+003	
  1.3770000000000000e+004	 -1.5095086983936667e+003	  1.7482009030376871e+003	
  1.3800000000000000e+004	 -1.5159211795668621e+003	  1.7516072071655083e+003	
  1.3830000000000000e+004	 -1.5175468801914667e+003	  1.7504717712666074e+003	
  1.3860000000000000e+004	 -1.5231645754040449e+003	  1.7455515579530991e+003	
  1.3890000000000000e+004	 -1.5112789034100117e+003	  1.7475552645158004e+003	
  1.3920000000000000e+004	 -1.5087681019397030e+003	  1.7430357915283762e+003	
  1.3950000000000000e+004	 -1.5090751779170878e+003	  1.7467537817128887e+003	
  1.3980000000000000e+004	 -1.5131755534394088e+003	  1.7502714033510078e+003	
  1.4010000000000000e+004	 -1.5090390501604300e+003	  1.7454179771264485e+003	
  1.4040000000000000e+004	 -1.5130852394369276e+003	  1.7492695492390499e+003	
  1.4070000000000000e+004	 -1.5123265763567617e+003	  1.7460858771406233e+003	
  1.4100000000000000e+004	 -1.5119833760509548e+003	  1.7437482186040038e+003	
  1.4130000000000000e+004	 -1.5083707068767289e+003	  1.7474216842106011e+003	
  1.4160000000000000e+004	 -1.5056612072963592e+003	  1.7469764162312035e+003	
  1.4190000000000000e+004	 -1.5078468709779063e+003	  1.7515849437148470e+003	
  1.4220000000000000e+004	 -1.5082442644353696e+003	  1.7531879088654393e+003	
  1.4250000000000000e+004	 -1.5041258236173412e+003	  1.7486239074667478e+003	
  1.4280000000000000e+004	 -1.5108092583411792e+003	  1.7427463679469067e+003	
  1.4310000000000000e+004	 -1.5118388678848012e+003	  1.7371359846309813e+003	
  1.4340000000000000e+004	 -1.5217917635113397e+003	  1.7367797675480695e+003	
  1.4370000000000000e+004	 -1.5143135419838595e+003	  1.7466424652665180e+003	
  1.4400000000000000e+004	 -1.5106828132727690e+003	  1.7484680645733970e+003	
  1.4430000000000000e+004	 -1.5067450092888218e+003	  1.7483567472870448e+003	
  1.4460000000000000e+004	 -1.5061850437676853e+003	  1.7465756726406610e+003	
  1.4490000000000000e+004	 -1.5071062751119612e+003	  1.7442602786518612e+003	
  1.4520000000000000e+004	 -1.5081720120169207e+003	  1.7454179761677165e+003	
  1.4550000000000000e+004	 -1.5097977111781152e+003	  1.7457074000409534e+003	
  1.4580000000000000e+004	 -1.5084248981276330e+003	  1.7368242966161192e+003	
  1.4610000000000000e+004	 -1.5079913783485645e+003	  1.7417445108688485e+003	
  1.4640000000000000e+004	 -1.5122904490706646e+003	  1.7469096222544536e+003	
  1.4670000000000000e+004	 -1.5081720120169207e+003	  1.7439263272552394e+003	
  1.4700000000000000e+004	 -1.5220085232045897e+003	  1.7617815899994268e+003	
  1.4730000000000000e+004	 -1.5047580397940042e+003	  1.7418335643665887e+003	
  1.4760000000000000e+004	 -1.5197325421391031e+003	  1.7575070110632455e+003	
  1.4790000000000000e+004	 -1.5247180231429923e+003	  1.7646758346609010e+003	
  1.4820000000000000e+004	 -1.5131213628095570e+003	  1.7497148184028460e+003	
  1.4850000000000000e+004	 -1.5132297426287805e+003	  1.7468428335179531e+003	
  1.4880000000000000e+004	 -1.5136632641903620e+003	  1.7521860573973470e+003	
  1.4910000000000000e+004	 -1.5140245300365345e+003	  1.7538558110299200e+003	
  1.4940000000000000e+004	 -1.5096893298000346e+003	  1.7535218641011638e+003	
  1.4970000000000000e+004	 -1.5101409151263638e+003	  1.7484235372789367e+003	
  1.5000000000000000e+004	 -1.5110079537268653e+003	  1.7462417246406160e+003	
  1.5030000000000000e+004	 -1.5095267602794570e+003	  1.7481563759071548e+003	
  1.5060000000000000e+004	 -1.5103215476216699e+003	  1.7460636133178627e+003	
  1.5090000000000000e+004	 -1.5195338460643700e+003	  1.7507166693392114e+003	
  1.5120000000000000e+004	 -1.5178178300870441e+003	  1.7504495099712299e+003	
  1.5150000000000000e+004	 -1.5212318003435212e+003	  1.7509170412051324e+003	
  1.5180000000000000e+004	 -1.5255489383147574e+003	  1.7514290999389657e+003	
  1.5210000000000000e+004	 -1.5348876798360066e+003	  1.7540784484517249e+003	
  1.5240000000000000e+004	 -1.5320156081067939e+003	  1.7528762235464048e+003	
  1.5270000000000000e+004	 -1.5356463388033519e+003	  1.7630283418749689e+003	
  1.5300000000000000e+004	 -1.5323226873069912e+003	  1.7610691629494970e+003	
  1.5330000000000000e+004	 -1.5281139294774775e+003	  1.7538780784910803e+003	
  1.5360000000000000e+004	 -1.5147289987457229e+003	  1.7500710287893708e+003	
  1.5390000000000000e+004	 -1.5168243472989552e+003	  1.7511174130548527e+003	
  1.5420000000000000e+004	 -1.5209969774214399e+003	  1.7541007105085166e+003	
  1.5450000000000000e+004	 -1.5231284511508898e+003	  1.7543456096904197e+003	
  1.5480000000000000e+004	 -1.5166798398092808e+003	  1.7492918108518443e+003	
  1.5510000000000000e+004	 -1.5269036856704158e+003	  1.7489801255386185e+003	
  1.5540000000000000e+004	 -1.5213401797759493e+003	  1.7457964549061921e+003	
  1.5570000000000000e+004	 -1.5241219305825321e+003	  1.7589541341259821e+003	
  1.5600000000000000e+004	 -1.5209461452514784e+003	  1.7493860410570569e+003	
  1.5630000000000000e+004	 -1.5229297525018223e+003	  1.7446164930377931e+003	
  1.5660000000000000e+004	 -1.5149367280936210e+003	  1.7455626864441529e+003	
  1.5690000000000000e+004	 -1.5097886774766496e+003	  1.7443827271776354e+003	
  1.5720000000000000e+004	 -1.5126968759210981e+003	  1.7439374570261684e+003	
  1.5750000000000000e+004	 -1.5210872946067416e+003	  1.7496702890157744e+003	
  1.5780000000000000e+004	 -1.5165353339478711e+003	  1.7519968154081605e+003	
  1.5810000000000000e+004	 -1.5112066518254301e+003	  1.7392398796668017e+003	
  1.5840000000000000e+004	 -1.5108724793876463e+003	  1.7416665922831612e+003	
  1.5870000000000000e+004	 -1.5102402615245014e+003	  1.7435144558544155e+003	
  1.5900000000000000e+004	 -1.5184681084443555e+003	  1.7555255685213094e+003	
  1.5930000000000000e+004	 -1.5082894235504575e+003	  1.7421118572397208e+003	
  1.5960000000000000e+004	 -1.5079733142495365e+003	  1.7406981313578158e+003	
  1.5990000000000000e+004	 -1.5169146651740953e+003	  1.7562602654667510e+003	
  1.6020000000000000e+004	 -1.5147019047051706e+003	  1.7505385626626448e+003	
  1.6050000000000000e+004	 -1.5130942684137631e+003	  1.7479448746322439e+003	
  1.6080000000000000e+004	 -1.5115317887466108e+003	  1.7490580459522530e+003	
  1.6110000000000000e+004	 -1.5126607474706002e+003	  1.7476443179529524e+003	
  1.6140000000000000e+004	 -1.5137084237234915e+003	  1.7519411571919604e+003	
  1.6170000000000000e+004	 -1.5092016189765288e+003	  1.7517741833559546e+003	
  1.6200000000000000e+004	 -1.5100144715430592e+003	  1.7421118570028586e+003	
  1.6230000000000000e+004	 -1.5008292658275445e+003	  1.7369912709702699e+003	
  1.6260000000000000e+004	 -1.5035026408293111e+003	  1.7513066494462669e+003	
  1.6290000000000000e+004	 -1.5072417493126834e+003	  1.7449615779768042e+003	
  1.6320000000000000e+004	 -1.5151354246480025e+003	  1.7536220465262311e+003	
  1.6350000000000000e+004	 -1.5211956724743145e+003	  1.7519634249758753e+003	
  1.6380000000000000e+004	 -1.5840289766243038e+003	  1.7863047463199994e+003	
  1.6410000000000000e+004	 -1.5351522212651016e+003	  1.7726569115954983e+003	
  1.6440000000000000e+004	 -1.5228574987260438e+003	  1.7448168623036952e+003	
  1.6470000000000000e+004	 -1.5042522692664047e+003	  1.7472658373837769e+003	
  1.6500000000000000e+004	 -1.5128323512650695e+003	  1.7590654533658299e+003	
  1.6530000000000000e+004	 -1.5151805834290340e+003	  1.7489355959869340e+003	
  1.6560000000000000e+004	 -1.5194254666912393e+003	  1.7526090621946441e+003	
  1.6590000000000000e+004	 -1.5149096335783006e+003	  1.7385831040634303e+003	
  1.6620000000000000e+004	 -1.5149999496173664e+003	  1.7445942285939877e+003	
  1.6650000000000000e+004	 -1.5212318013828915e+003	  1.7369133518663921e+003	
  1.6680000000000000e+004	 -1.4900725504731715e+003	  1.6996221198261333e+003	
  1.6710000000000000e+004	 -1.5306247330885212e+003	  1.7691953133049442e+003	
  1.6740000000000000e+004	 -1.5289990325951239e+003	  1.7589541341259821e+003	
  1.6770000000000000e+004	 -1.5083165196877728e+003	  1.7381378377519577e+003	
  1.6800000000000000e+004	 -1.5000977007415495e+003	  1.7507166698053281e+003	
  1.6830000000000000e+004	 -1.4920595153864970e+003	  1.7472658373837769e+003	
  1.6860000000000000e+004	 -1.4868211494985217e+003	  1.7371359846309813e+003	
  1.6890000000000000e+004	 -1.4996461171312496e+003	  1.7449281827416683e+003	
  1.6920000000000000e+004	 -1.5005492868978258e+003	  1.7565051591991446e+003	
  1.6950000000000000e+004	 -1.5139161475875658e+003	  1.7501600829871841e+003	
  1.6980000000000000e+004	 -1.5199673660851929e+003	  1.7467092524207942e+003	
  1.7010000000000000e+004	 -1.5119291856425439e+003	  1.7410320851057077e+003	
  1.7040000000000000e+004	 -1.5124710834450723e+003	  1.7297890545117687e+003	
  1.7070000000000000e+004	 -1.5172578684706687e+003	  1.7393623236569608e+003	
  1.7100000000000000e+004	 -1.5112969680143376e+003	  1.7370246692155149e+003	
  1.7130000000000000e+004	 -1.5129226689202835e+003	  1.7398075932801951e+003	
  1.7160000000000000e+004	 -1.5149096335783006e+003	  1.7351322764885872e+003	
  1.7190000000000000e+004	 -1.5102131670832330e+003	  1.7374699374744876e+003	
  1.7220000000000000e+004	 -1.5165353331844797e+003	  1.7457074029647083e+003	
  1.7250000000000000e+004	 -1.5154515325185380e+003	  1.7351322764885872e+003	
  1.7280000000000000e+004	 -1.5193351491697636e+003	  1.7376925717014681e+003	
  1.7310000000000000e+004	 -1.5290893493454578e+003	  1.7307909070753790e+003	
  1.7340000000000000e+004	 -1.5233993987005929e+003	  1.7360228110561211e+003	
  1.7370000000000000e+004	 -1.5174385013644901e+003	  1.7462639865519909e+003	
  1.7400000000000000e+004	 -1.5165353331844797e+003	  1.7460413537150744e+003	
  1.7430000000000000e+004	 -1.5187029337353497e+003	  1.7447055451171670e+003	
  1.7460000000000000e+004	 -1.5147290002526570e+003	  1.7457074029647083e+003	
  1.7490000000000000e+004	 -1.4976591485506640e+003	  1.7410320851057077e+003	
  1.7520000000000000e+004	 -1.5063295499601948e+003	  1.7447055451171670e+003	
  1.7550000000000000e+004	 -1.5124710834450723e+003	  1.7393623236569608e+003	
  1.7580000000000000e+004	 -1.5130129841690309e+003	  1.7439263278540911e+003	
  1.7610000000000000e+004	 -1.5088584189176390e+003	  1.7398075932801951e+003	
  1.7640000000000000e+004	 -1.4983816835657128e+003	  1.7332398839040204e+003	
  1.7670000000000000e+004	 -1.5004589678978436e+003	  1.7346870069927197e+003	
  1.7700000000000000e+004	 -1.5053360686387550e+003	  1.7420339400909043e+003	
  1.7730000000000000e+004	 -1.5037103679806223e+003	  1.7411433985148265e+003	
  1.7760000000000000e+004	 -1.5027168831609399e+003	  1.7441489613691608e+003	
  1.7790000000000000e+004	 -1.4968463010427602e+003	  1.7383604747720860e+003	
  1.7820000000000000e+004	 -1.5042522692664047e+003	  1.7394736400648592e+003	
  1.7850000000000000e+004	 -1.5150902662343119e+003	  1.7394736400648592e+003	
  1.7880000000000000e+004	 -1.5140064662149382e+003	  1.7449281827416683e+003	
  1.7910000000000000e+004	 -1.5121098159274363e+003	  1.7425905229446605e+003	
  1.7940000000000000e+004	 -1.5111163332157082e+003	  1.7442602778273845e+003	
  1.7970000000000000e+004	 -1.5076843028808421e+003	  1.7450394986662902e+003	
  1.8000000000000000e+004	 -1.5074133508317811e+003	  1.7445942285939877e+003	
  1.8030000000000000e+004	 -1.4982010500742631e+003	  1.7375812503562099e+003	
  1.8060000000000000e+004	 -1.4883565357388434e+003	  1.7359114945033486e+003	
  1.8090000000000000e+004	 -1.5015427681878286e+003	  1.7313474940708074e+003	
  1.8120000000000000e+004	 -1.4973882011568926e+003	  1.7452621350930294e+003	
  1.8150000000000000e+004	 -1.5117485516998220e+003	  1.7414773505123524e+003	
  1.8180000000000000e+004	 -1.5081358842676291e+003	  1.7378038885144665e+003	
  1.8210000000000000e+004	 -1.5052457518259960e+003	  1.7437036944039501e+003	
  1.8240000000000000e+004	 -1.5014524487915414e+003	  1.7511619382598872e+003	
  1.8270000000000000e+004	 -1.4991042167886601e+003	  1.7428131560704455e+003	
  1.8300000000000000e+004	 -1.5069617657103652e+003	  1.7421452542959926e+003	
  1.8330000000000000e+004	 -1.5118388653944123e+003	  1.7460413537150744e+003	
  1.8360000000000000e+004	 -1.5149999496173664e+003	  1.7474884744542353e+003	
  1.8390000000000000e+004	 -1.5108453838682051e+003	  1.7454847664090933e+003	
  1.8420000000000000e+004	 -1.5053360686387550e+003	  1.7366907165666864e+003	
  1.8450000000000000e+004	 -1.5181610322076722e+003	  1.7508279865723489e+003	
  1.8480000000000000e+004	 -1.5543780117883391e+003	  1.8027017569264342e+003	
  1.8510000000000000e+004	 -1.5799376325214309e+003	  1.8288612765302216e+003	
  1.8540000000000000e+004	 -1.5687277399915658e+003	  1.8163217312009660e+003	
  1.8570000000000000e+004	 -1.5166256499079275e+003	  1.7518966303276623e+003	
  1.8600000000000000e+004	 -1.4975688352160244e+003	  1.7239115133584455e+003	
  1.8630000000000000e+004	 -1.4709254185928905e+003	  1.6802084193894093e+003	
  1.8660000000000000e+004	 -1.5611698285145080e+003	  1.8312879881075510e+003	
  1.8690000000000000e+004	 -1.5567262477962345e+003	  1.8053733690261640e+003	
  1.8720000000000000e+004	 -1.5507034528322351e+003	  1.7983985349265968e+003	
  1.8750000000000000e+004	 -1.5394107122747366e+003	  1.7853207209899088e+003	
  1.8780000000000000e+004	 -1.5281179717172383e+003	  1.7722429070532207e+003	
  1.8810000000000000e+004	 -1.5168252311597396e+003	  1.7591650931165327e+003	
  1.8840000000000000e+004	 -1.5055324906022413e+003	  1.7460872791798445e+003	
  1.8870000000000000e+004	 -1.5103486401991565e+003	  1.7475107364917171e+003	
  1.8900000000000000e+004	 -1.5168514434341571e+003	  1.7466424661173837e+003	
  1.8930000000000000e+004	 -1.4920504851524026e+003	  1.7511396745357292e+003	
  1.8960000000000000e+004	 -1.5011995653028309e+003	  1.7488688073107933e+003	
  1.8990000000000000e+004	 -1.5043154893987696e+003	  1.7449838408723808e+003	
  1.9020000000000000e+004	 -1.5059231265940880e+003	  1.7538892087503718e+003	
  1.9050000000000000e+004	 -1.5173120574809814e+003	  1.7551916179683526e+003	
  1.9080000000000000e+004	 -1.5070430510529395e+003	  1.7392844029964388e+003	
  1.9110000000000000e+004	 -1.5138348635846482e+003	  1.7467092558239171e+003	
  1.9140000000000000e+004	 -1.5091654956226878e+003	  1.7444272551925947e+003	
  1.9170000000000000e+004	 -1.5083074837817585e+003	  1.7442046198161133e+003	
  1.9200000000000000e+004	 -1.5069707995818364e+003	  1.7423344918540593e+003	
  1.9230000000000000e+004	 -1.5005583177448830e+003	  1.7416554573646904e+003	
  1.9260000000000000e+004	 -1.4632214089022618e+003	  1.6768132457818945e+003	
  1.9290000000000000e+004	 -1.4797222617352111e+003	  1.7042529156276887e+003	
  1.9320000000000000e+004	 -1.5143857963206563e+003	  1.7634068203672828e+003	
  1.9350000000000000e+004	 -1.4987700475240483e+003	  1.7333957291602158e+003	
  1.9380000000000000e+004	 -1.5072507827413856e+003	  1.7525756648448412e+003	
  1.9410000000000000e+004	 -1.5054896051822755e+003	  1.7473994185015508e+003	
  1.9440000000000000e+004	 -1.5059592515461998e+003	  1.7479782678946663e+003	
  1.9470000000000000e+004	 -1.5056160473735893e+003	  1.7534662044422671e+003	
  1.9500000000000000e+004	 -1.5075668904239731e+003	  1.7479782696266898e+003	
  1.9530000000000000e+004	 -1.5072236856021493e+003	  1.7426350488256662e+003	
  1.9560000000000000e+004	 -1.5054715421864257e+003	  1.7451285532562292e+003	
  1.9590000000000000e+004	 -1.5038639054627170e+003	  1.7441266983848811e+003	
  1.9620000000000000e+004	 -1.5073772227937739e+003	  1.7430246590310030e+003	
  1.9650000000000000e+004	 -1.5042703314989544e+003	  1.7434142686051159e+003	
  1.9680000000000000e+004	 -1.5010279615246518e+003	  1.7390283759932718e+003	
  1.9710000000000000e+004	 -1.5283035951961970e+003	  1.7981377559850803e+003	
  1.9740000000000000e+004	 -1.5290893477978516e+003	  1.7942517783320886e+003	
  1.9770000000000000e+004	 -1.4478043523331789e+003	  1.5839636558184166e+003	
  1.9800000000000000e+004	 -1.4793248684649486e+003	  1.6786945081355477e+003	
  1.9830000000000000e+004	 -1.4848341856210784e+003	  1.7029616355592814e+003	
  1.9860000000000000e+004	 -1.4973882011568926e+003	  1.7252250562934032e+003	
  1.9890000000000000e+004	 -1.4972075684631570e+003	  1.7135367558683495e+003	
  1.9920000000000000e+004	 -1.4925111038031569e+003	  1.7047427112310154e+003	
  1.9950000000000000e+004	 -1.4948593330575600e+003	  1.7187686604233274e+003	
  1.9980000000000000e+004	 -1.5128323512650695e+003	  1.7522751079464456e+003	
  2.0010000000000000e+004	 -1.5150902662343119e+003	  1.7552806730477951e+003	
  2.0040000000000000e+004	 -1.5145483662571410e+003	  1.7475997926903860e+003	
  2.0070000000000000e+004	 -1.5165353331844797e+003	  1.7573956953371435e+003	
  2.0100000000000000e+004	 -1.5120195004954098e+003	  1.7506053511196021e+003	
  2.0130000000000000e+004	 -1.5144580501263929e+003	  1.7585088688814608e+003	
  2.0160000000000000e+004	 -1.5190641970894305e+003	  1.7685274054219021e+003	
  2.0190000000000000e+004	 -1.5244832014184306e+003	  1.7703084833219350e+003	
  2.0220000000000000e+004	 -1.5125613987855072e+003	  1.7448168623036952e+003	
  2.0250000000000000e+004	 -1.5080455674281259e+003	  1.7450394986662902e+003	
  2.0280000000000000e+004	 -1.5100325342338533e+003	  1.7351322764885872e+003	
  2.0310000000000000e+004	 -1.5113872818001155e+003	  1.7425905229446605e+003	
  2.0340000000000000e+004	 -1.5147290002526570e+003	  1.7447055451171670e+003	
  2.0370000000000000e+004	 -1.5109357007343033e+003	  1.7457074029647083e+003	
  2.0400000000000000e+004	 -1.5143677345737897e+003	  1.7440376455745904e+003	
  2.0430000000000000e+004	 -1.5277345991331351e+003	  1.7640747195951342e+003	
  2.0460000000000000e+004	 -1.5418239979198893e+003	  1.7750951138931005e+003	
  2.0490000000000000e+004	 -1.5156321661465211e+003	  1.7494921825635963e+003	
  2.0520000000000000e+004	 -1.5100325342338533e+003	  1.7391396902409138e+003	
  2.0550000000000000e+004	 -1.5099422171833608e+003	  1.7506053511196021e+003	
  2.0580000000000000e+004	 -1.5112969680143376e+003	  1.7491582296655795e+003	
  2.0610000000000000e+004	 -1.5156321661465211e+003	  1.7451508126663175e+003	
  2.0640000000000000e+004	 -1.5131032999965112e+003	  1.7434810610187631e+003	
  2.0670000000000000e+004	 -1.5115679170857593e+003	  1.7475997926903860e+003	
  2.0700000000000000e+004	 -1.5103938022511347e+003	  1.7475997926903860e+003	
  2.0730000000000000e+004	 -1.5131032999965112e+003	  1.7454847664090933e+003	
  2.0760000000000000e+004	 -1.5105744367469615e+003	  1.7497148202753135e+003	
  2.0790000000000000e+004	 -1.5109357007343033e+003	  1.7486016426846541e+003	
  2.0820000000000000e+004	 -1.5117485516998220e+003	  1.7463753052576437e+003	
  2.0850000000000000e+004	 -1.5103034858725716e+003	  1.7479337410354328e+003	
  2.0880000000000000e+004	 -1.5103938022511347e+003	  1.7455960856491029e+003	
  2.0910000000000000e+004	 -1.5094003150907206e+003	  1.7469318906231401e+003	
  2.0940000000000000e+004	 -1.5020846667309856e+003	  1.7484903262408209e+003	
  2.0970000000000000e+004	 -1.5063295499601948e+003	  1.7557259364214890e+003	
  2.1000000000000000e+004	 -1.5039813175057375e+003	  1.7499374503082186e+003	
  2.1030000000000000e+004	 -1.5011815001166051e+003	  1.7498261362514347e+003	
  2.1060000000000000e+004	 -1.5082261986931258e+003	  1.7472658373837769e+003	
  2.1090000000000000e+004	 -1.5110260181797369e+003	  1.7491582296655795e+003	
  2.1120000000000000e+004	 -1.5084971514409729e+003	  1.7499374503082186e+003	
  2.1150000000000000e+004	 -1.5103938022511347e+003	  1.7454847664090933e+003	
  2.1180000000000000e+004	 -1.5133742539345483e+003	  1.7447055451171670e+003	
  2.1210000000000000e+004	 -1.5149096335783006e+003	  1.7470432081324861e+003	
  2.1240000000000000e+004	 -1.5112969680143376e+003	  1.7455960856491029e+003	
  2.1270000000000000e+004	 -1.5105744367469615e+003	  1.7479337410354328e+003	
  2.1300000000000000e+004	 -1.5092196837049607e+003	  1.7452621350930294e+003	
  2.1330000000000000e+004	 -1.5094906346456103e+003	  1.7449281827416683e+003	
  2.1360000000000000e+004	 -1.5070520845697138e+003	  1.7497148202753135e+003	
  2.1390000000000000e+004	 -1.5050651169446771e+003	  1.7418113007108243e+003	
  2.1420000000000000e+004	 -1.5042522692664047e+003	  1.7468205711908374e+003	
  2.1450000000000000e+004	 -1.5119291856425439e+003	  1.7527203798798853e+003	
  2.1480000000000000e+004	 -1.5038006839068321e+003	  1.7488242801402937e+003	
  2.1510000000000000e+004	 -1.5083165196877728e+003	  1.7539448690375427e+003	
  2.1540000000000000e+004	 -1.5091293658897580e+003	  1.7520524759422683e+003	
  2.1570000000000000e+004	 -1.5180707168087999e+003	  1.7504940356747925e+003	
  2.1600000000000000e+004	 -1.5101228518640057e+003	  1.7511619382598872e+003	
  2.1630000000000000e+004	 -1.5083165196877728e+003	  1.7463753052576437e+003	
  2.1660000000000000e+004	 -1.5117485516998220e+003	  1.7510506246684326e+003	
  2.1690000000000000e+004	 -1.5121098159274363e+003	  1.7432584225171502e+003	
  2.1720000000000000e+004	 -1.5185222995696604e+003	  1.7258929588436386e+003	
  2.1750000000000000e+004	 -1.5048844843898805e+003	  1.7492695500791322e+003	
  2.1780000000000000e+004	 -1.5177094490800571e+003	  1.7506053511196021e+003	
  2.1810000000000000e+004	 -1.5007299176188160e+003	  1.7506053511196021e+003	
  2.1840000000000000e+004	 -1.5082261986931258e+003	  1.7430357892612838e+003	
  2.1870000000000000e+004	 -1.5081358842676291e+003	  1.7498261362514347e+003	
  2.1900000000000000e+004	 -1.5087681004298333e+003	  1.7479337410354328e+003	
  2.1930000000000000e+004	 -1.5064198677505055e+003	  1.7464866194539056e+003	
  2.1960000000000000e+004	 -1.5094003150907206e+003	  1.7475997926903860e+003	
  2.1990000000000000e+004	 -1.5028975178054916e+003	  1.7429244723338345e+003	
  2.2020000000000000e+004	 -1.5086777855155947e+003	  1.7428131560704455e+003	
  2.2050000000000000e+004	 -1.5092196837049607e+003	  1.7447055451171670e+003	
  2.2080000000000000e+004	 -1.5107550675815464e+003	  1.7461526659224928e+003	
  2.2110000000000000e+004	 -1.5123807656974411e+003	  1.7448168623036952e+003	
  2.2140000000000000e+004	 -1.5114775991534027e+003	  1.7452621350930294e+003	
  2.2170000000000000e+004	 -1.5112969680143376e+003	  1.7452621350930294e+003	
  2.2200000000000000e+004	 -1.5118388653944123e+003	  1.7488242801402937e+003	
  2.2230000000000000e+004	 -1.5140967854202609e+003	  1.7503827183112014e+003	
  2.2260000000000000e+004	 -1.5159031149610655e+003	  1.7536109142124087e+003	
  2.2290000000000000e+004	 -1.5097615848217706e+003	  1.7504940356747925e+003	
  2.2320000000000000e+004	 -1.5137355150506075e+003	  1.7519411596423249e+003	
  2.2350000000000000e+004	 -1.5103034858725716e+003	  1.7528316956487417e+003	
  2.2380000000000000e+004	 -1.5110260181797369e+003	  1.7483790078758805e+003	
  2.2410000000000000e+004	 -1.5057876524250960e+003	  1.7470432081324861e+003	
  2.2440000000000000e+004	 -1.5064198677505055e+003	  1.7416999859065113e+003	
  2.2470000000000000e+004	 -1.5068714504288228e+003	  1.7454847664090933e+003	
  2.2500000000000000e+004	 -1.5063295499601948e+003	  1.7379152059934113e+003	
  2.2530000000000000e+004	 -1.5069617657103652e+003	  1.7429244723338345e+003	
  2.2560000000000000e+004	 -1.5027168831609399e+003	  1.7412547125890494e+003	
  2.2590000000000000e+004	 -1.5042522692664047e+003	  1.7452621350930294e+003	
  2.2620000000000000e+004	 -1.5046135324177226e+003	  1.7422565691657005e+003	
  2.2650000000000000e+004	 -1.5072327180372861e+003	  1.7401415472896260e+003	
  2.2680000000000000e+004	 -1.5119291856425439e+003	  1.7465979368988856e+003	
  2.2710000000000000e+004	 -1.5142774166169797e+003	  1.7474884744542353e+003	
  2.2740000000000000e+004	 -1.5108453838682051e+003	  1.7444829127342841e+003	
  2.2770000000000000e+004	 -1.5019943498522275e+003	  1.7378038885144665e+003	
  2.2800000000000000e+004	 -1.5082261986931258e+003	  1.7439263278540911e+003	
  2.2830000000000000e+004	 -1.5112969680143376e+003	  1.7467092524207942e+003	
  2.2860000000000000e+004	 -1.5125613987855072e+003	  1.7494921825635963e+003	
  2.2890000000000000e+004	 -1.5065101831239460e+003	  1.7455960856491029e+003	
  2.2920000000000000e+004	 -1.5066908186118424e+003	  1.7474884744542353e+003	
  2.2950000000000000e+004	 -1.5081358842676291e+003	  1.7474884744542353e+003	
  2.2980000000000000e+004	 -1.5100325342338533e+003	  1.7468205711908374e+003	
  2.3010000000000000e+004	 -1.5071424010130781e+003	  1.7458187157693753e+003	
  2.3040000000000000e+004	 -1.5066908186118424e+003	  1.7477111090044666e+003	
  2.3070000000000000e+004	 -1.5221349659853743e+003	  1.7774327719697833e+003	
  2.3100000000000000e+004	 -1.5088584189176390e+003	  1.7516072095506204e+003	
  2.3130000000000000e+004	 -1.5040716321755312e+003	  1.7381378377519577e+003	
  2.3160000000000000e+004	 -1.5100325342338533e+003	  1.7520524759422683e+003	
  2.3190000000000000e+004	 -1.5071424010130781e+003	  1.7459300344109181e+003	
  2.3220000000000000e+004	 -1.5111163332157082e+003	  1.7531656469170246e+003	
  2.3250000000000000e+004	 -1.5098519007126317e+003	  1.7507166698053281e+003	
  2.3280000000000000e+004	 -1.5126517176904968e+003	  1.7708650647843906e+003	
  2.3310000000000000e+004	 -1.5086777855155947e+003	  1.7543901342090564e+003	
  2.3340000000000000e+004	 -1.5094906346456103e+003	  1.7642973550705744e+003	
  2.3370000000000000e+004	 -1.5100325342338533e+003	  1.7538335492444214e+003	
  2.3400000000000000e+004	 -1.5098519007126317e+003	  1.7447055451171670e+003	
  2.3430000000000000e+004	 -1.5090390486545398e+003	  1.7411433985148265e+003	
  2.3460000000000000e+004	 -1.5122904515149287e+003	  1.7400302294866674e+003	
  2.3490000000000000e+004	 -1.5144580501263929e+003	  1.7370246692155149e+003	
  2.3520000000000000e+004	 -1.5169869175039969e+003	  1.7452621350930294e+003	
  2.3550000000000000e+004	 -1.5173481846290938e+003	  1.7455960856491029e+003	
  2.3580000000000000e+004	 -1.5116582355970813e+003	  1.7405868121760388e+003	
  2.3610000000000000e+004	 -1.5133742539345483e+003	  1.7434810610187631e+003	
  2.3640000000000000e+004	 -1.5142774166169797e+003	  1.7465979368988856e+003	
  2.3670000000000000e+004	 -1.5216833839124058e+003	  1.7661897460750315e+003	
  2.3700000000000000e+004	 -1.5131032999965112e+003	  1.7511619382598872e+003	
  2.3730000000000000e+004	 -1.5201480008527303e+003	  1.7624049642098244e+003	
  2.3760000000000000e+004	 -1.5270120671646923e+003	  1.7729800912406920e+003	
  2.3790000000000000e+004	 -1.5274636497814463e+003	  1.7569504284247851e+003	
  2.3820000000000000e+004	 -1.5205995815097358e+003	  1.7524977425926534e+003	
  2.3850000000000000e+004	 -1.5187932501959212e+003	  1.7431471068526653e+003	
  2.3880000000000000e+004	 -1.5230381346938975e+003	  1.7580636013265535e+003	
  2.3910000000000000e+004	 -1.5230003449791113e+003	  1.7569644031186133e+003	
  2.3940000000000000e+004	 -1.5229436604069322e+003	  1.7553156058067029e+003	
  2.3970000000000000e+004	 -1.5228869758347530e+003	  1.7536668084947928e+003	
  2.4000000000000000e+004	 -1.5228302912625741e+003	  1.7520180111828824e+003	
  2.4030000000000000e+004	 -1.5227736066903951e+003	  1.7503692138709721e+003	
  2.4060000000000000e+004	 -1.5227169221182157e+003	  1.7487204165590617e+003	
  2.4090000000000000e+004	 -1.5226602375460368e+003	  1.7470716192471516e+003	
  2.4120000000000000e+004	 -1.5226035529738576e+003	  1.7454228219352415e+003	
  2.4150000000000000e+004	 -1.5031413720840033e+003	  1.7787351820348263e+003	
  2.4180000000000000e+004	 -1.4916892211068641e+003	  1.8282490304211929e+003	
  2.4210000000000000e+004	 -1.5094996656373883e+003	  1.7766424221783109e+003	
  2.4240000000000000e+004	 -1.5020846667309856e+003	  1.7232324797962544e+003	
  2.4270000000000000e+004	 -1.5100325342338533e+003	  1.6879338258426974e+003	
  2.4300000000000000e+004	 -1.5138077706953707e+003	  1.6923231444968749e+003	
  2.4330000000000000e+004	 -1.5241038701358725e+003	  1.7042940135537208e+003	
  2.4360000000000000e+004	 -1.5297396302867207e+003	  1.7029838972991959e+003	
  2.4390000000000000e+004	 -1.5318169131200302e+003	  1.7164755299361946e+003	
  2.4420000000000000e+004	 -1.5198228603859097e+003	  1.7264272799922692e+003	
  2.4450000000000000e+004	 -1.5108995745069574e+003	  1.7287204106363547e+003	
  2.4480000000000000e+004	 -1.5082803924616937e+003	  1.7606684199813237e+003	
  2.4510000000000000e+004	 -1.5075036676039449e+003	  1.7723789789151881e+003	
  2.4540000000000000e+004	 -1.5075759230509800e+003	  1.7731804622217267e+003	
  2.4570000000000000e+004	 -1.4997725583919887e+003	  1.7656776884854903e+003	
  2.4600000000000000e+004	 -1.4998267512332864e+003	  1.7589541341259821e+003	
  2.4630000000000000e+004	 -1.5004808341567245e+003	  1.7572105571240727e+003	
  2.4660000000000000e+004	 -1.5017072396381716e+003	  1.7539413502454920e+003	
  2.4690000000000000e+004	 -1.5029336451196189e+003	  1.7506721433669113e+003	
  2.4720000000000000e+004	 -1.5041600506010659e+003	  1.7474029364883311e+003	
  2.4750000000000000e+004	 -1.5053864560825132e+003	  1.7441337296097506e+003	
  2.4780000000000000e+004	 -1.5066128615639602e+003	  1.7408645227311699e+003	
  2.4810000000000000e+004	 -1.5093822564278239e+003	  1.7447278103885649e+003	
  2.4840000000000000e+004	 -1.5118569324118621e+003	  1.7540561819468523e+003	
  2.4870000000000000e+004	 -1.5073410966531058e+003	  1.7508057259135767e+003	
  2.4900000000000000e+004	 -1.5073230335568187e+003	  1.7549912485119839e+003	
  2.4930000000000000e+004	 -1.4999893208602311e+003	  1.7702639524773906e+003	
  2.4960000000000000e+004	 -1.5029155807873587e+003	  1.7544791908441080e+003	
  2.4990000000000000e+004	 -1.5043245209998859e+003	  1.7641860383359624e+003	
  2.5020000000000000e+004	 -1.5123988292981417e+003	  1.7366461882207327e+003	
  2.5050000000000000e+004	 -1.5092919372729991e+003	  1.7330172514207461e+003	
  2.5080000000000000e+004	 -1.5013621339672980e+003	  1.7552361446338837e+003	
  2.5110000000000000e+004	 -1.5062753613585894e+003	  1.7587315014122098e+003	
  2.5140000000000000e+004	 -1.5080455665381294e+003	  1.7584420774715040e+003	
  2.5170000000000000e+004	 -1.5134645670124817e+003	  1.7626721262434141e+003	
  2.5200000000000000e+004	 -1.5087139105820884e+003	  1.7611359511145351e+003	
  2.5230000000000000e+004	 -1.5077023667553533e+003	  1.7593326141471341e+003	
  2.5260000000000000e+004	 -1.5077565538915921e+003	  1.7728019807732330e+003	
  2.5290000000000000e+004	 -1.5022472363502500e+003	  1.7463530391723223e+003	
  2.5320000000000000e+004	 -1.5019762877753626e+003	  1.7612917944673798e+003	
  2.5350000000000000e+004	 -1.4989777761103528e+003	  1.7738260996696395e+003	
  2.5380000000000000e+004	 -1.5126697782716737e+003	  1.7678595024527572e+003	
  2.5410000000000000e+004	 -1.5045593442225463e+003	  1.7581971813016801e+003	
  2.5440000000000000e+004	 -1.5032587850689349e+003	  1.7537222326861106e+003	
  2.5470000000000000e+004	 -1.5091293685898104e+003	  1.7561712074561979e+003	
  2.5500000000000000e+004	 -1.5082262024333784e+003	  1.7612917941629887e+003	
  2.5530000000000000e+004	 -1.5112518075079120e+003	  1.7499374513423622e+003	
  2.5560000000000000e+004	 -1.5111163333674745e+003	  1.7565051630879880e+003	
  2.5590000000000000e+004	 -1.5111163333674745e+003	  1.7437593509008998e+003	
  2.5620000000000000e+004	 -1.5017234008720750e+003	  1.7459300344473218e+003	
  2.5650000000000000e+004	 -1.5086777851553529e+003	  1.7390283735661403e+003	
  2.5680000000000000e+004	 -1.5052909082921699e+003	  1.7385831073050044e+003	
  2.5710000000000000e+004	 -1.5061489171745602e+003	  1.7437593520849346e+003	
  2.5740000000000000e+004	 -1.5061489161228744e+003	  1.7438150097934747e+003	
  2.5770000000000000e+004	 -1.5061037578820833e+003	  1.7448168638873969e+003	
  2.5800000000000000e+004	 -1.5102583270583889e+003	  1.7428688133084252e+003	
  2.5830000000000000e+004	 -1.5108002246460057e+003	  1.7645756493139422e+003	
  2.5860000000000000e+004	 -1.5131484575633581e+003	  1.7671916014934700e+003	
  2.5890000000000000e+004	 -1.5051102752097293e+003	  1.7390840318988594e+003	
  2.5920000000000000e+004	 -1.5108453838363434e+003	  1.7542231583023320e+003	
  2.5950000000000000e+004	 -1.5039813169831239e+003	  1.7562825272705602e+003	
  2.5980000000000000e+004	 -1.4974333604401647e+003	  1.7225534454458507e+003	
  2.6010000000000000e+004	 -1.4965753513382024e+003	  1.7213289572787660e+003	
  2.6040000000000000e+004	 -1.4965753513382024e+003	  1.7213289572787660e+003	
  2.6070000000000000e+004	 -1.4965753513382024e+003	  1.7213289572787660e+003	
  2.6100000000000000e+004	 -1.4965753513382024e+003	  1.7213289572787660e+003	
  2.6130000000000000e+004	 -1.4965753513382024e+003	  1.7213289572787660e+003	
  2.6160000000000000e+004	 -1.4965753513382024e+003	  1.7213289572787660e+003	
  2.6190000000000000e+004	 -1.4965753513382024e+003	  1.7213289572787660e+003	
  2.6220000000000000e+004	 -1.4965753513382024e+003	  1.7213289572787660e+003	
  2.6250000000000000e+004	 -1.4965753513382024e+003	  1.7213289572787660e+003	
  2.6280000000000000e+004	 -1.4965753513382024e+003	  1.7213289572787660e+003	
  2.6310000000000000e+004	 -1.4965753513382024e+003	  1.7213289572787660e+003	
  2.6340000000000000e+004	 -1.4965753513382024e+003	  1.7213289572787660e+003	
  2.6370000000000000e+004	 -1.4965753513382024e+003	  1.7213289572787660e+003	
  2.6400000000000000e+004	 -1.4965753513382024e+003	  1.7213289572787660e+003	
  2.6430000000000000e+004	 -1.4965753513382024e+003	  1.7213289572787660e+003	
  2.6460000000000000e+004	 -1.4965753513382024e+003	  1.7213289572787660e+003	
  2.6490000000000000e+004	 -1.5144309551672191e+003	  1.7445163056448073e+003	
  2.6520000000000000e+004	 -1.5133561875630580e+003	  1.7434365339294848e+003	
  2.6550000000000000e+004	 -1.5093009691359634e+003	  1.7383493393987410e+003	
  2.6580000000000000e+004	 -1.5222252833580562e+003	  1.7264272796802602e+003	
  2.6610000000000000e+004	 -1.5106918454472220e+003	  1.7418113044709960e+003	
  2.6640000000000000e+004	 -1.5138258355049354e+003	  1.7328391453704826e+003	
  2.6670000000000000e+004	 -1.5159482745336538e+003	  1.7053772141501456e+003	
  2.6700000000000000e+004	 -1.5127510649660185e+003	  1.7197927811804998e+003	
  2.6730000000000000e+004	 -1.5076481747101875e+003	  1.7174773837831945e+003	
  2.6760000000000000e+004	 -1.5130762061339403e+003	  1.7134699675259471e+003	
  2.6790000000000000e+004	 -1.5077113952559741e+003	  1.7232547430506129e+003	
  2.6820000000000000e+004	 -1.5150812357307793e+003	  1.7244235728858707e+003	
  2.6850000000000000e+004	 -1.5127510660817748e+003	  1.7245237564693532e+003	
  2.6880000000000000e+004	 -1.5076210796392090e+003	  1.7188911116619208e+003	
  2.6910000000000000e+004	 -1.5033310385982290e+003	  1.7344977684660523e+003	
  2.6940000000000000e+004	 -1.5024188395882277e+003	  1.7342528692937180e+003	
  2.6970000000000000e+004	 -1.5066998492170871e+003	  1.7249133660340485e+003	
  2.7000000000000000e+004	 -1.5095177298700291e+003	  1.7304124306902231e+003	
  2.7030000000000000e+004	 -1.5078378396290839e+003	  1.7383270769335656e+003	
  2.7060000000000000e+004	 -1.5104299259430252e+003	  1.7370803278590931e+003	
  2.7090000000000000e+004	 -1.5038910023068665e+003	  1.7459189026800154e+003	
  2.7120000000000000e+004	 -1.5051644649032864e+003	  1.7411100058677189e+003	
  2.7150000000000000e+004	 -1.5105563720738726e+003	  1.7433808737455961e+003	
  2.7180000000000000e+004	 -1.5100957557943011e+003	  1.7403419168690871e+003	
  2.7210000000000000e+004	 -1.5071785270251771e+003	  1.7453511857591068e+003	
  2.7240000000000000e+004	 -1.5123988333133857e+003	  1.7449949718341345e+003	
  2.7270000000000000e+004	 -1.5118208030832861e+003	  1.7417445119119668e+003	
  2.7300000000000000e+004	 -1.5134719640883150e+003	  1.7388330960608419e+003	
  2.7330000000000000e+004	 -1.5135459438951236e+003	  1.7424461528325551e+003	
  2.7360000000000000e+004	 -1.5136199237019323e+003	  1.7460592096042685e+003	
  2.7390000000000000e+004	 -1.5136939035087407e+003	  1.7496722663759820e+003	
  2.7420000000000000e+004	 -1.5137678833155494e+003	  1.7532853231476950e+003	
  2.7450000000000000e+004	 -1.5138418631223578e+003	  1.7568983799194084e+003	
  2.7480000000000000e+004	 -1.5139158429291665e+003	  1.7605114366911214e+003	
  2.7510000000000000e+004	 -1.5139898227359749e+003	  1.7641244934628351e+003	
  2.7540000000000000e+004	 -1.5140638025427838e+003	  1.7677375502345481e+003	
  2.7570000000000000e+004	 -1.5141377823495920e+003	  1.7713506070062615e+003	
  2.7600000000000000e+004	 -1.5137355150506075e+003	  1.7510506246684326e+003	
  2.7630000000000000e+004	 -1.5123807656974411e+003	  1.7496034997981831e+003	
  2.7660000000000000e+004	 -1.5139161475875658e+003	  1.7470432081324861e+003	
  2.7690000000000000e+004	 -1.5154515325185380e+003	  1.7487129623729895e+003	
  2.7720000000000000e+004	 -1.5137355150506075e+003	  1.7478224259807819e+003	
  2.7750000000000000e+004	 -1.5135548848274036e+003	  1.7449281827416683e+003	
  2.7780000000000000e+004	 -1.5125613987855072e+003	  1.7438150107971683e+003	
  2.7810000000000000e+004	 -1.5100325342338533e+003	  1.7459300344109181e+003	
  2.7840000000000000e+004	 -1.5081358842676291e+003	  1.7460413537150744e+003	
  2.7870000000000000e+004	 -1.5061489161228744e+003	  1.7431471068526653e+003	
  2.7900000000000000e+004	 -1.4935949019953009e+003	  1.7393623236569608e+003	
  2.7930000000000000e+004	 -1.5064198677505055e+003	  1.7484903262408209e+003	
  2.7960000000000000e+004	 -1.5051554325943089e+003	  1.7471545237192424e+003	
  2.7990000000000000e+004	 -1.5130129841690309e+003	  1.7488242801402937e+003	
  2.8020000000000000e+004	 -1.5224059173834071e+003	  1.7567277976361377e+003	
  2.8050000000000000e+004	 -1.5201480008527303e+003	  1.7401415472896260e+003	
  2.8080000000000000e+004	 -1.4664999012826461e+003	  1.7240005677417792e+003	
  2.8110000000000000e+004	 -1.4803183525547875e+003	  1.7345756906357258e+003	
  2.8140000000000000e+004	 -1.5123807656974411e+003	  1.7449281827416683e+003	
  2.8170000000000000e+004	 -1.4939561666577699e+003	  1.7196591993032714e+003	
  2.8200000000000000e+004	 -1.5144580501263929e+003	  1.7374699374744876e+003	
  2.8230000000000000e+004	 -1.5103034858725716e+003	  1.7337964687807851e+003	
  2.8260000000000000e+004	 -1.5096712665193270e+003	  1.7345756906357258e+003	
  2.8290000000000000e+004	 -1.5118388653944123e+003	  1.7533882818203156e+003	
  2.8320000000000000e+004	 -1.5094906346456103e+003	  1.7519411596423249e+003	
  2.8350000000000000e+004	 -1.5132839333872564e+003	  1.7579522803033337e+003	
  2.8380000000000000e+004	 -1.5169507888866024e+003	  1.7370246666457047e+003	
  2.8410000000000000e+004	 -1.5113692213814775e+003	  1.7486016447500049e+003	
  2.8440000000000000e+004	 -1.5115679161573898e+003	  1.7458187195250509e+003	
  2.8470000000000000e+004	 -1.5189738851109648e+003	  1.7646980957145315e+003	
  2.8500000000000000e+004	 -1.5184500466044196e+003	  1.7478224259807819e+003	
  2.8530000000000000e+004	 -1.5127239697661794e+003	  1.7463753034797603e+003	
  2.8560000000000000e+004	 -1.5182152252417432e+003	  1.7498483971530163e+003	
  2.8590000000000000e+004	 -1.5145483662571410e+003	  1.7454847664090933e+003	
  2.8620000000000000e+004	 -1.5071886088861138e+003	  1.7381844352559656e+003	
  2.8650000000000000e+004	 -1.4887892154585461e+003	  1.7199336073731461e+003	
  2.8680000000000000e+004	 -1.5042793639120889e+003	  1.7340747632785519e+003	
  2.8710000000000000e+004	 -1.4966746995217134e+003	  1.7274402677685121e+003	
  2.8740000000000000e+004	 -1.5005583184299439e+003	  1.7277408233919873e+003	
  2.8770000000000000e+004	 -1.5083887722065447e+003	  1.7298001866552422e+003	
  2.8800000000000000e+004	 -1.5006757270727280e+003	  1.7355998102870969e+003	
  2.8830000000000000e+004	 -1.5042161390588631e+003	  1.7415997995118007e+003	
  2.8860000000000000e+004	 -1.5075488260645302e+003	  1.7469764172488503e+003	
  2.8890000000000000e+004	 -1.5057876521449984e+003	  1.7454068423001324e+003	
  2.8920000000000000e+004	 -1.5097706150548372e+003	  1.7491916268369071e+003	
  2.8950000000000000e+004	 -1.5129858893588121e+003	  1.7509059078344158e+003	
  2.8980000000000000e+004	 -1.5113330932328631e+003	  1.7425571263454731e+003	
  2.9010000000000000e+004	 -1.5128775094772882e+003	  1.7451062910241212e+003	
  2.9040000000000000e+004	 -1.5119653095221358e+003	  1.7413103765885116e+003	
  2.9070000000000000e+004	 -1.5162101924925469e+003	  1.7461192762933811e+003	
  2.9100000000000000e+004	 -1.5103938018041122e+003	  1.7293326550961981e+003	
  2.9130000000000000e+004	 -1.5201841274541389e+003	  1.7539782628635489e+003	
  2.9160000000000000e+004	 -1.5092648403244611e+003	  1.7554253807673285e+003	
  2.9190000000000000e+004	 -1.5154334693868273e+003	  1.7414996107705397e+003	
  2.9220000000000000e+004	 -1.5210421339639324e+003	  1.7477222414353769e+003	
  2.9250000000000000e+004	 -1.5078017131255860e+003	  1.7355218879673168e+003	
  2.9280000000000000e+004	 -1.5118478974192255e+003	  1.7417222478705557e+003	
  2.9310000000000000e+004	 -1.5128233195574064e+003	  1.7441934876530818e+003	
  2.9340000000000000e+004	 -1.5104118635687616e+003	  1.7432806874408275e+003	
  2.9370000000000000e+004	 -1.5160024644070932e+003	  1.7456851372136075e+003	
  2.9400000000000000e+004	 -1.5125343038864535e+003	  1.7482120343807851e+003	
  2.9430000000000000e+004	 -1.5125162427228809e+003	  1.7503159284810226e+003	
  2.9460000000000000e+004	 -1.5123536707204407e+003	  1.7343864509751450e+003	
  2.9490000000000000e+004	 -1.5114685674180739e+003	  1.7375478577761078e+003	
  2.9520000000000000e+004	 -1.5230832930737772e+003	  1.7261378558348067e+003	
  2.9550000000000000e+004	 -1.5213401795641730e+003	  1.7495367091207656e+003	
  2.9580000000000000e+004	 -1.5408756734421090e+003	  1.7619708284945409e+003	
  2.9610000000000000e+004	 -1.5571688001344012e+003	  1.7663901168604582e+003	
  2.9640000000000000e+004	 -1.5518762428999096e+003	  1.7652101556744142e+003	
  2.9670000000000000e+004	 -1.5446238154403532e+003	  1.7766535537385680e+003	
  2.9700000000000000e+004	 -1.5248896230920507e+003	  1.7645533834457469e+003	
  2.9730000000000000e+004	 -1.5288274307367283e+003	  1.7713548597949768e+003	
  2.9760000000000000e+004	 -1.5147831886348870e+003	  1.7484791968036093e+003	
  2.9790000000000000e+004	 -1.5135187552541229e+003	  1.7385831051768978e+003	
  2.9820000000000000e+004	 -1.5137355150506078e+003	  1.7391396902409138e+003	
  2.9850000000000000e+004	 -1.5155796342343112e+003	  1.7498783826315816e+003	
  2.9880000000000000e+004	 -1.5174873437346946e+003	  1.7609873747598590e+003	
  2.9910000000000000e+004	 -1.5193950532350777e+003	  1.7720963668881361e+003	
  2.9940000000000000e+004	 -1.5165714593188418e+003	  1.7603678635744732e+003	
  2.9970000000000000e+004	 -1.5146477145709700e+003	  1.7563159224948704e+003	
  3.0000000000000000e+004	 -1.5098699643378823e+003	  1.7453066611313170e+003	
  3.0030000000000000e+004	 -1.5083707075808943e+003	  1.7421229923905441e+003	
  3.0060000000000000e+004	 -1.5168695063980233e+003	  1.7718557841921938e+003	
  3.0090000000000000e+004	 -1.5082171695674117e+003	  1.7443270686942392e+003	
  3.0120000000000000e+004	 -1.5056589221898648e+003	  1.7427517389138575e+003	
  3.0150000000000000e+004	 -1.5045066067249822e+003	  1.7375697363145387e+003	
  3.0180000000000000e+004	 -1.5033542912600999e+003	  1.7323877337152203e+003	
  3.0210000000000000e+004	 -1.5056070183980410e+003	  1.7380042576442963e+003	
  3.0240000000000000e+004	 -1.5074314139950395e+003	  1.7538335489059014e+003	
  3.0270000000000000e+004	 -1.5213582431943628e+003	  1.7892323882074422e+003	
  3.0300000000000000e+004	 -1.5155237870136909e+003	  1.7555033036709624e+003	
  3.0330000000000000e+004	 -1.5151805836325620e+003	  1.7721786070008834e+003	
  3.0360000000000000e+004	 -1.5037103679806223e+003	  1.7661897460750315e+003	
