  0.0000000000000000e+000	 -1.5068714504288228e+003	  1.7511619382598872e+003	
  3.0000000000000000e+001	 -1.5068714504288228e+003	  1.7511619382598872e+003	
  6.0000000000000000e+001	 -1.5068714504288228e+003	  1.7511619382598872e+003	
  9.0000000000000000e+001	 -1.5068714504288228e+003	  1.7511619382598872e+003	
  1.2000000000000000e+002	 -1.5068714504288228e+003	  1.7511619382598872e+003	
  1.5000000000000000e+002	 -1.5068714504288228e+003	  1.7511619382598872e+003	
  1.8000000000000000e+002	 -1.5068714504288228e+003	  1.7511619382598872e+003	
  2.1000000000000000e+002	 -1.5068714504288228e+003	  1.7511619382598872e+003	
  2.4000000000000000e+002	 -1.5068714504288228e+003	  1.7511619382598872e+003	
  2.7000000000000000e+002	 -1.5068714504288228e+003	  1.7511619382598872e+003	
  3.0000000000000000e+002	 -1.5068714504288228e+003	  1.7511619382598872e+003	
  3.3000000000000000e+002	 -1.5068714504288228e+003	  1.7511619382598872e+003	
  3.6000000000000000e+002	 -1.4942821788339525e+003	  1.7314003200493853e+003	
  3.9000000000000000e+002	 -1.4726830612405722e+003	  1.6974957758231708e+003	
  4.2000000000000000e+002	 -1.4469915057298258e+003	  1.6733512861759798e+003	
  4.5000000000000000e+002	 -1.4397481060661710e+003	  1.6694774499373136e+003	
  4.8000000000000000e+002	 -1.4376527598620255e+003	  1.6665386782614210e+003	
  5.1000000000000000e+002	 -1.3396049913330116e+003	  1.6278448554867412e+003	
  5.4000000000000000e+002	 -1.2160517975470211e+003	  1.4589545566498598e+003	
  5.7000000000000000e+002	 -1.2171536596531946e+003	  1.4255594298490244e+003	
  6.0000000000000000e+002	 -1.2173162313570563e+003	  1.4255594298490244e+003	
  6.3000000000000000e+002	 -1.2175329891508604e+003	  1.4254258408454566e+003	
  6.6000000000000000e+002	 -1.2178581330313204e+003	  1.4248247277691094e+003	
  6.9000000000000000e+002	 -1.2243067405836562e+003	  1.1030292579410416e+003	
  7.2000000000000000e+002	 -1.1012593212794252e+003	  7.6166424304595796e+002	
  7.5000000000000000e+002	 -8.9316973063064654e+002	  6.2265145399515984e+002	
  7.8000000000000000e+002	 -6.8311123307569505e+002	  3.6000989756712045e+002	
  8.1000000000000000e+002	 -6.8139522378210233e+002	  3.5903029870423637e+002	
  8.4000000000000000e+002	 -5.5327199913171148e+002	  2.6879665810686782e+002	
  8.7000000000000000e+002	 -2.9991569224976405e+002	  1.2617723002969660e+002	
  9.0000000000000000e+002	 -1.1052168553975605e+002	  2.7328070108035536e+001	
  9.3000000000000000e+002	 -9.1067484177153133e+001	  9.1424050429285160e+001	
  9.6000000000000000e+002	 -6.8575085416121439e+001	  1.5950553797564308e+002	
  9.9000000000000000e+002	 -6.8777361675133690e+001	  1.3622917189047138e+002	
  1.0200000000000000e+003	 -7.1270063462682714e+001	  1.3489334286819553e+002	
  1.0500000000000000e+003	 -6.8994064920375109e+001	  1.3291186559604617e+002	
  1.0800000000000000e+003	 -5.7650331154829949e+001	  1.3825512208343122e+002	
  1.1100000000000000e+003	 -4.3687405462016180e+001	  1.2673377333621174e+002	
  1.1400000000000000e+003	 -5.7867139291541150e+001	  1.0062996127244139e+002	
  1.1700000000000000e+003	 -7.5162700782286407e+001	  7.2555816671570526e+001	
  1.2000000000000000e+003	 -9.4905935207201225e+001	  4.5650533265171049e+001	
  1.2300000000000000e+003	 -1.0236608143316050e+002	  1.0775786458172243e+001	
  1.2600000000000000e+003	 -9.7218061694785035e+001	 -6.1461097651710741e+000	
  1.2900000000000000e+003	 -9.6396166431366495e+001	 -1.1322085466182093e+001	
  1.3200000000000000e+003	 -9.6396166431366495e+001	 -1.1322085466182093e+001	
  1.3500000000000000e+003	 -9.6396166431366495e+001	 -1.1322085466182093e+001	
  1.3800000000000000e+003	 -9.6396166431366495e+001	 -1.1322085466182093e+001	
  1.4100000000000000e+003	 -9.6396166431366495e+001	 -1.1322085466182093e+001	
  1.4400000000000000e+003	 -9.6396166431366495e+001	 -1.1322085466182093e+001	
  1.4700000000000000e+003	 -9.6396166431366495e+001	 -1.1322085466182093e+001	
  1.5000000000000000e+003	 -9.6396166431366495e+001	 -1.1322085466182093e+001	
  1.5300000000000000e+003	 -9.6396166431366495e+001	 -1.1322085466182093e+001	
  1.5600000000000000e+003	 -9.6396166431366495e+001	 -1.1322085466182093e+001	
  1.5900000000000000e+003	 -9.6396166431366495e+001	 -1.1322085466182093e+001	
  1.6200000000000000e+003	 -9.6396166431366495e+001	 -1.1322085466182093e+001	
  1.6500000000000000e+003	 -9.6396166431366495e+001	 -1.1322085466182093e+001	
  1.6800000000000000e+003	 -9.6396166431366495e+001	 -1.1322085466182093e+001	
  1.7100000000000000e+003	 -9.6396166431366495e+001	 -1.1322085466182093e+001	
  1.7400000000000000e+003	 -9.6396166431366495e+001	 -1.1322085466182093e+001	
  1.7700000000000000e+003	 -9.6396166431366495e+001	 -1.1322085466182093e+001	
  1.8000000000000000e+003	 -9.6396166431366495e+001	 -1.1322085466182093e+001	
  1.8300000000000000e+003	 -9.6396166431366495e+001	 -1.1322085466182093e+001	
  1.8600000000000000e+003	 -9.6396166431366495e+001	 -1.1322085466182093e+001	
  1.8900000000000000e+003	 -9.6396166431366495e+001	 -1.1322085466182093e+001	
  1.9200000000000000e+003	 -9.6396166431366495e+001	 -1.1322085466182093e+001	
  1.9500000000000000e+003	 -9.6396166431366495e+001	 -1.1322085466182093e+001	
  1.9800000000000000e+003	 -9.6396166431366495e+001	 -1.1322085466182093e+001	
  2.0100000000000000e+003	 -9.6396166431366495e+001	 -1.1322085466182093e+001	
  2.0400000000000000e+003	 -9.6396166431366495e+001	 -1.1322085466182093e+001	
  2.0700000000000000e+003	 -9.6396166431366495e+001	 -1.1322085466182093e+001	
  2.1000000000000000e+003	 -9.6396166431366495e+001	 -1.1322085466182093e+001	
  2.1300000000000000e+003	 -9.6396166431366495e+001	 -1.1322085466182093e+001	
  2.1600000000000000e+003	 -9.6396166431366495e+001	 -1.1322085466182093e+001	
  2.1900000000000000e+003	 -9.6396166431366495e+001	 -1.1322085466182093e+001	
  2.2200000000000000e+003	 -9.6396166431366495e+001	 -1.1322085466182093e+001	
  2.2500000000000000e+003	 -9.6396166431366495e+001	 -1.1322085466182093e+001	
  2.2800000000000000e+003	 -9.6396166431366495e+001	 -1.1322085466182093e+001	
  2.3100000000000000e+003	 -9.6396166431366495e+001	 -1.1322085466182093e+001	
  2.3400000000000000e+003	 -9.6396166431366495e+001	 -1.1322085466182093e+001	
  2.3700000000000000e+003	 -9.6396166431366495e+001	 -1.1322085466182093e+001	
  2.4000000000000000e+003	 -9.6396166431366495e+001	 -1.1322085466182093e+001	
  2.4300000000000000e+003	 -9.6396166431366495e+001	 -1.1322085466182093e+001	
  2.4600000000000000e+003	 -9.6396166431366495e+001	 -1.1322085466182093e+001	
  2.4900000000000000e+003	 -9.6396166431366495e+001	 -1.1322085466182093e+001	
  2.5200000000000000e+003	 -9.6396166431366495e+001	 -1.1322085466182093e+001	
  2.5500000000000000e+003	 -9.6396166431366495e+001	 -1.1322085466182093e+001	
  2.5800000000000000e+003	 -9.6396166431366495e+001	 -1.1322085466182093e+001	
  2.6100000000000000e+003	 -9.6396166431366495e+001	 -1.1322085466182093e+001	
  2.6400000000000000e+003	 -9.6396166431366495e+001	 -1.1322085466182093e+001	
  2.6700000000000000e+003	 -9.6396166431366495e+001	 -1.1322085466182093e+001	
  2.7000000000000000e+003	 -9.6396166431366495e+001	 -1.1322085466182093e+001	
  2.7300000000000000e+003	 -9.6396166431366495e+001	 -1.1322085466182093e+001	
  2.7600000000000000e+003	 -9.6396166431366495e+001	 -1.1322085466182093e+001	
  2.7900000000000000e+003	 -9.6396166431366495e+001	 -1.1322085466182093e+001	
  2.8200000000000000e+003	 -9.6396166431366495e+001	 -1.1322085466182093e+001	
  2.8500000000000000e+003	 -9.6396166431366495e+001	 -1.1322085466182093e+001	
  2.8800000000000000e+003	 -9.6396166431366495e+001	 -1.1322085466182093e+001	
  2.9100000000000000e+003	 -9.6396166431366495e+001	 -1.1322085466182093e+001	
  2.9400000000000000e+003	 -9.6396166431366495e+001	 -1.1322085466182093e+001	
  2.9700000000000000e+003	 -9.6396166431366495e+001	 -1.1322085466182093e+001	
  3.0000000000000000e+003	 -9.6396166431366495e+001	 -1.1322085466182093e+001	
  3.0300000000000000e+003	 -9.6396166431366495e+001	 -1.1322085466182093e+001	
  3.0600000000000000e+003	 -9.6396166431366495e+001	 -1.1322085466182093e+001	
  3.0900000000000000e+003	 -9.6396166431366495e+001	 -1.1322085466182093e+001	
  3.1200000000000000e+003	 -9.6396166431366495e+001	 -1.1322085466182093e+001	
  3.1500000000000000e+003	 -9.6396166431366495e+001	 -1.1322085466182093e+001	
  3.1800000000000000e+003	 -9.6396166431366495e+001	 -1.1322085466182093e+001	
  3.2100000000000000e+003	 -9.6396166431366495e+001	 -1.1322085466182093e+001	
  3.2400000000000000e+003	 -9.6396166431366495e+001	 -1.1322085466182093e+001	
  3.2700000000000000e+003	 -9.6396166431366495e+001	 -1.1322085466182093e+001	
  3.3000000000000000e+003	 -9.6396166431366495e+001	 -1.1322085466182093e+001	
  3.3300000000000000e+003	 -9.6396166431366495e+001	 -1.1322085466182093e+001	
  3.3600000000000000e+003	 -9.6396166431366495e+001	 -1.1322085466182093e+001	
  3.3900000000000000e+003	 -9.6396166431366495e+001	 -1.1322085466182093e+001	
  3.4200000000000000e+003	 -9.6396166431366495e+001	 -1.1322085466182093e+001	
  3.4500000000000000e+003	 -9.6396166431366495e+001	 -1.1322085466182093e+001	
  3.4800000000000000e+003	 -9.6396166431366495e+001	 -1.1322085466182093e+001	
  3.5100000000000000e+003	 -9.6396166431366495e+001	 -1.1322085466182093e+001	
  3.5400000000000000e+003	 -9.6396166431366495e+001	 -1.1322085466182093e+001	
  3.5700000000000000e+003	 -9.6396166431366495e+001	 -1.1322085466182093e+001	
  3.6000000000000000e+003	 -9.6396166431366495e+001	 -1.1322085466182093e+001	
  3.6300000000000000e+003	 -9.6396166431366495e+001	 -1.1322085466182093e+001	
  3.6600000000000000e+003	 -9.6396166431366495e+001	 -1.1322085466182093e+001	
  3.6900000000000000e+003	 -9.6396166431366495e+001	 -1.1322085466182093e+001	
  3.7200000000000000e+003	 -9.6396166431366495e+001	 -1.1322085466182093e+001	
  3.7500000000000000e+003	 -9.6396166431366495e+001	 -1.1322085466182093e+001	
  3.7800000000000000e+003	 -9.6396166431366495e+001	 -1.1322085466182093e+001	
  3.8100000000000000e+003	 -9.6396166431366495e+001	 -1.1322085466182093e+001	
  3.8400000000000000e+003	 -9.6396166431366495e+001	 -1.1322085466182093e+001	
  3.8700000000000000e+003	 -9.6396166431366495e+001	 -1.1322085466182093e+001	
  3.9000000000000000e+003	 -9.6396166431366495e+001	 -1.1322085466182093e+001	
  3.9300000000000000e+003	 -9.6396166431366495e+001	 -1.1322085466182093e+001	
  3.9600000000000000e+003	 -9.6396166431366495e+001	 -1.1322085466182093e+001	
  3.9900000000000000e+003	 -9.6396166431366495e+001	 -1.1322085466182093e+001	
  4.0200000000000000e+003	 -9.6396166431366495e+001	 -1.1322085466182093e+001	
  4.0500000000000000e+003	 -9.6396166431366495e+001	 -1.1322085466182093e+001	
  4.0800000000000000e+003	 -9.6396166431366495e+001	 -1.1322085466182093e+001	
  4.1100000000000000e+003	 -9.6396166431366495e+001	 -1.1322085466182093e+001	
  4.1400000000000000e+003	 -9.6396166431366495e+001	 -1.1322085466182093e+001	
  4.1700000000000000e+003	 -9.6396166431366495e+001	 -1.1322085466182093e+001	
  4.2000000000000000e+003	 -9.6396166431366495e+001	 -1.1322085466182093e+001	
  4.2300000000000000e+003	 -9.6396166431366495e+001	 -1.1322085466182093e+001	
  4.2600000000000000e+003	 -9.6396166431366495e+001	 -1.1322085466182093e+001	
  4.2900000000000000e+003	 -9.6396166431366495e+001	 -1.1322085466182093e+001	
  4.3200000000000000e+003	 -9.6396166431366495e+001	 -1.1322085466182093e+001	
  4.3500000000000000e+003	 -9.6396166431366495e+001	 -1.1322085466182093e+001	
  4.3800000000000000e+003	 -9.6396166431366495e+001	 -1.1322085466182093e+001	
  4.4100000000000000e+003	 -9.6396166431366495e+001	 -1.1322085466182093e+001	
  4.4400000000000000e+003	 -9.6396166431366495e+001	 -1.1322085466182093e+001	
  4.4700000000000000e+003	 -9.6396166431366495e+001	 -1.1322085466182093e+001	
  4.5000000000000000e+003	 -9.6396166431366495e+001	 -1.1322085466182093e+001	
  4.5300000000000000e+003	 -9.6396166431366495e+001	 -1.1322085466182093e+001	
  4.5600000000000000e+003	 -9.6396166431366495e+001	 -1.1322085466182093e+001	
  4.5900000000000000e+003	 -9.6396166431366495e+001	 -1.1322085466182093e+001	
  4.6200000000000000e+003	 -9.6396166431366495e+001	 -1.1322085466182093e+001	
  4.6500000000000000e+003	 -9.6396166431366495e+001	 -1.1322085466182093e+001	
  4.6800000000000000e+003	 -9.6396166431366495e+001	 -1.1322085466182093e+001	
  4.7100000000000000e+003	 -9.6396166431366495e+001	 -1.1322085466182093e+001	
  4.7400000000000000e+003	 -9.6396166431366495e+001	 -1.1322085466182093e+001	
  4.7700000000000000e+003	 -9.6396166431366495e+001	 -1.1322085466182093e+001	
  4.8000000000000000e+003	 -9.6396166431366495e+001	 -1.1322085466182093e+001	
  4.8300000000000000e+003	 -9.6396166431366495e+001	 -1.1322085466182093e+001	
  4.8600000000000000e+003	 -9.6396166431366495e+001	 -1.1322085466182093e+001	
  4.8900000000000000e+003	 -9.6396166431366495e+001	 -1.1322085466182093e+001	
  4.9200000000000000e+003	 -9.6396166431366495e+001	 -1.1322085466182093e+001	
  4.9500000000000000e+003	 -9.6396166431366495e+001	 -1.1322085466182093e+001	
  4.9800000000000000e+003	 -9.6396166431366495e+001	 -1.1322085466182093e+001	
  5.0100000000000000e+003	 -9.6396166431366495e+001	 -1.1322085466182093e+001	
  5.0400000000000000e+003	 -9.6396166431366495e+001	 -1.1322085466182093e+001	
  5.0700000000000000e+003	 -9.6396166431366495e+001	 -1.1322085466182093e+001	
  5.1000000000000000e+003	 -9.6396166431366495e+001	 -1.1322085466182093e+001	
  5.1300000000000000e+003	 -9.6396166431366495e+001	 -1.1322085466182093e+001	
  5.1600000000000000e+003	 -9.6396166431366495e+001	 -1.1322085466182093e+001	
  5.1900000000000000e+003	 -9.6396166431366495e+001	 -1.1322085466182093e+001	
  5.2200000000000000e+003	 -9.6396166431366495e+001	 -1.1322085466182093e+001	
  5.2500000000000000e+003	 -9.6396166431366495e+001	 -1.1322085466182093e+001	
  5.2800000000000000e+003	 -9.6396166431366495e+001	 -1.1322085466182093e+001	
  5.3100000000000000e+003	 -9.6396166431366495e+001	 -1.1322085466182093e+001	
  5.3400000000000000e+003	 -9.6396166431366495e+001	 -1.1322085466182093e+001	
  5.3700000000000000e+003	 -9.6396166431366495e+001	 -1.1322085466182093e+001	
  5.4000000000000000e+003	 -9.6396166431366495e+001	 -1.1322085466182093e+001	
  5.4300000000000000e+003	 -9.6396166431366495e+001	 -1.1322085466182093e+001	
  5.4600000000000000e+003	 -9.6396166431366495e+001	 -1.1322085466182093e+001	
  5.4900000000000000e+003	 -9.6396166431366495e+001	 -1.1322085466182093e+001	
  5.5200000000000000e+003	 -9.6396166431366495e+001	 -1.1322085466182093e+001	
  5.5500000000000000e+003	 -9.6396166431366495e+001	 -1.1322085466182093e+001	
  5.5800000000000000e+003	 -9.6396166431366495e+001	 -1.1322085466182093e+001	
  5.6100000000000000e+003	 -9.6396166431366495e+001	 -1.1322085466182093e+001	
  5.6400000000000000e+003	 -9.6396166431366495e+001	 -1.1322085466182093e+001	
  5.6700000000000000e+003	 -9.6396166431366495e+001	 -1.1322085466182093e+001	
  5.7000000000000000e+003	 -9.6396166431366495e+001	 -1.1322085466182093e+001	
  5.7300000000000000e+003	 -9.6396166431366495e+001	 -1.1322085466182093e+001	
  5.7600000000000000e+003	 -9.6396166431366495e+001	 -1.1322085466182093e+001	
  5.7900000000000000e+003	 -9.6396166431366495e+001	 -1.1322085466182093e+001	
  5.8200000000000000e+003	 -9.6396166431366495e+001	 -1.1322085466182093e+001	
  5.8500000000000000e+003	 -9.6396166431366495e+001	 -1.1322085466182093e+001	
  5.8800000000000000e+003	 -9.6396166431366495e+001	 -1.1322085466182093e+001	
  5.9100000000000000e+003	 -9.6396166431366495e+001	 -1.1322085466182093e+001	
  5.9400000000000000e+003	 -9.6396166431366495e+001	 -1.1322085466182093e+001	
  5.9700000000000000e+003	 -9.6396166431366495e+001	 -1.1322085466182093e+001	
  6.0000000000000000e+003	 -9.6396166431366495e+001	 -1.1322085466182093e+001	
  6.0300000000000000e+003	 -9.6396166431366495e+001	 -1.1322085466182093e+001	
  6.0600000000000000e+003	 -9.6396166431366495e+001	 -1.1322085466182093e+001	
  6.0900000000000000e+003	 -9.6396166431366495e+001	 -1.1322085466182093e+001	
  6.1200000000000000e+003	 -9.6396166431366495e+001	 -1.1322085466182093e+001	
  6.1500000000000000e+003	 -9.6396166431366495e+001	 -1.1322085466182093e+001	
  6.1800000000000000e+003	 -9.6396166431366495e+001	 -1.1322085466182093e+001	
  6.2100000000000000e+003	 -9.6396166431366495e+001	 -1.1322085466182093e+001	
  6.2400000000000000e+003	 -9.6396166431366495e+001	 -1.1322085466182093e+001	
  6.2700000000000000e+003	 -9.6396166431366495e+001	 -1.1322085466182093e+001	
  6.3000000000000000e+003	 -9.6396166431366495e+001	 -1.1322085466182093e+001	
  6.3300000000000000e+003	 -9.6396166431366495e+001	 -1.1322085466182093e+001	
  6.3600000000000000e+003	 -9.6396166431366495e+001	 -1.1322085466182093e+001	
  6.3900000000000000e+003	 -9.6396166431366495e+001	 -1.1322085466182093e+001	
  6.4200000000000000e+003	 -9.6396166431366495e+001	 -1.1322085466182093e+001	
  6.4500000000000000e+003	 -9.6396166431366495e+001	 -1.1322085466182093e+001	
  6.4800000000000000e+003	 -9.6396166431366495e+001	 -1.1322085466182093e+001	
  6.5100000000000000e+003	 -9.6396166431366495e+001	 -1.1322085466182093e+001	
  6.5400000000000000e+003	 -9.6396166431366495e+001	 -1.1322085466182093e+001	
  6.5700000000000000e+003	 -9.6396166431366495e+001	 -1.1322085466182093e+001	
  6.6000000000000000e+003	 -9.6396166431366495e+001	 -1.1322085466182093e+001	
  6.6300000000000000e+003	 -9.6396166431366495e+001	 -1.1322085466182093e+001	
  6.6600000000000000e+003	 -9.6396166431366495e+001	 -1.1322085466182093e+001	
  6.6900000000000000e+003	 -9.6396166431366495e+001	 -1.1322085466182093e+001	
  6.7200000000000000e+003	 -9.6396166431366495e+001	 -1.1322085466182093e+001	
  6.7500000000000000e+003	 -9.6396166431366495e+001	 -1.1322085466182093e+001	
  6.7800000000000000e+003	 -9.6396166431366495e+001	 -1.1322085466182093e+001	
  6.8100000000000000e+003	 -9.6396166431366495e+001	 -1.1322085466182093e+001	
  6.8400000000000000e+003	 -9.6396166431366495e+001	 -1.1322085466182093e+001	
  6.8700000000000000e+003	 -9.6396166431366495e+001	 -1.1322085466182093e+001	
  6.9000000000000000e+003	 -9.6396166431366495e+001	 -1.1322085466182093e+001	
  6.9300000000000000e+003	 -9.6396166431366495e+001	 -1.1322085466182093e+001	
  6.9600000000000000e+003	 -9.6396166431366495e+001	 -1.1322085466182093e+001	
  6.9900000000000000e+003	 -9.6396166431366495e+001	 -1.1322085466182093e+001	
  7.0200000000000000e+003	 -9.6396166431366495e+001	 -1.1322085466182093e+001	
  7.0500000000000000e+003	 -9.6396166431366495e+001	 -1.1322085466182093e+001	
  7.0800000000000000e+003	 -9.6396166431366495e+001	 -1.1322085466182093e+001	
  7.1100000000000000e+003	 -9.6396166431366495e+001	 -1.1322085466182093e+001	
  7.1400000000000000e+003	 -9.6396166431366495e+001	 -1.1322085466182093e+001	
  7.1700000000000000e+003	 -9.6396166431366495e+001	 -1.1322085466182093e+001	
  7.2000000000000000e+003	 -9.6396166431366495e+001	 -1.1322085466182093e+001	
  7.2300000000000000e+003	 -9.6396166431366495e+001	 -1.1322085466182093e+001	
  7.2600000000000000e+003	 -9.6396166431366495e+001	 -1.1322085466182093e+001	
  7.2900000000000000e+003	 -9.6396166431366495e+001	 -1.1322085466182093e+001	
  7.3200000000000000e+003	 -9.6396166431366495e+001	 -1.1322085466182093e+001	
  7.3500000000000000e+003	 -9.6396166431366495e+001	 -1.1322085466182093e+001	
  7.3800000000000000e+003	 -9.6396166431366495e+001	 -1.1322085466182093e+001	
  7.4100000000000000e+003	 -9.6396166431366495e+001	 -1.1322085466182093e+001	
  7.4400000000000000e+003	 -9.6396166431366495e+001	 -1.1322085466182093e+001	
  7.4700000000000000e+003	 -9.6396166431366495e+001	 -1.1322085466182093e+001	
  7.5000000000000000e+003	 -9.6396166431366495e+001	 -1.1322085466182093e+001	
  7.5300000000000000e+003	 -9.6396166431366495e+001	 -1.1322085466182093e+001	
  7.5600000000000000e+003	 -9.6396166431366495e+001	 -1.1322085466182093e+001	
  7.5900000000000000e+003	 -9.6396166431366495e+001	 -1.1322085466182093e+001	
  7.6200000000000000e+003	 -9.6396166431366495e+001	 -1.1322085466182093e+001	
  7.6500000000000000e+003	 -9.6396166431366495e+001	 -1.1322085466182093e+001	
  7.6800000000000000e+003	 -9.6396166431366495e+001	 -1.1322085466182093e+001	
  7.7100000000000000e+003	 -9.6396166431366495e+001	 -1.1322085466182093e+001	
  7.7400000000000000e+003	 -9.6396166431366495e+001	 -1.1322085466182093e+001	
  7.7700000000000000e+003	 -9.6396166431366495e+001	 -1.1322085466182093e+001	
  7.8000000000000000e+003	 -9.6396166431366495e+001	 -1.1322085466182093e+001	
  7.8300000000000000e+003	 -9.6396166431366495e+001	 -1.1322085466182093e+001	
  7.8600000000000000e+003	 -9.6396166431366495e+001	 -1.1322085466182093e+001	
  7.8900000000000000e+003	 -9.6396166431366495e+001	 -1.1322085466182093e+001	
  7.9200000000000000e+003	 -9.6396166431366495e+001	 -1.1322085466182093e+001	
  7.9500000000000000e+003	 -9.6396166431366495e+001	 -1.1322085466182093e+001	
  7.9800000000000000e+003	 -9.6396166431366495e+001	 -1.1322085466182093e+001	
  8.0100000000000000e+003	 -9.6396166431366495e+001	 -1.1322085466182093e+001	
  8.0400000000000000e+003	 -9.6396166431366495e+001	 -1.1322085466182093e+001	
  8.0700000000000000e+003	 -9.6396166431366495e+001	 -1.1322085466182093e+001	
  8.1000000000000000e+003	 -9.6396166431366495e+001	 -1.1322085466182093e+001	
  8.1300000000000000e+003	 -9.6396166431366495e+001	 -1.1322085466182093e+001	
  8.1600000000000000e+003	 -9.6396166431366495e+001	 -1.1322085466182093e+001	
  8.1900000000000000e+003	 -9.6396166431366495e+001	 -1.1322085466182093e+001	
  8.2200000000000000e+003	 -9.6396166431366495e+001	 -1.1322085466182093e+001	
  8.2500000000000000e+003	 -9.6396166431366495e+001	 -1.1322085466182093e+001	
  8.2800000000000000e+003	 -9.6396166431366495e+001	 -1.1322085466182093e+001	
  8.3100000000000000e+003	 -9.6396166431366495e+001	 -1.1322085466182093e+001	
  8.3400000000000000e+003	 -9.6396166431366495e+001	 -1.1322085466182093e+001	
  8.3700000000000000e+003	 -9.6396166431366495e+001	 -1.1322085466182093e+001	
  8.4000000000000000e+003	 -9.6396166431366495e+001	 -1.1322085466182093e+001	
  8.4300000000000000e+003	 -9.6396166431366495e+001	 -1.1322085466182093e+001	
  8.4600000000000000e+003	 -9.6396166431366495e+001	 -1.1322085466182093e+001	
  8.4900000000000000e+003	 -9.6396166431366495e+001	 -1.1322085466182093e+001	
  8.5200000000000000e+003	 -9.6396166431366495e+001	 -1.1322085466182093e+001	
  8.5500000000000000e+003	 -9.6396166431366495e+001	 -1.1322085466182093e+001	
  8.5800000000000000e+003	 -9.6396166431366495e+001	 -1.1322085466182093e+001	
  8.6100000000000000e+003	 -9.6396166431366495e+001	 -1.1322085466182093e+001	
  8.6400000000000000e+003	 -9.6396166431366495e+001	 -1.1322085466182093e+001	
  8.6700000000000000e+003	 -9.6396166431366495e+001	 -1.1322085466182093e+001	
  8.7000000000000000e+003	 -9.6396166431366495e+001	 -1.1322085466182093e+001	
  8.7300000000000000e+003	 -9.6396166431366495e+001	 -1.1322085466182093e+001	
  8.7600000000000000e+003	 -9.6396166431366495e+001	 -1.1322085466182093e+001	
  8.7900000000000000e+003	 -9.6396166431366495e+001	 -1.1322085466182093e+001	
  8.8200000000000000e+003	 -9.6396166431366495e+001	 -1.1322085466182093e+001	
  8.8500000000000000e+003	 -9.6396166431366495e+001	 -1.1322085466182093e+001	
  8.8800000000000000e+003	 -9.6396166431366495e+001	 -1.1322085466182093e+001	
  8.9100000000000000e+003	 -9.6396166431366495e+001	 -1.1322085466182093e+001	
  8.9400000000000000e+003	 -9.6396166431366495e+001	 -1.1322085466182093e+001	
  8.9700000000000000e+003	 -9.6396166431366495e+001	 -1.1322085466182093e+001	
  9.0000000000000000e+003	 -9.6396166431366495e+001	 -1.1322085466182093e+001	
  9.0300000000000000e+003	 -9.6396166431366495e+001	 -1.1322085466182093e+001	
  9.0600000000000000e+003	 -9.6396166431366495e+001	 -1.1322085466182093e+001	
  9.0900000000000000e+003	 -9.6396166431366495e+001	 -1.1322085466182093e+001	
  9.1200000000000000e+003	 -9.6396166431366495e+001	 -1.1322085466182093e+001	
  9.1500000000000000e+003	 -9.6396166431366495e+001	 -1.1322085466182093e+001	
  9.1800000000000000e+003	 -9.6396166431366495e+001	 -1.1322085466182093e+001	
  9.2100000000000000e+003	 -9.6396166431366495e+001	 -1.1322085466182093e+001	
  9.2400000000000000e+003	 -9.6396166431366495e+001	 -1.1322085466182093e+001	
  9.2700000000000000e+003	 -9.6396166431366495e+001	 -1.1322085466182093e+001	
  9.3000000000000000e+003	 -9.6396166431366495e+001	 -1.1322085466182093e+001	
  9.3300000000000000e+003	 -9.6396166431366495e+001	 -1.1322085466182093e+001	
  9.3600000000000000e+003	 -9.6396166431366495e+001	 -1.1322085466182093e+001	
  9.3900000000000000e+003	 -9.6396166431366495e+001	 -1.1322085466182093e+001	
  9.4200000000000000e+003	 -9.6396166431366495e+001	 -1.1322085466182093e+001	
  9.4500000000000000e+003	 -9.6396166431366495e+001	 -1.1322085466182093e+001	
  9.4800000000000000e+003	 -9.6396166431366495e+001	 -1.1322085466182093e+001	
  9.5100000000000000e+003	 -9.6396166431366495e+001	 -1.1322085466182093e+001	
  9.5400000000000000e+003	 -9.6396166431366495e+001	 -1.1322085466182093e+001	
  9.5700000000000000e+003	 -9.6396166431366495e+001	 -1.1322085466182093e+001	
  9.6000000000000000e+003	 -9.6396166431366495e+001	 -1.1322085466182093e+001	
  9.6300000000000000e+003	 -9.6396166431366495e+001	 -1.1322085466182093e+001	
  9.6600000000000000e+003	 -9.6396166431366495e+001	 -1.1322085466182093e+001	
  9.6900000000000000e+003	 -9.6396166431366495e+001	 -1.1322085466182093e+001	
  9.7200000000000000e+003	 -9.6396166431366495e+001	 -1.1322085466182093e+001	
  9.7500000000000000e+003	 -9.6396166431366495e+001	 -1.1322085466182093e+001	
  9.7800000000000000e+003	 -9.6396166431366495e+001	 -1.1322085466182093e+001	
  9.8100000000000000e+003	 -9.6396166431366495e+001	 -1.1322085466182093e+001	
  9.8400000000000000e+003	 -9.6396166431366495e+001	 -1.1322085466182093e+001	
  9.8700000000000000e+003	 -9.6396166431366495e+001	 -1.1322085466182093e+001	
  9.9000000000000000e+003	 -9.6396166431366495e+001	 -1.1322085466182093e+001	
  9.9300000000000000e+003	 -9.6396166431366495e+001	 -1.1322085466182093e+001	
  9.9600000000000000e+003	 -9.6396166431366495e+001	 -1.1322085466182093e+001	
  9.9900000000000000e+003	 -9.6396166431366495e+001	 -1.1322085466182093e+001	
  1.0020000000000000e+004	 -9.6396166431366495e+001	 -1.1322085466182093e+001	
  1.0050000000000000e+004	 -9.6396166431366495e+001	 -1.1322085466182093e+001	
  1.0080000000000000e+004	 -9.6396166431366495e+001	 -1.1322085466182093e+001	
  1.0110000000000000e+004	 -9.6396166431366495e+001	 -1.1322085466182093e+001	
  1.0140000000000000e+004	 -9.6396166431366495e+001	 -1.1322085466182093e+001	
  1.0170000000000000e+004	 -9.6396166431366495e+001	 -1.1322085466182093e+001	
  1.0200000000000000e+004	 -9.6396166431366495e+001	 -1.1322085466182093e+001	
  1.0230000000000000e+004	 -9.6396166431366495e+001	 -1.1322085466182093e+001	
  1.0260000000000000e+004	 -9.6396166431366495e+001	 -1.1322085466182093e+001	
  1.0290000000000000e+004	 -9.6396166431366495e+001	 -1.1322085466182093e+001	
  1.0320000000000000e+004	 -9.6396166431366495e+001	 -1.1322085466182093e+001	
  1.0350000000000000e+004	 -9.6396166431366495e+001	 -1.1322085466182093e+001	
  1.0380000000000000e+004	 -9.6396166431366495e+001	 -1.1322085466182093e+001	
  1.0410000000000000e+004	 -9.6396166431366495e+001	 -1.1322085466182093e+001	
  1.0440000000000000e+004	 -9.6396166431366495e+001	 -1.1322085466182093e+001	
  1.0470000000000000e+004	 -9.6396166431366495e+001	 -1.1322085466182093e+001	
  1.0500000000000000e+004	 -9.6396166431366495e+001	 -1.1322085466182093e+001	
  1.0530000000000000e+004	 -9.6396166431366495e+001	 -1.1322085466182093e+001	
  1.0560000000000000e+004	 -9.6396166431366495e+001	 -1.1322085466182093e+001	
  1.0590000000000000e+004	 -9.6396166431366495e+001	 -1.1322085466182093e+001	
  1.0620000000000000e+004	 -9.6396166431366495e+001	 -1.1322085466182093e+001	
  1.0650000000000000e+004	 -9.6396166431366495e+001	 -1.1322085466182093e+001	
  1.0680000000000000e+004	 -9.6396166431366495e+001	 -1.1322085466182093e+001	
  1.0710000000000000e+004	 -9.6396166431366495e+001	 -1.1322085466182093e+001	
  1.0740000000000000e+004	 -9.6396166431366495e+001	 -1.1322085466182093e+001	
  1.0770000000000000e+004	 -9.6396166431366495e+001	 -1.1322085466182093e+001	
  1.0800000000000000e+004	 -9.6396166431366495e+001	 -1.1322085466182093e+001	
  1.0830000000000000e+004	 -9.6396166431366495e+001	 -1.1322085466182093e+001	
  1.0860000000000000e+004	 -9.6396166431366495e+001	 -1.1322085466182093e+001	
  1.0890000000000000e+004	 -9.6396166431366495e+001	 -1.1322085466182093e+001	
  1.0920000000000000e+004	 -9.6396166431366495e+001	 -1.1322085466182093e+001	
  1.0950000000000000e+004	 -9.6396166431366495e+001	 -1.1322085466182093e+001	
  1.0980000000000000e+004	 -9.6396166431366495e+001	 -1.1322085466182093e+001	
  1.1010000000000000e+004	 -9.6396166431366495e+001	 -1.1322085466182093e+001	
  1.1040000000000000e+004	 -9.6396166431366495e+001	 -1.1322085466182093e+001	
  1.1070000000000000e+004	 -9.6396166431366495e+001	 -1.1322085466182093e+001	
  1.1100000000000000e+004	 -9.6396166431366495e+001	 -1.1322085466182093e+001	
  1.1130000000000000e+004	 -9.6396166431366495e+001	 -1.1322085466182093e+001	
  1.1160000000000000e+004	 -9.6396166431366495e+001	 -1.1322085466182093e+001	
  1.1190000000000000e+004	 -9.6396166431366495e+001	 -1.1322085466182093e+001	
  1.1220000000000000e+004	 -9.6396166431366495e+001	 -1.1322085466182093e+001	
  1.1250000000000000e+004	 -9.6396166431366495e+001	 -1.1322085466182093e+001	
  1.1280000000000000e+004	 -9.6396166431366495e+001	 -1.1322085466182093e+001	
  1.1310000000000000e+004	 -9.6396166431366495e+001	 -1.1322085466182093e+001	
  1.1340000000000000e+004	 -9.6396166431366495e+001	 -1.1322085466182093e+001	
  1.1370000000000000e+004	 -9.6396166431366495e+001	 -1.1322085466182093e+001	
  1.1400000000000000e+004	 -9.6396166431366495e+001	 -1.1322085466182093e+001	
  1.1430000000000000e+004	 -9.6396166431366495e+001	 -1.1322085466182093e+001	
  1.1460000000000000e+004	 -9.6396166431366495e+001	 -1.1322085466182093e+001	
  1.1490000000000000e+004	 -9.6396166431366495e+001	 -1.1322085466182093e+001	
  1.1520000000000000e+004	 -9.6396166431366495e+001	 -1.1322085466182093e+001	
  1.1550000000000000e+004	 -9.6396166431366495e+001	 -1.1322085466182093e+001	
  1.1580000000000000e+004	 -9.6396166431366495e+001	 -1.1322085466182093e+001	
  1.1610000000000000e+004	 -9.6396166431366495e+001	 -1.1322085466182093e+001	
  1.1640000000000000e+004	 -9.6396166431366495e+001	 -1.1322085466182093e+001	
  1.1670000000000000e+004	 -9.6396166431366495e+001	 -1.1322085466182093e+001	
  1.1700000000000000e+004	 -9.6396166431366495e+001	 -1.1322085466182093e+001	
  1.1730000000000000e+004	 -9.6396166431366495e+001	 -1.1322085466182093e+001	
  1.1760000000000000e+004	 -9.6396166431366495e+001	 -1.1322085466182093e+001	
  1.1790000000000000e+004	 -9.6396166431366495e+001	 -1.1322085466182093e+001	
  1.1820000000000000e+004	 -9.6396166431366495e+001	 -1.1322085466182093e+001	
  1.1850000000000000e+004	 -9.6396166431366495e+001	 -1.1322085466182093e+001	
  1.1880000000000000e+004	 -9.6396166431366495e+001	 -1.1322085466182093e+001	
  1.1910000000000000e+004	 -9.6396166431366495e+001	 -1.1322085466182093e+001	
  1.1940000000000000e+004	 -9.6396166431366495e+001	 -1.1322085466182093e+001	
  1.1970000000000000e+004	 -9.6396166431366495e+001	 -1.1322085466182093e+001	
  1.2000000000000000e+004	 -9.6396166431366495e+001	 -1.1322085466182093e+001	
  1.2030000000000000e+004	 -9.6396166431366495e+001	 -1.1322085466182093e+001	
  1.2060000000000000e+004	 -9.6396166431366495e+001	 -1.1322085466182093e+001	
  1.2090000000000000e+004	 -9.6396166431366495e+001	 -1.1322085466182093e+001	
  1.2120000000000000e+004	 -9.6396166431366495e+001	 -1.1322085466182093e+001	
  1.2150000000000000e+004	 -9.6396166431366495e+001	 -1.1322085466182093e+001	
  1.2180000000000000e+004	 -9.6396166431366495e+001	 -1.1322085466182093e+001	
  1.2210000000000000e+004	 -9.6396166431366495e+001	 -1.1322085466182093e+001	
  1.2240000000000000e+004	 -9.6396166431366495e+001	 -1.1322085466182093e+001	
  1.2270000000000000e+004	 -9.6396166431366495e+001	 -1.1322085466182093e+001	
  1.2300000000000000e+004	 -9.6396166431366495e+001	 -1.1322085466182093e+001	
  1.2330000000000000e+004	 -9.6396166431366495e+001	 -1.1322085466182093e+001	
  1.2360000000000000e+004	 -9.6396166431366495e+001	 -1.1322085466182093e+001	
  1.2390000000000000e+004	 -9.6396166431366495e+001	 -1.1322085466182093e+001	
  1.2420000000000000e+004	 -9.6396166431366495e+001	 -1.1322085466182093e+001	
  1.2450000000000000e+004	 -9.6396166431366495e+001	 -1.1322085466182093e+001	
  1.2480000000000000e+004	 -9.6396166431366495e+001	 -1.1322085466182093e+001	
  1.2510000000000000e+004	 -9.6396166431366495e+001	 -1.1322085466182093e+001	
  1.2540000000000000e+004	 -9.6396166431366495e+001	 -1.1322085466182093e+001	
  1.2570000000000000e+004	 -9.6396166431366495e+001	 -1.1322085466182093e+001	
  1.2600000000000000e+004	 -9.6396166431366495e+001	 -1.1322085466182093e+001	
  1.2630000000000000e+004	 -9.6396166431366495e+001	 -1.1322085466182093e+001	
  1.2660000000000000e+004	 -9.6396166431366495e+001	 -1.1322085466182093e+001	
  1.2690000000000000e+004	 -9.6396166431366495e+001	 -1.1322085466182093e+001	
  1.2720000000000000e+004	 -9.6396166431366495e+001	 -1.1322085466182093e+001	
  1.2750000000000000e+004	 -9.6396166431366495e+001	 -1.1322085466182093e+001	
  1.2780000000000000e+004	 -9.6396166431366495e+001	 -1.1322085466182093e+001	
  1.2810000000000000e+004	 -9.6396166431366495e+001	 -1.1322085466182093e+001	
  1.2840000000000000e+004	 -9.6396166431366495e+001	 -1.1322085466182093e+001	
  1.2870000000000000e+004	 -9.6396166431366495e+001	 -1.1322085466182093e+001	
  1.2900000000000000e+004	 -9.6396166431366495e+001	 -1.1322085466182093e+001	
  1.2930000000000000e+004	 -9.6396166431366495e+001	 -1.1322085466182093e+001	
  1.2960000000000000e+004	 -9.6396166431366495e+001	 -1.1322085466182093e+001	
  1.2990000000000000e+004	 -9.6396166431366495e+001	 -1.1322085466182093e+001	
  1.3020000000000000e+004	 -9.6396166431366495e+001	 -1.1322085466182093e+001	
  1.3050000000000000e+004	 -9.6396166431366495e+001	 -1.1322085466182093e+001	
  1.3080000000000000e+004	 -9.6396166431366495e+001	 -1.1322085466182093e+001	
  1.3110000000000000e+004	 -9.6396166431366495e+001	 -1.1322085466182093e+001	
  1.3140000000000000e+004	 -9.6396166431366495e+001	 -1.1322085466182093e+001	
  1.3170000000000000e+004	 -9.6396166431366495e+001	 -1.1322085466182093e+001	
  1.3200000000000000e+004	 -9.6396166431366495e+001	 -1.1322085466182093e+001	
  1.3230000000000000e+004	 -9.6396166431366495e+001	 -1.1322085466182093e+001	
  1.3260000000000000e+004	 -9.6396166431366495e+001	 -1.1322085466182093e+001	
  1.3290000000000000e+004	 -9.6396166431366495e+001	 -1.1322085466182093e+001	
  1.3320000000000000e+004	 -9.6396166431366495e+001	 -1.1322085466182093e+001	
  1.3350000000000000e+004	 -9.6396166431366495e+001	 -1.1322085466182093e+001	
  1.3380000000000000e+004	 -9.6396166431366495e+001	 -1.1322085466182093e+001	
  1.3410000000000000e+004	 -9.6396166431366495e+001	 -1.1322085466182093e+001	
  1.3440000000000000e+004	 -9.6396166431366495e+001	 -1.1322085466182093e+001	
  1.3470000000000000e+004	 -9.6396166431366495e+001	 -1.1322085466182093e+001	
  1.3500000000000000e+004	 -9.6396166431366495e+001	 -1.1322085466182093e+001	
  1.3530000000000000e+004	 -9.6396166431366495e+001	 -1.1322085466182093e+001	
  1.3560000000000000e+004	 -9.6396166431366495e+001	 -1.1322085466182093e+001	
  1.3590000000000000e+004	 -9.6396166431366495e+001	 -1.1322085466182093e+001	
  1.3620000000000000e+004	 -9.6396166431366495e+001	 -1.1322085466182093e+001	
  1.3650000000000000e+004	 -9.6396166431366495e+001	 -1.1322085466182093e+001	
  1.3680000000000000e+004	 -9.6396166431366495e+001	 -1.1322085466182093e+001	
  1.3710000000000000e+004	 -9.6396166431366495e+001	 -1.1322085466182093e+001	
  1.3740000000000000e+004	 -9.6396166431366495e+001	 -1.1322085466182093e+001	
  1.3770000000000000e+004	 -9.6396166431366495e+001	 -1.1322085466182093e+001	
  1.3800000000000000e+004	 -9.6396166431366495e+001	 -1.1322085466182093e+001	
  1.3830000000000000e+004	 -9.6396166431366495e+001	 -1.1322085466182093e+001	
  1.3860000000000000e+004	 -9.6396166431366495e+001	 -1.1322085466182093e+001	
  1.3890000000000000e+004	 -9.6396166431366495e+001	 -1.1322085466182093e+001	
  1.3920000000000000e+004	 -9.6396166431366495e+001	 -1.1322085466182093e+001	
  1.3950000000000000e+004	 -9.6396166431366495e+001	 -1.1322085466182093e+001	
  1.3980000000000000e+004	 -9.6396166431366495e+001	 -1.1322085466182093e+001	
  1.4010000000000000e+004	 -9.6396166431366495e+001	 -1.1322085466182093e+001	
  1.4040000000000000e+004	 -9.6396166431366495e+001	 -1.1322085466182093e+001	
  1.4070000000000000e+004	 -9.6396166431366495e+001	 -1.1322085466182093e+001	
  1.4100000000000000e+004	 -9.6396166431366495e+001	 -1.1322085466182093e+001	
  1.4130000000000000e+004	 -9.6396166431366495e+001	 -1.1322085466182093e+001	
  1.4160000000000000e+004	 -9.6396166431366495e+001	 -1.1322085466182093e+001	
  1.4190000000000000e+004	 -9.6396166431366495e+001	 -1.1322085466182093e+001	
  1.4220000000000000e+004	 -9.6396166431366495e+001	 -1.1322085466182093e+001	
  1.4250000000000000e+004	 -9.6396166431366495e+001	 -1.1322085466182093e+001	
  1.4280000000000000e+004	 -9.6396166431366495e+001	 -1.1322085466182093e+001	
  1.4310000000000000e+004	 -9.6396166431366495e+001	 -1.1322085466182093e+001	
  1.4340000000000000e+004	 -9.6396166431366495e+001	 -1.1322085466182093e+001	
  1.4370000000000000e+004	 -9.6396166431366495e+001	 -1.1322085466182093e+001	
  1.4400000000000000e+004	 -9.6396166431366495e+001	 -1.1322085466182093e+001	
  1.4430000000000000e+004	 -9.6396166431366495e+001	 -1.1322085466182093e+001	
  1.4460000000000000e+004	 -9.6396166431366495e+001	 -1.1322085466182093e+001	
  1.4490000000000000e+004	 -9.6396166431366495e+001	 -1.1322085466182093e+001	
  1.4520000000000000e+004	 -9.6396166431366495e+001	 -1.1322085466182093e+001	
  1.4550000000000000e+004	 -9.6396166431366495e+001	 -1.1322085466182093e+001	
  1.4580000000000000e+004	 -9.6396166431366495e+001	 -1.1322085466182093e+001	
  1.4610000000000000e+004	 -9.6396166431366495e+001	 -1.1322085466182093e+001	
  1.4640000000000000e+004	 -9.6396166431366495e+001	 -1.1322085466182093e+001	
  1.4670000000000000e+004	 -9.6396166431366495e+001	 -1.1322085466182093e+001	
  1.4700000000000000e+004	 -9.6396166431366495e+001	 -1.1322085466182093e+001	
  1.4730000000000000e+004	 -9.6396166431366495e+001	 -1.1322085466182093e+001	
  1.4760000000000000e+004	 -9.6396166431366495e+001	 -1.1322085466182093e+001	
  1.4790000000000000e+004	 -9.6396166431366495e+001	 -1.1322085466182093e+001	
  1.4820000000000000e+004	 -9.6396166431366495e+001	 -1.1322085466182093e+001	
  1.4850000000000000e+004	 -9.6396166431366495e+001	 -1.1322085466182093e+001	
  1.4880000000000000e+004	 -9.6396166431366495e+001	 -1.1322085466182093e+001	
  1.4910000000000000e+004	 -9.6396166431366495e+001	 -1.1322085466182093e+001	
  1.4940000000000000e+004	 -9.6396166431366495e+001	 -1.1322085466182093e+001	
  1.4970000000000000e+004	 -9.6396166431366495e+001	 -1.1322085466182093e+001	
  1.5000000000000000e+004	 -9.6396166431366495e+001	 -1.1322085466182093e+001	
  1.5030000000000000e+004	 -9.6396166431366495e+001	 -1.1322085466182093e+001	
  1.5060000000000000e+004	 -9.6396166431366495e+001	 -1.1322085466182093e+001	
  1.5090000000000000e+004	 -9.6396166431366495e+001	 -1.1322085466182093e+001	
  1.5120000000000000e+004	 -9.6396166431366495e+001	 -1.1322085466182093e+001	
  1.5150000000000000e+004	 -9.6396166431366495e+001	 -1.1322085466182093e+001	
  1.5180000000000000e+004	 -9.6396166431366495e+001	 -1.1322085466182093e+001	
  1.5210000000000000e+004	 -9.6396166431366495e+001	 -1.1322085466182093e+001	
  1.5240000000000000e+004	 -9.6396166431366495e+001	 -1.1322085466182093e+001	
  1.5270000000000000e+004	 -9.6396166431366495e+001	 -1.1322085466182093e+001	
  1.5300000000000000e+004	 -9.6396166431366495e+001	 -1.1322085466182093e+001	
  1.5330000000000000e+004	 -9.6396166431366495e+001	 -1.1322085466182093e+001	
  1.5360000000000000e+004	 -9.6396166431366495e+001	 -1.1322085466182093e+001	
  1.5390000000000000e+004	 -9.6396166431366495e+001	 -1.1322085466182093e+001	
  1.5420000000000000e+004	 -9.6396166431366495e+001	 -1.1322085466182093e+001	
  1.5450000000000000e+004	 -9.6396166431366495e+001	 -1.1322085466182093e+001	
  1.5480000000000000e+004	 -9.6396166431366495e+001	 -1.1322085466182093e+001	
  1.5510000000000000e+004	 -9.6396166431366495e+001	 -1.1322085466182093e+001	
  1.5540000000000000e+004	 -9.6396166431366495e+001	 -1.1322085466182093e+001	
  1.5570000000000000e+004	 -9.6396166431366495e+001	 -1.1322085466182093e+001	
  1.5600000000000000e+004	 -9.6396166431366495e+001	 -1.1322085466182093e+001	
  1.5630000000000000e+004	 -9.6396166431366495e+001	 -1.1322085466182093e+001	
  1.5660000000000000e+004	 -9.6396166431366495e+001	 -1.1322085466182093e+001	
  1.5690000000000000e+004	 -9.6396166431366495e+001	 -1.1322085466182093e+001	
  1.5720000000000000e+004	 -9.6396166431366495e+001	 -1.1322085466182093e+001	
  1.5750000000000000e+004	 -9.6396166431366495e+001	 -1.1322085466182093e+001	
  1.5780000000000000e+004	 -9.6396166431366495e+001	 -1.1322085466182093e+001	
  1.5810000000000000e+004	 -9.6396166431366495e+001	 -1.1322085466182093e+001	
  1.5840000000000000e+004	 -9.6396166431366495e+001	 -1.1322085466182093e+001	
  1.5870000000000000e+004	 -9.6396166431366495e+001	 -1.1322085466182093e+001	
  1.5900000000000000e+004	 -9.6396166431366495e+001	 -1.1322085466182093e+001	
  1.5930000000000000e+004	 -9.6396166431366495e+001	 -1.1322085466182093e+001	
  1.5960000000000000e+004	 -9.6396166431366495e+001	 -1.1322085466182093e+001	
  1.5990000000000000e+004	 -9.6396166431366495e+001	 -1.1322085466182093e+001	
  1.6020000000000000e+004	 -9.6396166431366495e+001	 -1.1322085466182093e+001	
  1.6050000000000000e+004	 -9.6396166431366495e+001	 -1.1322085466182093e+001	
  1.6080000000000000e+004	 -9.6396166431366495e+001	 -1.1322085466182093e+001	
  1.6110000000000000e+004	 -9.6396166431366495e+001	 -1.1322085466182093e+001	
  1.6140000000000000e+004	 -9.6396166431366495e+001	 -1.1322085466182093e+001	
  1.6170000000000000e+004	 -9.6396166431366495e+001	 -1.1322085466182093e+001	
  1.6200000000000000e+004	 -9.6396166431366495e+001	 -1.1322085466182093e+001	
  1.6230000000000000e+004	 -9.6396166431366495e+001	 -1.1322085466182093e+001	
  1.6260000000000000e+004	 -9.6396166431366495e+001	 -1.1322085466182093e+001	
  1.6290000000000000e+004	 -9.6396166431366495e+001	 -1.1322085466182093e+001	
  1.6320000000000000e+004	 -9.6396166431366495e+001	 -1.1322085466182093e+001	
  1.6350000000000000e+004	 -9.6396166431366495e+001	 -1.1322085466182093e+001	
  1.6380000000000000e+004	 -9.6396166431366495e+001	 -1.1322085466182093e+001	
  1.6410000000000000e+004	 -9.6396166431366495e+001	 -1.1322085466182093e+001	
  1.6440000000000000e+004	 -9.6396166431366495e+001	 -1.1322085466182093e+001	
  1.6470000000000000e+004	 -9.6396166431366495e+001	 -1.1322085466182093e+001	
  1.6500000000000000e+004	 -9.6396166431366495e+001	 -1.1322085466182093e+001	
  1.6530000000000000e+004	 -9.6396166431366495e+001	 -1.1322085466182093e+001	
  1.6560000000000000e+004	 -9.6396166431366495e+001	 -1.1322085466182093e+001	
  1.6590000000000000e+004	 -9.6396166431366495e+001	 -1.1322085466182093e+001	
  1.6620000000000000e+004	 -9.6396166431366495e+001	 -1.1322085466182093e+001	
  1.6650000000000000e+004	 -9.6396166431366495e+001	 -1.1322085466182093e+001	
  1.6680000000000000e+004	 -9.6396166431366495e+001	 -1.1322085466182093e+001	
  1.6710000000000000e+004	 -9.6396166431366495e+001	 -1.1322085466182093e+001	
  1.6740000000000000e+004	 -9.6396166431366495e+001	 -1.1322085466182093e+001	
  1.6770000000000000e+004	 -9.6396166431366495e+001	 -1.1322085466182093e+001	
  1.6800000000000000e+004	 -9.6396166431366495e+001	 -1.1322085466182093e+001	
  1.6830000000000000e+004	 -9.6396166431366495e+001	 -1.1322085466182093e+001	
  1.6860000000000000e+004	 -9.6396166431366495e+001	 -1.1322085466182093e+001	
  1.6890000000000000e+004	 -9.6396166431366495e+001	 -1.1322085466182093e+001	
  1.6920000000000000e+004	 -9.6396166431366495e+001	 -1.1322085466182093e+001	
  1.6950000000000000e+004	 -9.6396166431366495e+001	 -1.1322085466182093e+001	
  1.6980000000000000e+004	 -9.6396166431366495e+001	 -1.1322085466182093e+001	
  1.7010000000000000e+004	 -9.6396166431366495e+001	 -1.1322085466182093e+001	
  1.7040000000000000e+004	 -9.6396166431366495e+001	 -1.1322085466182093e+001	
  1.7070000000000000e+004	 -9.6396166431366495e+001	 -1.1322085466182093e+001	
  1.7100000000000000e+004	 -9.6396166431366495e+001	 -1.1322085466182093e+001	
  1.7130000000000000e+004	 -9.6396166431366495e+001	 -1.1322085466182093e+001	
  1.7160000000000000e+004	 -9.6396166431366495e+001	 -1.1322085466182093e+001	
  1.7190000000000000e+004	 -9.6396166431366495e+001	 -1.1322085466182093e+001	
  1.7220000000000000e+004	 -9.6396166431366495e+001	 -1.1322085466182093e+001	
  1.7250000000000000e+004	 -9.6396166431366495e+001	 -1.1322085466182093e+001	
  1.7280000000000000e+004	 -9.6396166431366495e+001	 -1.1322085466182093e+001	
  1.7310000000000000e+004	 -9.6396166431366495e+001	 -1.1322085466182093e+001	
  1.7340000000000000e+004	 -9.6396166431366495e+001	 -1.1322085466182093e+001	
  1.7370000000000000e+004	 -9.6396166431366495e+001	 -1.1322085466182093e+001	
  1.7400000000000000e+004	 -9.6396166431366495e+001	 -1.1322085466182093e+001	
  1.7430000000000000e+004	 -9.6396166431366495e+001	 -1.1322085466182093e+001	
  1.7460000000000000e+004	 -9.6396166431366495e+001	 -1.1322085466182093e+001	
  1.7490000000000000e+004	 -9.6396166431366495e+001	 -1.1322085466182093e+001	
  1.7520000000000000e+004	 -9.6396166431366495e+001	 -1.1322085466182093e+001	
  1.7550000000000000e+004	 -9.6396166431366495e+001	 -1.1322085466182093e+001	
  1.7580000000000000e+004	 -9.6396166431366495e+001	 -1.1322085466182093e+001	
  1.7610000000000000e+004	 -9.6396166431366495e+001	 -1.1322085466182093e+001	
  1.7640000000000000e+004	 -9.6396166431366495e+001	 -1.1322085466182093e+001	
  1.7670000000000000e+004	 -9.6396166431366495e+001	 -1.1322085466182093e+001	
  1.7700000000000000e+004	 -9.6396166431366495e+001	 -1.1322085466182093e+001	
  1.7730000000000000e+004	 -9.6396166431366495e+001	 -1.1322085466182093e+001	
  1.7760000000000000e+004	 -9.6396166431366495e+001	 -1.1322085466182093e+001	
  1.7790000000000000e+004	 -9.6396166431366495e+001	 -1.1322085466182093e+001	
  1.7820000000000000e+004	 -9.6396166431366495e+001	 -1.1322085466182093e+001	
  1.7850000000000000e+004	 -9.6396166431366495e+001	 -1.1322085466182093e+001	
  1.7880000000000000e+004	 -9.6396166431366495e+001	 -1.1322085466182093e+001	
  1.7910000000000000e+004	 -9.6396166431366495e+001	 -1.1322085466182093e+001	
  1.7940000000000000e+004	 -9.6396166431366495e+001	 -1.1322085466182093e+001	
  1.7970000000000000e+004	 -9.6396166431366495e+001	 -1.1322085466182093e+001	
  1.8000000000000000e+004	 -9.6396166431366495e+001	 -1.1322085466182093e+001	
  1.8030000000000000e+004	 -9.6396166431366495e+001	 -1.1322085466182093e+001	
  1.8060000000000000e+004	 -9.6396166431366495e+001	 -1.1322085466182093e+001	
  1.8090000000000000e+004	 -9.6396166431366495e+001	 -1.1322085466182093e+001	
  1.8120000000000000e+004	 -9.6396166431366495e+001	 -1.1322085466182093e+001	
  1.8150000000000000e+004	 -9.6396166431366495e+001	 -1.1322085466182093e+001	
  1.8180000000000000e+004	 -9.6396166431366495e+001	 -1.1322085466182093e+001	
  1.8210000000000000e+004	 -9.6396166431366495e+001	 -1.1322085466182093e+001	
  1.8240000000000000e+004	 -9.6396166431366495e+001	 -1.1322085466182093e+001	
  1.8270000000000000e+004	 -9.6396166431366495e+001	 -1.1322085466182093e+001	
  1.8300000000000000e+004	 -9.6396166431366495e+001	 -1.1322085466182093e+001	
  1.8330000000000000e+004	 -9.6396166431366495e+001	 -1.1322085466182093e+001	
  1.8360000000000000e+004	 -9.6396166431366495e+001	 -1.1322085466182093e+001	
  1.8390000000000000e+004	 -9.6396166431366495e+001	 -1.1322085466182093e+001	
  1.8420000000000000e+004	 -9.6396166431366495e+001	 -1.1322085466182093e+001	
  1.8450000000000000e+004	 -9.6396166431366495e+001	 -1.1322085466182093e+001	
  1.8480000000000000e+004	 -9.6396166431366495e+001	 -1.1322085466182093e+001	
  1.8510000000000000e+004	 -9.6396166431366495e+001	 -1.1322085466182093e+001	
  1.8540000000000000e+004	 -9.6396166431366495e+001	 -1.1322085466182093e+001	
  1.8570000000000000e+004	 -9.6396166431366495e+001	 -1.1322085466182093e+001	
  1.8600000000000000e+004	 -9.6396166431366495e+001	 -1.1322085466182093e+001	
  1.8630000000000000e+004	 -9.6396166431366495e+001	 -1.1322085466182093e+001	
  1.8660000000000000e+004	 -9.6396166431366495e+001	 -1.1322085466182093e+001	
  1.8690000000000000e+004	 -9.6396166431366495e+001	 -1.1322085466182093e+001	
  1.8720000000000000e+004	 -9.6396166431366495e+001	 -1.1322085466182093e+001	
  1.8750000000000000e+004	 -9.6396166431366495e+001	 -1.1322085466182093e+001	
  1.8780000000000000e+004	 -9.6396166431366495e+001	 -1.1322085466182093e+001	
  1.8810000000000000e+004	 -9.6396166431366495e+001	 -1.1322085466182093e+001	
  1.8840000000000000e+004	 -9.6396166431366495e+001	 -1.1322085466182093e+001	
  1.8870000000000000e+004	 -9.6396166431366495e+001	 -1.1322085466182093e+001	
  1.8900000000000000e+004	 -9.6396166431366495e+001	 -1.1322085466182093e+001	
  1.8930000000000000e+004	 -9.6396166431366495e+001	 -1.1322085466182093e+001	
  1.8960000000000000e+004	 -9.6396166431366495e+001	 -1.1322085466182093e+001	
  1.8990000000000000e+004	 -9.6396166431366495e+001	 -1.1322085466182093e+001	
  1.9020000000000000e+004	 -9.6396166431366495e+001	 -1.1322085466182093e+001	
  1.9050000000000000e+004	 -9.6396166431366495e+001	 -1.1322085466182093e+001	
  1.9080000000000000e+004	 -9.6396166431366495e+001	 -1.1322085466182093e+001	
  1.9110000000000000e+004	 -9.6396166431366495e+001	 -1.1322085466182093e+001	
  1.9140000000000000e+004	 -9.6396166431366495e+001	 -1.1322085466182093e+001	
  1.9170000000000000e+004	 -9.6396166431366495e+001	 -1.1322085466182093e+001	
  1.9200000000000000e+004	 -9.6396166431366495e+001	 -1.1322085466182093e+001	
  1.9230000000000000e+004	 -9.6396166431366495e+001	 -1.1322085466182093e+001	
  1.9260000000000000e+004	 -9.6396166431366495e+001	 -1.1322085466182093e+001	
  1.9290000000000000e+004	 -9.6396166431366495e+001	 -1.1322085466182093e+001	
  1.9320000000000000e+004	 -9.6396166431366495e+001	 -1.1322085466182093e+001	
  1.9350000000000000e+004	 -9.6396166431366495e+001	 -1.1322085466182093e+001	
  1.9380000000000000e+004	 -9.6396166431366495e+001	 -1.1322085466182093e+001	
  1.9410000000000000e+004	 -9.6396166431366495e+001	 -1.1322085466182093e+001	
  1.9440000000000000e+004	 -9.6396166431366495e+001	 -1.1322085466182093e+001	
  1.9470000000000000e+004	 -9.6396166431366495e+001	 -1.1322085466182093e+001	
  1.9500000000000000e+004	 -9.6396166431366495e+001	 -1.1322085466182093e+001	
  1.9530000000000000e+004	 -9.6396166431366495e+001	 -1.1322085466182093e+001	
  1.9560000000000000e+004	 -9.6396166431366495e+001	 -1.1322085466182093e+001	
  1.9590000000000000e+004	 -9.6396166431366495e+001	 -1.1322085466182093e+001	
  1.9620000000000000e+004	 -9.6396166431366495e+001	 -1.1322085466182093e+001	
  1.9650000000000000e+004	 -9.6396166431366495e+001	 -1.1322085466182093e+001	
  1.9680000000000000e+004	 -9.6396166431366495e+001	 -1.1322085466182093e+001	
  1.9710000000000000e+004	 -9.6396166431366495e+001	 -1.1322085466182093e+001	
  1.9740000000000000e+004	 -9.6396166431366495e+001	 -1.1322085466182093e+001	
  1.9770000000000000e+004	 -9.6396166431366495e+001	 -1.1322085466182093e+001	
  1.9800000000000000e+004	 -9.6396166431366495e+001	 -1.1322085466182093e+001	
  1.9830000000000000e+004	 -9.6396166431366495e+001	 -1.1322085466182093e+001	
  1.9860000000000000e+004	 -9.6396166431366495e+001	 -1.1322085466182093e+001	
  1.9890000000000000e+004	 -9.6396166431366495e+001	 -1.1322085466182093e+001	
  1.9920000000000000e+004	 -9.6396166431366495e+001	 -1.1322085466182093e+001	
  1.9950000000000000e+004	 -9.6396166431366495e+001	 -1.1322085466182093e+001	
  1.9980000000000000e+004	 -9.6396166431366495e+001	 -1.1322085466182093e+001	
  2.0010000000000000e+004	 -9.6396166431366495e+001	 -1.1322085466182093e+001	
  2.0040000000000000e+004	 -9.6396166431366495e+001	 -1.1322085466182093e+001	
  2.0070000000000000e+004	 -9.6396166431366495e+001	 -1.1322085466182093e+001	
  2.0100000000000000e+004	 -9.6396166431366495e+001	 -1.1322085466182093e+001	
  2.0130000000000000e+004	 -9.6396166431366495e+001	 -1.1322085466182093e+001	
  2.0160000000000000e+004	 -9.6396166431366495e+001	 -1.1322085466182093e+001	
  2.0190000000000000e+004	 -9.6396166431366495e+001	 -1.1322085466182093e+001	
  2.0220000000000000e+004	 -9.6396166431366495e+001	 -1.1322085466182093e+001	
  2.0250000000000000e+004	 -9.6396166431366495e+001	 -1.1322085466182093e+001	
  2.0280000000000000e+004	 -9.6396166431366495e+001	 -1.1322085466182093e+001	
  2.0310000000000000e+004	 -9.6396166431366495e+001	 -1.1322085466182093e+001	
  2.0340000000000000e+004	 -9.6396166431366495e+001	 -1.1322085466182093e+001	
  2.0370000000000000e+004	 -9.6396166431366495e+001	 -1.1322085466182093e+001	
  2.0400000000000000e+004	 -9.6396166431366495e+001	 -1.1322085466182093e+001	
  2.0430000000000000e+004	 -9.6396166431366495e+001	 -1.1322085466182093e+001	
  2.0460000000000000e+004	 -9.6396166431366495e+001	 -1.1322085466182093e+001	
  2.0490000000000000e+004	 -9.6396166431366495e+001	 -1.1322085466182093e+001	
  2.0520000000000000e+004	 -9.6396166431366495e+001	 -1.1322085466182093e+001	
  2.0550000000000000e+004	 -9.6396166431366495e+001	 -1.1322085466182093e+001	
  2.0580000000000000e+004	 -9.6396166431366495e+001	 -1.1322085466182093e+001	
  2.0610000000000000e+004	 -9.6396166431366495e+001	 -1.1322085466182093e+001	
  2.0640000000000000e+004	 -9.6396166431366495e+001	 -1.1322085466182093e+001	
  2.0670000000000000e+004	 -9.6396166431366495e+001	 -1.1322085466182093e+001	
  2.0700000000000000e+004	 -9.6396166431366495e+001	 -1.1322085466182093e+001	
  2.0730000000000000e+004	 -9.6396166431366495e+001	 -1.1322085466182093e+001	
  2.0760000000000000e+004	 -9.6396166431366495e+001	 -1.1322085466182093e+001	
  2.0790000000000000e+004	 -9.6396166431366495e+001	 -1.1322085466182093e+001	
  2.0820000000000000e+004	 -9.6396166431366495e+001	 -1.1322085466182093e+001	
  2.0850000000000000e+004	 -9.6396166431366495e+001	 -1.1322085466182093e+001	
  2.0880000000000000e+004	 -9.6396166431366495e+001	 -1.1322085466182093e+001	
  2.0910000000000000e+004	 -9.6396166431366495e+001	 -1.1322085466182093e+001	
  2.0940000000000000e+004	 -9.6396166431366495e+001	 -1.1322085466182093e+001	
  2.0970000000000000e+004	 -9.6396166431366495e+001	 -1.1322085466182093e+001	
  2.1000000000000000e+004	 -9.6396166431366495e+001	 -1.1322085466182093e+001	
  2.1030000000000000e+004	 -9.6396166431366495e+001	 -1.1322085466182093e+001	
  2.1060000000000000e+004	 -9.6396166431366495e+001	 -1.1322085466182093e+001	
  2.1090000000000000e+004	 -9.6396166431366495e+001	 -1.1322085466182093e+001	
  2.1120000000000000e+004	 -9.6396166431366495e+001	 -1.1322085466182093e+001	
  2.1150000000000000e+004	 -9.6396166431366495e+001	 -1.1322085466182093e+001	
  2.1180000000000000e+004	 -9.6396166431366495e+001	 -1.1322085466182093e+001	
  2.1210000000000000e+004	 -9.6396166431366495e+001	 -1.1322085466182093e+001	
  2.1240000000000000e+004	 -9.6396166431366495e+001	 -1.1322085466182093e+001	
  2.1270000000000000e+004	 -9.6396166431366495e+001	 -1.1322085466182093e+001	
  2.1300000000000000e+004	 -9.6396166431366495e+001	 -1.1322085466182093e+001	
  2.1330000000000000e+004	 -9.6396166431366495e+001	 -1.1322085466182093e+001	
  2.1360000000000000e+004	 -9.6396166431366495e+001	 -1.1322085466182093e+001	
  2.1390000000000000e+004	 -9.6396166431366495e+001	 -1.1322085466182093e+001	
  2.1420000000000000e+004	 -9.6396166431366495e+001	 -1.1322085466182093e+001	
  2.1450000000000000e+004	 -9.6396166431366495e+001	 -1.1322085466182093e+001	
  2.1480000000000000e+004	 -9.6396166431366495e+001	 -1.1322085466182093e+001	
  2.1510000000000000e+004	 -9.6396166431366495e+001	 -1.1322085466182093e+001	
  2.1540000000000000e+004	 -9.6396166431366495e+001	 -1.1322085466182093e+001	
  2.1570000000000000e+004	 -9.6396166431366495e+001	 -1.1322085466182093e+001	
  2.1600000000000000e+004	 -9.6396166431366495e+001	 -1.1322085466182093e+001	
  2.1630000000000000e+004	 -9.6396166431366495e+001	 -1.1322085466182093e+001	
  2.1660000000000000e+004	 -9.6396166431366495e+001	 -1.1322085466182093e+001	
  2.1690000000000000e+004	 -9.6396166431366495e+001	 -1.1322085466182093e+001	
  2.1720000000000000e+004	 -9.6396166431366495e+001	 -1.1322085466182093e+001	
  2.1750000000000000e+004	 -9.6396166431366495e+001	 -1.1322085466182093e+001	
  2.1780000000000000e+004	 -9.6396166431366495e+001	 -1.1322085466182093e+001	
  2.1810000000000000e+004	 -9.6396166431366495e+001	 -1.1322085466182093e+001	
  2.1840000000000000e+004	 -9.6396166431366495e+001	 -1.1322085466182093e+001	
  2.1870000000000000e+004	 -9.6396166431366495e+001	 -1.1322085466182093e+001	
  2.1900000000000000e+004	 -9.6396166431366495e+001	 -1.1322085466182093e+001	
  2.1930000000000000e+004	 -9.6396166431366495e+001	 -1.1322085466182093e+001	
  2.1960000000000000e+004	 -9.6396166431366495e+001	 -1.1322085466182093e+001	
  2.1990000000000000e+004	 -9.6396166431366495e+001	 -1.1322085466182093e+001	
  2.2020000000000000e+004	 -9.6396166431366495e+001	 -1.1322085466182093e+001	
  2.2050000000000000e+004	 -9.6396166431366495e+001	 -1.1322085466182093e+001	
  2.2080000000000000e+004	 -9.6396166431366495e+001	 -1.1322085466182093e+001	
  2.2110000000000000e+004	 -9.6396166431366495e+001	 -1.1322085466182093e+001	
  2.2140000000000000e+004	 -9.6396166431366495e+001	 -1.1322085466182093e+001	
  2.2170000000000000e+004	 -9.6396166431366495e+001	 -1.1322085466182093e+001	
  2.2200000000000000e+004	 -9.6396166431366495e+001	 -1.1322085466182093e+001	
  2.2230000000000000e+004	 -9.6396166431366495e+001	 -1.1322085466182093e+001	
  2.2260000000000000e+004	 -9.6396166431366495e+001	 -1.1322085466182093e+001	
  2.2290000000000000e+004	 -9.6396166431366495e+001	 -1.1322085466182093e+001	
  2.2320000000000000e+004	 -9.6396166431366495e+001	 -1.1322085466182093e+001	
  2.2350000000000000e+004	 -9.6396166431366495e+001	 -1.1322085466182093e+001	
  2.2380000000000000e+004	 -9.6396166431366495e+001	 -1.1322085466182093e+001	
  2.2410000000000000e+004	 -9.6396166431366495e+001	 -1.1322085466182093e+001	
  2.2440000000000000e+004	 -9.6396166431366495e+001	 -1.1322085466182093e+001	
  2.2470000000000000e+004	 -9.6396166431366495e+001	 -1.1322085466182093e+001	
  2.2500000000000000e+004	 -9.6396166431366495e+001	 -1.1322085466182093e+001	
  2.2530000000000000e+004	 -9.6396166431366495e+001	 -1.1322085466182093e+001	
  2.2560000000000000e+004	 -9.6396166431366495e+001	 -1.1322085466182093e+001	
  2.2590000000000000e+004	 -9.6396166431366495e+001	 -1.1322085466182093e+001	
  2.2620000000000000e+004	 -9.6396166431366495e+001	 -1.1322085466182093e+001	
  2.2650000000000000e+004	 -9.6396166431366495e+001	 -1.1322085466182093e+001	
  2.2680000000000000e+004	 -9.6396166431366495e+001	 -1.1322085466182093e+001	
  2.2710000000000000e+004	 -9.6396166431366495e+001	 -1.1322085466182093e+001	
  2.2740000000000000e+004	 -9.6396166431366495e+001	 -1.1322085466182093e+001	
  2.2770000000000000e+004	 -9.6396166431366495e+001	 -1.1322085466182093e+001	
  2.2800000000000000e+004	 -9.6396166431366495e+001	 -1.1322085466182093e+001	
  2.2830000000000000e+004	 -9.6396166431366495e+001	 -1.1322085466182093e+001	
  2.2860000000000000e+004	 -9.6396166431366495e+001	 -1.1322085466182093e+001	
  2.2890000000000000e+004	 -9.6396166431366495e+001	 -1.1322085466182093e+001	
  2.2920000000000000e+004	 -9.6396166431366495e+001	 -1.1322085466182093e+001	
  2.2950000000000000e+004	 -9.6396166431366495e+001	 -1.1322085466182093e+001	
  2.2980000000000000e+004	 -9.6396166431366495e+001	 -1.1322085466182093e+001	
  2.3010000000000000e+004	 -9.6396166431366495e+001	 -1.1322085466182093e+001	
  2.3040000000000000e+004	 -9.6396166431366495e+001	 -1.1322085466182093e+001	
  2.3070000000000000e+004	 -9.6396166431366495e+001	 -1.1322085466182093e+001	
  2.3100000000000000e+004	 -9.6396166431366495e+001	 -1.1322085466182093e+001	
  2.3130000000000000e+004	 -9.6396166431366495e+001	 -1.1322085466182093e+001	
  2.3160000000000000e+004	 -9.6396166431366495e+001	 -1.1322085466182093e+001	
  2.3190000000000000e+004	 -9.6396166431366495e+001	 -1.1322085466182093e+001	
  2.3220000000000000e+004	 -9.6396166431366495e+001	 -1.1322085466182093e+001	
  2.3250000000000000e+004	 -9.6396166431366495e+001	 -1.1322085466182093e+001	
  2.3280000000000000e+004	 -9.6396166431366495e+001	 -1.1322085466182093e+001	
  2.3310000000000000e+004	 -9.6396166431366495e+001	 -1.1322085466182093e+001	
  2.3340000000000000e+004	 -9.6396166431366495e+001	 -1.1322085466182093e+001	
  2.3370000000000000e+004	 -9.6396166431366495e+001	 -1.1322085466182093e+001	
  2.3400000000000000e+004	 -9.6396166431366495e+001	 -1.1322085466182093e+001	
  2.3430000000000000e+004	 -9.6396166431366495e+001	 -1.1322085466182093e+001	
  2.3460000000000000e+004	 -9.6396166431366495e+001	 -1.1322085466182093e+001	
  2.3490000000000000e+004	 -9.6396166431366495e+001	 -1.1322085466182093e+001	
  2.3520000000000000e+004	 -9.6396166431366495e+001	 -1.1322085466182093e+001	
  2.3550000000000000e+004	 -9.6396166431366495e+001	 -1.1322085466182093e+001	
  2.3580000000000000e+004	 -9.6396166431366495e+001	 -1.1322085466182093e+001	
  2.3610000000000000e+004	 -9.6396166431366495e+001	 -1.1322085466182093e+001	
  2.3640000000000000e+004	 -9.6396166431366495e+001	 -1.1322085466182093e+001	
  2.3670000000000000e+004	 -9.6396166431366495e+001	 -1.1322085466182093e+001	
  2.3700000000000000e+004	 -9.6396166431366495e+001	 -1.1322085466182093e+001	
  2.3730000000000000e+004	 -9.6396166431366495e+001	 -1.1322085466182093e+001	
  2.3760000000000000e+004	 -9.6396166431366495e+001	 -1.1322085466182093e+001	
  2.3790000000000000e+004	 -9.6396166431366495e+001	 -1.1322085466182093e+001	
  2.3820000000000000e+004	 -9.6396166431366495e+001	 -1.1322085466182093e+001	
  2.3850000000000000e+004	 -9.6396166431366495e+001	 -1.1322085466182093e+001	
  2.3880000000000000e+004	 -9.6396166431366495e+001	 -1.1322085466182093e+001	
  2.3910000000000000e+004	 -9.6396166431366495e+001	 -1.1322085466182093e+001	
  2.3940000000000000e+004	 -9.6396166431366495e+001	 -1.1322085466182093e+001	
  2.3970000000000000e+004	 -9.6396166431366495e+001	 -1.1322085466182093e+001	
  2.4000000000000000e+004	 -9.6396166431366495e+001	 -1.1322085466182093e+001	
  2.4030000000000000e+004	 -9.6396166431366495e+001	 -1.1322085466182093e+001	
  2.4060000000000000e+004	 -9.6396166431366495e+001	 -1.1322085466182093e+001	
  2.4090000000000000e+004	 -9.6396166431366495e+001	 -1.1322085466182093e+001	
  2.4120000000000000e+004	 -9.6396166431366495e+001	 -1.1322085466182093e+001	
  2.4150000000000000e+004	 -9.6396166431366495e+001	 -1.1322085466182093e+001	
  2.4180000000000000e+004	 -9.6396166431366495e+001	 -1.1322085466182093e+001	
  2.4210000000000000e+004	 -9.6396166431366495e+001	 -1.1322085466182093e+001	
  2.4240000000000000e+004	 -9.6396166431366495e+001	 -1.1322085466182093e+001	
  2.4270000000000000e+004	 -9.6396166431366495e+001	 -1.1322085466182093e+001	
  2.4300000000000000e+004	 -9.6396166431366495e+001	 -1.1322085466182093e+001	
  2.4330000000000000e+004	 -9.6396166431366495e+001	 -1.1322085466182093e+001	
  2.4360000000000000e+004	 -9.6396166431366495e+001	 -1.1322085466182093e+001	
  2.4390000000000000e+004	 -9.6396166431366495e+001	 -1.1322085466182093e+001	
  2.4420000000000000e+004	 -9.6396166431366495e+001	 -1.1322085466182093e+001	
  2.4450000000000000e+004	 -9.6396166431366495e+001	 -1.1322085466182093e+001	
  2.4480000000000000e+004	 -9.6396166431366495e+001	 -1.1322085466182093e+001	
  2.4510000000000000e+004	 -9.6396166431366495e+001	 -1.1322085466182093e+001	
  2.4540000000000000e+004	 -9.6396166431366495e+001	 -1.1322085466182093e+001	
  2.4570000000000000e+004	 -9.6396166431366495e+001	 -1.1322085466182093e+001	
  2.4600000000000000e+004	 -9.6396166431366495e+001	 -1.1322085466182093e+001	
  2.4630000000000000e+004	 -9.6396166431366495e+001	 -1.1322085466182093e+001	
  2.4660000000000000e+004	 -9.6396166431366495e+001	 -1.1322085466182093e+001	
  2.4690000000000000e+004	 -9.6396166431366495e+001	 -1.1322085466182093e+001	
  2.4720000000000000e+004	 -9.6396166431366495e+001	 -1.1322085466182093e+001	
  2.4750000000000000e+004	 -9.6396166431366495e+001	 -1.1322085466182093e+001	
  2.4780000000000000e+004	 -9.6396166431366495e+001	 -1.1322085466182093e+001	
  2.4810000000000000e+004	 -9.6396166431366495e+001	 -1.1322085466182093e+001	
  2.4840000000000000e+004	 -9.6396166431366495e+001	 -1.1322085466182093e+001	
  2.4870000000000000e+004	 -9.6396166431366495e+001	 -1.1322085466182093e+001	
  2.4900000000000000e+004	 -9.6396166431366495e+001	 -1.1322085466182093e+001	
  2.4930000000000000e+004	 -9.6396166431366495e+001	 -1.1322085466182093e+001	
  2.4960000000000000e+004	 -9.6396166431366495e+001	 -1.1322085466182093e+001	
  2.4990000000000000e+004	 -9.6396166431366495e+001	 -1.1322085466182093e+001	
  2.5020000000000000e+004	 -9.6396166431366495e+001	 -1.1322085466182093e+001	
  2.5050000000000000e+004	 -9.6396166431366495e+001	 -1.1322085466182093e+001	
  2.5080000000000000e+004	 -1.0543402570995072e+002	 -8.9788550936434408e+000	
  2.5110000000000000e+004	 -1.4434741559043067e+002	  1.1101531831774720e+000	
  2.5140000000000000e+004	 -1.8326080547091061e+002	  1.1199161459998383e+001	
  2.5170000000000000e+004	 -2.2217419535139052e+002	  2.1288169736819295e+001	
  2.5200000000000000e+004	 -2.6108758523187049e+002	  3.1377178013640208e+001	
  2.5230000000000000e+004	 -3.0000097511235043e+002	  4.1466186290461117e+001	
  2.5260000000000000e+004	 -3.3891436499283031e+002	  5.1555194567282037e+001	
  2.5290000000000000e+004	 -3.7782775487331031e+002	  6.1644202844102949e+001	
  2.5320000000000000e+004	 -4.1674114475379025e+002	  7.1733211120923869e+001	
  2.5350000000000000e+004	 -4.5565453463427025e+002	  8.1822219397744760e+001	
  2.5380000000000000e+004	 -4.9456792451475008e+002	  9.1911227674565680e+001	
  2.5410000000000000e+004	 -5.3348131439523013e+002	  1.0200023595138659e+002	
  2.5440000000000000e+004	 -5.7239470427571007e+002	  1.1208924422820751e+002	
  2.5470000000000000e+004	 -6.1130809415618990e+002	  1.2217825250502841e+002	
  2.5500000000000000e+004	 -6.5022148403666995e+002	  1.3226726078184933e+002	
  2.5530000000000000e+004	 -6.8913487391714978e+002	  1.4235626905867025e+002	
  2.5560000000000000e+004	 -7.2804826379762983e+002	  1.5244527733549114e+002	
  2.5590000000000000e+004	 -7.6696165367810966e+002	  1.6253428561231206e+002	
  2.5620000000000000e+004	 -8.0587504355858971e+002	  1.7262329388913301e+002	
  2.5650000000000000e+004	 -8.4478843343906965e+002	  1.8271230216595393e+002	
  2.5680000000000000e+004	 -8.8370182331954959e+002	  1.9280131044277479e+002	
  2.5710000000000000e+004	 -9.2261521320002953e+002	  2.0289031871959571e+002	
  2.5740000000000000e+004	 -9.6152860308050936e+002	  2.1297932699641663e+002	
  2.5770000000000000e+004	 -1.0004419929609893e+003	  2.2306833527323755e+002	
  2.5800000000000000e+004	 -1.0393553828414692e+003	  2.3315734355005847e+002	
  2.5830000000000000e+004	 -1.0782687727219493e+003	  2.4324635182687939e+002	
  2.5860000000000000e+004	 -1.1171821626024293e+003	  2.5333536010370025e+002	
  2.5890000000000000e+004	 -1.1560955524829092e+003	  2.6342436838052117e+002	
  2.5920000000000000e+004	 -1.1950089423633890e+003	  2.7351337665734206e+002	
  2.5950000000000000e+004	 -1.2339223322438691e+003	  2.8360238493416301e+002	
  2.5980000000000000e+004	 -1.2728357221243489e+003	  2.9369139321098390e+002	
  2.6010000000000000e+004	 -1.3117491120048289e+003	  3.0378040148780485e+002	
  2.6040000000000000e+004	 -1.3506625018853090e+003	  3.1386940976462574e+002	
  2.6070000000000000e+004	 -1.3895758917657888e+003	  3.2395841804144663e+002	
  2.6100000000000000e+004	 -1.4284892816462689e+003	  3.3404742631826753e+002	
  2.6130000000000000e+004	 -1.4674026715267487e+003	  3.4413643459508847e+002	
  2.6160000000000000e+004	 -1.5063160614072285e+003	  3.5422544287190937e+002	
  2.6190000000000000e+004	 -1.5452294512877086e+003	  3.6431445114873031e+002	
  2.6220000000000000e+004	 -1.5841428411681884e+003	  3.7440345942555126e+002	
  2.6250000000000000e+004	 -1.6230562310486685e+003	  3.8449246770237215e+002	
  2.6280000000000000e+004	 -1.6619696209291485e+003	  3.9458147597919310e+002	
  2.6310000000000000e+004	 -1.7008830108096283e+003	  4.0467048425601399e+002	
  2.6340000000000000e+004	 -1.7397964006901082e+003	  4.1475949253283494e+002	
  2.6370000000000000e+004	 -1.7787097905705884e+003	  4.2484850080965583e+002	
  2.6400000000000000e+004	 -1.8176231804510680e+003	  4.3493750908647667e+002	
  2.6430000000000000e+004	 -1.8565365703315483e+003	  4.4502651736329756e+002	
  2.6460000000000000e+004	 -1.8954499602120281e+003	  4.5511552564011851e+002	
  2.6490000000000000e+004	 -1.9343633500925077e+003	  4.6520453391693940e+002	
  2.6520000000000000e+004	 -1.9732767399729880e+003	  4.7529354219376035e+002	
  2.6550000000000000e+004	 -2.0121901298534679e+003	  4.8538255047058124e+002	
  2.6580000000000000e+004	 -2.0511035197339479e+003	  4.9547155874740218e+002	
  2.6610000000000000e+004	 -2.0900169096144277e+003	  5.0556056702422308e+002	
  2.6640000000000000e+004	 -2.1289302994949076e+003	  5.1564957530104402e+002	
  2.6670000000000000e+004	 -2.1678436893753874e+003	  5.2573858357786503e+002	
  2.6700000000000000e+004	 -2.2067570792558677e+003	  5.3582759185468581e+002	
  2.6730000000000000e+004	 -2.2456704691363475e+003	  5.4591660013150670e+002	
  2.6760000000000000e+004	 -2.2845838590168273e+003	  5.5600560840832759e+002	
  2.6790000000000000e+004	 -2.3234972488973076e+003	  5.6609461668514859e+002	
  2.6820000000000000e+004	 -2.3624106387777874e+003	  5.7618362496196949e+002	
  2.6850000000000000e+004	 -2.4013240286582673e+003	  5.8627263323879038e+002	
  2.6880000000000000e+004	 -2.4402374185387475e+003	  5.9636164151561127e+002	
  2.6910000000000000e+004	 -2.4791508084192269e+003	  6.0645064979243227e+002	
  2.6940000000000000e+004	 -2.5180641982997072e+003	  6.1653965806925316e+002	
  2.6970000000000000e+004	 -2.5569775881801870e+003	  6.2662866634607406e+002	
  2.7000000000000000e+004	 -2.5958909780606668e+003	  6.3671767462289495e+002	
  2.7030000000000000e+004	 -2.6348043679411471e+003	  6.4680668289971584e+002	
  2.7060000000000000e+004	 -2.6737177578216265e+003	  6.5689569117653673e+002	
  2.7090000000000000e+004	 -2.7126311477021072e+003	  6.6698469945335773e+002	
  2.7120000000000000e+004	 -2.7515445375825866e+003	  6.7707370773017863e+002	
  2.7150000000000000e+004	 -2.7904579274630664e+003	  6.8716271600699952e+002	
  2.7180000000000000e+004	 -2.8293713173435467e+003	  6.9725172428382041e+002	
  2.7210000000000000e+004	 -2.8682847072240270e+003	  7.0734073256064141e+002	
  2.7240000000000000e+004	 -2.9071980971045064e+003	  7.1742974083746230e+002	
  2.7270000000000000e+004	 -2.9461114869849866e+003	  7.2751874911428320e+002	
  2.7300000000000000e+004	 -2.9850248768654665e+003	  7.3760775739110409e+002	
  2.7330000000000000e+004	 -3.0239382667459458e+003	  7.4769676566792509e+002	
  2.7360000000000000e+004	 -3.0628516566264266e+003	  7.5778577394474598e+002	
  2.7390000000000000e+004	 -3.1017650465069064e+003	  7.6787478222156687e+002	
  2.7420000000000000e+004	 -3.1406784363873862e+003	  7.7796379049838765e+002	
  2.7450000000000000e+004	 -3.1795918262678661e+003	  7.8805279877520877e+002	
  2.7480000000000000e+004	 -3.2185052161483463e+003	  7.9814180705202943e+002	
  2.7510000000000000e+004	 -3.2574186060288262e+003	  8.0823081532885033e+002	
  2.7540000000000000e+004	 -3.2963319959093060e+003	  8.1831982360567133e+002	
  2.7570000000000000e+004	 -3.3352453857897858e+003	  8.2840883188249222e+002	
  2.7600000000000000e+004	 -3.3741587756702656e+003	  8.3849784015931311e+002	
  2.7630000000000000e+004	 -3.4130721655507459e+003	  8.4858684843613401e+002	
  2.7660000000000000e+004	 -3.4519855554312257e+003	  8.5867585671295501e+002	
  2.7690000000000000e+004	 -3.4908989453117056e+003	  8.6876486498977590e+002	
  2.7720000000000000e+004	 -3.5298123351921863e+003	  8.7885387326659679e+002	
  2.7750000000000000e+004	 -3.5687257250726652e+003	  8.8894288154341768e+002	
  2.7780000000000000e+004	 -3.6076391149531455e+003	  8.9903188982023869e+002	
  2.7810000000000000e+004	 -3.6465525048336258e+003	  9.0912089809705958e+002	
  2.7840000000000000e+004	 -3.6854658947141052e+003	  9.1920990637388047e+002	
  2.7870000000000000e+004	 -3.7243792845945850e+003	  9.2929891465070136e+002	
  2.7900000000000000e+004	 -3.7632926744750657e+003	  9.3938792292752237e+002	
  2.7930000000000000e+004	 -3.8022060643555455e+003	  9.4947693120434326e+002	
  2.7960000000000000e+004	 -3.8411194542360249e+003	  9.5956593948116415e+002	
  2.7990000000000000e+004	 -3.8800328441165052e+003	  9.6965494775798516e+002	
  2.8020000000000000e+004	 -3.9189462339969855e+003	  9.7974395603480605e+002	
  2.8050000000000000e+004	 -3.9578596238774649e+003	  9.8983296431162694e+002	
  2.8080000000000000e+004	 -3.9967730137579447e+003	  9.9992197258844783e+002	
  2.8110000000000000e+004	 -4.0356864036384250e+003	  1.0100109808652687e+003	
  2.8140000000000000e+004	 -4.0745997935189043e+003	  1.0200999891420896e+003	
  2.8170000000000000e+004	 -4.1135131833993846e+003	  1.0301889974189105e+003	
  2.8200000000000000e+004	 -4.1524265732798649e+003	  1.0402780056957313e+003	
  2.8230000000000000e+004	 -4.1913399631603452e+003	  1.0503670139725523e+003	
  2.8260000000000000e+004	 -4.2302533530408245e+003	  1.0604560222493733e+003	
  2.8290000000000000e+004	 -4.2691667429213048e+003	  1.0705450305261941e+003	
  2.8320000000000000e+004	 -4.3080801328017842e+003	  1.0806340388030151e+003	
  2.8350000000000000e+004	 -4.3469935226822636e+003	  1.0907230470798361e+003	
  2.8380000000000000e+004	 -4.3859069125627448e+003	  1.1008120553566569e+003	
  2.8410000000000000e+004	 -4.4248203024432241e+003	  1.1109010636334779e+003	
  2.8440000000000000e+004	 -4.4637336923237035e+003	  1.1209900719102989e+003	
  2.8470000000000000e+004	 -4.5026470822041838e+003	  1.1310790801871196e+003	
  2.8500000000000000e+004	 -4.5415604720846641e+003	  1.1411680884639406e+003	
  2.8530000000000000e+004	 -4.5804738619651444e+003	  1.1512570967407614e+003	
  2.8560000000000000e+004	 -4.6193872518456237e+003	  1.1613461050175824e+003	
  2.8590000000000000e+004	 -4.6583006417261040e+003	  1.1714351132944034e+003	
  2.8620000000000000e+004	 -4.6972140316065834e+003	  1.1815241215712242e+003	
  2.8650000000000000e+004	 -4.7361274214870637e+003	  1.1916131298480452e+003	
  2.8680000000000000e+004	 -4.7750408113675439e+003	  1.2017021381248662e+003	
  2.8710000000000000e+004	 -4.8139542012480233e+003	  1.2117911464016870e+003	
  2.8740000000000000e+004	 -4.8528675911285045e+003	  1.2218801546785078e+003	
  2.8770000000000000e+004	 -4.8917809810089839e+003	  1.2319691629553286e+003	
  2.8800000000000000e+004	 -4.9306943708894632e+003	  1.2420581712321496e+003	
  2.8830000000000000e+004	 -4.9696077607699435e+003	  1.2521471795089706e+003	
  2.8860000000000000e+004	 -5.0085211506504229e+003	  1.2622361877857913e+003	
  2.8890000000000000e+004	 -5.0474345405309032e+003	  1.2723251960626123e+003	
  2.8920000000000000e+004	 -5.0863479304113835e+003	  1.2824142043394334e+003	
  2.8950000000000000e+004	 -5.1252613202918628e+003	  1.2925032126162541e+003	
  2.8980000000000000e+004	 -5.1641747101723431e+003	  1.3025922208930751e+003	
  2.9010000000000000e+004	 -5.2030881000528234e+003	  1.3126812291698961e+003	
  2.9040000000000000e+004	 -5.2420014899333037e+003	  1.3227702374467169e+003	
  2.9070000000000000e+004	 -5.2809148798137830e+003	  1.3328592457235379e+003	
  2.9100000000000000e+004	 -5.3198282696942624e+003	  1.3429482540003587e+003	
  2.9130000000000000e+004	 -5.3587416595747427e+003	  1.3530372622771797e+003	
  2.9160000000000000e+004	 -5.3976550494552230e+003	  1.3631262705540005e+003	
  2.9190000000000000e+004	 -5.4365684393357033e+003	  1.3732152788308217e+003	
  2.9220000000000000e+004	 -5.4754818292161826e+003	  1.3833042871076425e+003	
  2.9250000000000000e+004	 -5.5143952190966620e+003	  1.3933932953844635e+003	
  2.9280000000000000e+004	 -5.5533086089771423e+003	  1.4034823036612843e+003	
  2.9310000000000000e+004	 -5.5922219988576217e+003	  1.4135713119381053e+003	
  2.9340000000000000e+004	 -5.6311353887381028e+003	  1.4236603202149261e+003	
  2.9370000000000000e+004	 -5.6700487786185831e+003	  1.4337493284917471e+003	
  2.9400000000000000e+004	 -5.7089621684990625e+003	  1.4438383367685681e+003	
  2.9430000000000000e+004	 -5.7478755583795419e+003	  1.4539273450453891e+003	
  2.9460000000000000e+004	 -5.7867889482600222e+003	  1.4640163533222099e+003	
  2.9490000000000000e+004	 -5.8257023381405015e+003	  1.4741053615990309e+003	
  2.9520000000000000e+004	 -5.8646157280209818e+003	  1.4841943698758516e+003	
  2.9550000000000000e+004	 -5.9035291179014630e+003	  1.4942833781526726e+003	
  2.9580000000000000e+004	 -5.9424425077819424e+003	  1.5043723864294934e+003	
  2.9610000000000000e+004	 -5.9813558976624208e+003	  1.5144613947063142e+003	
  2.9640000000000000e+004	 -6.0202692875429020e+003	  1.5245504029831354e+003	
  2.9670000000000000e+004	 -6.0591826774233814e+003	  1.5346394112599564e+003	
  2.9700000000000000e+004	 -6.0980960673038626e+003	  1.5447284195367770e+003	
  2.9730000000000000e+004	 -6.1370094571843420e+003	  1.5548174278135978e+003	
  2.9760000000000000e+004	 -6.1759228470648213e+003	  1.5649064360904188e+003	
  2.9790000000000000e+004	 -6.2148362369453016e+003	  1.5749954443672395e+003	
  2.9820000000000000e+004	 -6.2537496268257810e+003	  1.5850844526440605e+003	
  2.9850000000000000e+004	 -6.2926630167062604e+003	  1.5951734609208816e+003	
  2.9880000000000000e+004	 -6.3315764065867425e+003	  1.6052624691977026e+003	
  2.9910000000000000e+004	 -6.3704897964672218e+003	  1.6153514774745233e+003	
  2.9940000000000000e+004	 -6.4094031863477012e+003	  1.6254404857513443e+003	
  2.9970000000000000e+004	 -6.4483165762281815e+003	  1.6355294940281651e+003	
  3.0000000000000000e+004	 -6.4872299661086608e+003	  1.6456185023049861e+003	
  3.0030000000000000e+004	 -6.5261433559891402e+003	  1.6557075105818069e+003	
  3.0060000000000000e+004	 -6.5650567458696223e+003	  1.6657965188586279e+003	
  3.0090000000000000e+004	 -6.6039701357501008e+003	  1.6758855271354489e+003	
  3.0120000000000000e+004	 -6.6428835256305802e+003	  1.6859745354122699e+003	
  3.0150000000000000e+004	 -6.6817969155110613e+003	  1.6960635436890907e+003	
  3.0180000000000000e+004	 -6.7207103053915407e+003	  1.7061525519659117e+003	
  3.0210000000000000e+004	 -6.7596236952720210e+003	  1.7162415602427325e+003	
  3.0240000000000000e+004	 -6.7985370851525013e+003	  1.7263305685195533e+003	
  3.0270000000000000e+004	 -6.8374504750329806e+003	  1.7364195767963743e+003	
  3.0300000000000000e+004	 -6.8763638649134609e+003	  1.7465085850731955e+003	
  3.0330000000000000e+004	 -6.9152772547939403e+003	  1.7565975933500163e+003	
  3.0360000000000000e+004	 -6.9541906446744197e+003	  1.7666866016268373e+003	
  3.0390000000000000e+004	 -6.9931040345549009e+003	  1.7767756099036581e+003	
  3.0420000000000000e+004	 -7.0320174244353811e+003	  1.7868646181804788e+003	
  3.0450000000000000e+004	 -7.0709308143158605e+003	  1.7969536264572998e+003	
  3.0480000000000000e+004	 -7.1098442041963408e+003	  1.8070426347341206e+003	
  3.0510000000000000e+004	 -7.1487575940768202e+003	  1.8171316430109418e+003	
  3.0540000000000000e+004	 -7.1876709839572995e+003	  1.8272206512877628e+003	
  3.0570000000000000e+004	 -7.2265843738377798e+003	  1.8373096595645836e+003	
  3.0600000000000000e+004	 -7.2654977637182592e+003	  1.8473986678414044e+003	
  3.0630000000000000e+004	 -7.3044111535987395e+003	  1.8574876761182254e+003	
  3.0660000000000000e+004	 -7.3433245434792207e+003	  1.8675766843950462e+003	
  3.0690000000000000e+004	 -7.3822379333597000e+003	  1.8776656926718672e+003	
  3.0720000000000000e+004	 -7.4211513232401794e+003	  1.8877547009486880e+003	
  3.0750000000000000e+004	 -7.4600647131206597e+003	  1.8978437092255092e+003	
  3.0780000000000000e+004	 -7.4989781030011391e+003	  1.9079327175023300e+003	
  3.0810000000000000e+004	 -7.5378914928816203e+003	  1.9180217257791510e+003	
  3.0840000000000000e+004	 -7.5768048827620996e+003	  1.9281107340559718e+003	
  3.0870000000000000e+004	 -7.6157182726425790e+003	  1.9381997423327928e+003	
  3.0900000000000000e+004	 -7.6546316625230602e+003	  1.9482887506096135e+003	
  3.0930000000000000e+004	 -7.6935450524035386e+003	  1.9583777588864341e+003	
  3.0960000000000000e+004	 -7.7324584422840180e+003	  1.9684667671632553e+003	
  3.0990000000000000e+004	 -7.7713718321645001e+003	  1.9785557754400763e+003	
  3.1020000000000000e+004	 -7.8102852220449795e+003	  1.9886447837168971e+003	
  3.1050000000000000e+004	 -7.8491986119254589e+003	  1.9987337919937181e+003	
  3.1080000000000000e+004	 -7.8881120018059391e+003	  2.0088228002705389e+003	
  3.1110000000000000e+004	 -7.9270253916864185e+003	  2.0189118085473597e+003	
  3.1140000000000000e+004	 -7.9659387815668979e+003	  2.0290008168241807e+003	
  3.1170000000000000e+004	 -8.0048521714473800e+003	  2.0390898251010015e+003	
  3.1200000000000000e+004	 -8.0437655613278594e+003	  2.0491788333778227e+003	
  3.1230000000000000e+004	 -8.0826789512083387e+003	  2.0592678416546437e+003	
  3.1260000000000000e+004	 -8.1215923410888190e+003	  2.0693568499314642e+003	
  3.1290000000000000e+004	 -8.1605057309692984e+003	  2.0794458582082852e+003	
  3.1320000000000000e+004	 -8.1994191208497796e+003	  2.0895348664851062e+003	
  3.1350000000000000e+004	 -8.2383325107302589e+003	  2.0996238747619273e+003	
  3.1380000000000000e+004	 -8.2772459006107383e+003	  2.1097128830387478e+003	
  3.1410000000000000e+004	 -8.3161592904912195e+003	  2.1198018913155693e+003	
  3.1440000000000000e+004	 -8.3533618986179572e+003	  2.1036809296215606e+003	
  3.1470000000000000e+004	 -8.3323181186249494e+003	  2.1287272770159461e+003	
  3.1500000000000000e+004	 -8.3343412116221571e+003	  2.1329795905133005e+003	
  3.1530000000000000e+004	 -8.3361114183286700e+003	  2.1341150241785040e+003	
  3.1560000000000000e+004	 -8.3367797615216004e+003	  2.1336697555388755e+003	
  3.1590000000000000e+004	 -8.3399227811092824e+003	  2.1354063030924144e+003	
  3.1620000000000000e+004	 -8.3428851667714771e+003	  2.1383005470047260e+003	
  3.1650000000000000e+004	 -8.3464255796584239e+003	  2.1426864417723814e+003	
  3.1680000000000000e+004	 -8.3473648733650007e+003	  2.1442894074963438e+003	
  3.1710000000000000e+004	 -8.3474009997556404e+003	  2.1432875532652188e+003	
  3.1740000000000000e+004	 -8.3445650570816415e+003	  2.1385899722108293e+003	
  3.1770000000000000e+004	 -8.3409343275502379e+003	  2.1349832969706281e+003	
  3.1800000000000000e+004	 -8.3343773383484840e+003	  2.1289499088512662e+003	
  3.1830000000000000e+004	 -8.3385499678767501e+003	  2.1331576988424454e+003	
  3.1860000000000000e+004	 -8.3396698943859174e+003	  2.1339814470019587e+003	
  3.1890000000000000e+004	 -8.3389834875200522e+003	  2.1338256011899357e+003	
  3.1920000000000000e+004	 -8.3378454979033231e+003	  2.1327124303461142e+003	
  3.1950000000000000e+004	 -8.3374842310673757e+003	  2.1320222627609451e+003	
  3.1980000000000000e+004	 -8.3371410278853327e+003	  2.1316660487603813e+003	
  3.2010000000000000e+004	 -8.3362017347074016e+003	  2.1317996296355245e+003	
  3.2040000000000000e+004	 -8.3350637450425020e+003	  2.1322226319632159e+003	
  3.2070000000000000e+004	 -8.3309272426890875e+003	  2.1396363542562112e+003	
  3.2100000000000000e+004	 -8.3319207255798246e+003	  2.1347829298268539e+003	
  3.2130000000000000e+004	 -8.3315594590968722e+003	  2.1335807037479790e+003	
  3.2160000000000000e+004	 -8.3309814323678038e+003	  2.1336920206696186e+003	
  3.2190000000000000e+004	 -8.3318665353613778e+003	  2.1333358060546370e+003	
  3.2220000000000000e+004	 -8.3323723088710740e+003	  2.1323116876203444e+003	
  3.2250000000000000e+004	 -8.3321736120161313e+003	  2.1326456381999355e+003	
  3.2280000000000000e+004	 -8.3320291054469799e+003	  2.1325565848426209e+003	
  3.2310000000000000e+004	 -8.3321013591231531e+003	  2.1327124303461142e+003	
  3.2340000000000000e+004	 -8.3317400919147203e+003	  2.1305083515057136e+003	
  3.2370000000000000e+004	 -8.3317942821121578e+003	  2.1297736559893415e+003	
  3.2400000000000000e+004	 -8.3314149522354892e+003	  2.1311762509442278e+003	
  3.2430000000000000e+004	 -8.3300782655238618e+003	  2.1317996296355245e+003	
  3.2460000000000000e+004	 -8.3289944662354137e+003	  2.1303079802124321e+003	
  3.2490000000000000e+004	 -8.3290486561920516e+003	  2.1290166998553714e+003	
  3.2520000000000000e+004	 -8.3259959529577663e+003	  2.1238070600797278e+003	
  3.2550000000000000e+004	 -8.3246592663702540e+003	  2.1212912947930772e+003	
  3.2580000000000000e+004	 -8.3262849664449550e+003	  2.1226938899696638e+003	
  3.2610000000000000e+004	 -8.3304937224933983e+003	  2.1280593744886637e+003	
  3.2640000000000000e+004	 -8.3311620656350042e+003	  2.1286604880778104e+003	
  3.2670000000000000e+004	 -8.3313065724080152e+003	  2.1284155870875711e+003	
  3.2700000000000000e+004	 -8.3314149524102904e+003	  2.1280816369602612e+003	
  3.2730000000000000e+004	 -8.3316859023644138e+003	  2.1279703213389371e+003	
  3.2760000000000000e+004	 -8.3319026622028068e+003	  2.1278367408080321e+003	
  3.2790000000000000e+004	 -8.3318484720717552e+003	  2.1277922142544744e+003	
  3.2820000000000000e+004	 -8.3327155123291323e+003	  2.1290612275384715e+003	
  3.2850000000000000e+004	 -8.3333116023254079e+003	  2.1295510240365720e+003	
  3.2880000000000000e+004	 -8.3337270582441288e+003	  2.1297513919742078e+003	
  3.2910000000000000e+004	 -8.3340160720182357e+003	  2.1301076105384213e+003	
  3.2940000000000000e+004	 -8.3343773384348733e+003	  2.1304192972530709e+003	
  3.2970000000000000e+004	 -8.3348469851467198e+003	  2.1303970339668404e+003	
  3.3000000000000000e+004	 -8.3356056450271517e+003	  2.1301966628140026e+003	
  3.3030000000000000e+004	 -8.3364726847390830e+003	  2.1307755109830855e+003	
  3.3060000000000000e+004	 -8.3361475447295288e+003	  2.1295955481834508e+003	
  3.3090000000000000e+004	 -8.3351179351220635e+003	  2.1280371129057357e+003	
  3.3120000000000000e+004	 -8.3325348785317037e+003	  2.1231836847061286e+003	
  3.3150000000000000e+004	 -8.3323723088710740e+003	  2.1234508440346390e+003	
  3.3180000000000000e+004	 -8.3321916752393754e+003	  2.1236512180944101e+003	
  3.3210000000000000e+004	 -8.3324264989013718e+003	  2.1244749622987824e+003	
  3.3240000000000000e+004	 -8.3328238926208523e+003	  2.1248979686337702e+003	
  3.3270000000000000e+004	 -8.3332393488574307e+003	  2.1260556642885394e+003	
  3.3300000000000000e+004	 -8.3336166715870622e+003	  2.1265850422880594e+003	
  3.3330000000000000e+004	 -8.3333296654966307e+003	  2.1257885061211155e+003	
  3.3360000000000000e+004	 -8.3325890689922653e+003	  2.1242078007744167e+003	
  3.3390000000000000e+004	 -8.3323542454973976e+003	  2.1238515863509610e+003	
  3.3420000000000000e+004	 -8.3319749153612975e+003	  2.1233172633122863e+003	
  3.3450000000000000e+004	 -8.3308549893534528e+003	  2.1213135586083017e+003	
  3.3480000000000000e+004	 -8.3313788258453878e+003	  2.1223376749460981e+003	
  3.3510000000000000e+004	 -8.3307285457920843e+003	  2.1216029821723191e+003	
  3.3540000000000000e+004	 -8.3287054524618143e+003	  2.1177736740263053e+003	
  3.3570000000000000e+004	 -8.3289944662354137e+003	  2.1189091097820137e+003	
  3.3600000000000000e+004	 -8.3281816162764117e+003	  2.1183970497875030e+003	
  3.3630000000000000e+004	 -8.3295363655721758e+003	  2.1225380468476128e+003	
  3.3660000000000000e+004	 -8.3273687666599108e+003	  2.1197551192536712e+003	
  3.3690000000000000e+004	 -8.3280371097057414e+003	  2.1224044658486214e+003	
  3.3720000000000000e+004	 -8.3261585231532918e+003	  2.1193098482209443e+003	
  3.3750000000000000e+004	 -8.3261223962272306e+003	  2.1195992728720817e+003	
  3.3780000000000000e+004	 -8.3298073161030607e+003	  2.1277031594118748e+003	
  3.3810000000000000e+004	 -8.3272242596883843e+003	  2.1211577152627115e+003	
  3.3840000000000000e+004	 -8.3293015425524463e+003	  2.1265899892375787e+003	
  3.3870000000000000e+004	 -8.3291750994570357e+003	  2.1259888741541695e+003	
  3.3900000000000000e+004	 -8.3267726766665710e+003	  2.1205343403274051e+003	
  3.3930000000000000e+004	 -8.3290125294829741e+003	  2.1244749624207529e+003	
  3.3960000000000000e+004	 -8.3307285460702078e+003	  2.1277922138936165e+003	
  3.3990000000000000e+004	 -8.3313246356799591e+003	  2.1273692078791150e+003	
  3.4020000000000000e+004	 -8.3317942819373638e+003	  2.1272801552497745e+003	
  3.4050000000000000e+004	 -8.3309814323787996e+003	  2.1269684668328764e+003	
  3.4080000000000000e+004	 -8.3306201657988331e+003	  2.1253655030744244e+003	
  3.4110000000000000e+004	 -8.3267365499221232e+003	  2.1127644063349899e+003	
  3.4140000000000000e+004	 -8.3313607623905937e+003	  2.1248757038542267e+003	
  3.4170000000000000e+004	 -8.3312162554031038e+003	  2.1233617929657876e+003	
  3.4200000000000000e+004	 -8.3307646721656511e+003	  2.1220705129586777e+003	
  3.4230000000000000e+004	 -8.3328780821886921e+003	  2.1282152214475996e+003	
  3.4260000000000000e+004	 -8.3280371096255967e+003	  2.1146790624225532e+003	
  3.4290000000000000e+004	 -8.3297531260226569e+003	  2.1191985334420924e+003	
  3.4320000000000000e+004	 -8.3305117859560632e+003	  2.1213358224284066e+003	
  3.4350000000000000e+004	 -8.3292654157482921e+003	  2.1183747852550123e+003	
  3.4380000000000000e+004	 -8.3276577797505397e+003	  2.1124749810127078e+003	
  3.4410000000000000e+004	 -8.3271881333247493e+003	  2.1102486389028404e+003	
  3.4440000000000000e+004	 -8.3268629933033899e+003	  2.1084230356225362e+003	
  3.4470000000000000e+004	 -8.3270436264616910e+003	  2.1076883458582115e+003	
  3.4500000000000000e+004	 -8.3271700698899331e+003	  2.1072430765255403e+003	
  3.4530000000000000e+004	 -8.3270616897005893e+003	  2.1057959546457269e+003	
  3.4560000000000000e+004	 -8.3274590829872486e+003	  2.1058627448750335e+003	
  3.4590000000000000e+004	 -8.3282719329698339e+003	  2.1068200724385279e+003	
  3.4620000000000000e+004	 -8.3291750992998514e+003	  2.1064638563727995e+003	
  3.4650000000000000e+004	 -8.3300782657297132e+003	  2.1055287957288533e+003	
  3.4680000000000000e+004	 -8.3308911160334483e+003	  2.1046382552380214e+003	
  3.4710000000000000e+004	 -8.3314149522354892e+003	  2.1056178468570802e+003	
  3.4740000000000000e+004	 -8.3287596429626756e+003	  2.1119406585895158e+003	
  3.4770000000000000e+004	 -8.3321736123590235e+003	  2.1196883305811562e+003	
  3.4800000000000000e+004	 -8.2959927610049126e+003	  2.1457587935866932e+003	
  3.4830000000000000e+004	 -8.1806222683940505e+003	  2.1820704300191001e+003	
  3.4860000000000000e+004	 -8.1757993591097857e+003	  2.1832726560612596e+003	
  3.4890000000000000e+004	 -8.1283108628248647e+003	  2.1833394470621706e+003	
  3.4920000000000000e+004	 -7.6012770596372702e+003	  2.0884527491699505e+003	
  3.4950000000000000e+004	 -6.9755632724032166e+003	  1.9622636865271011e+003	
  3.4980000000000000e+004	 -6.3522699627991669e+003	  1.8316219375180644e+003	
  3.5010000000000000e+004	 -5.7806197100382251e+003	  1.7152733060787996e+003	
  3.5040000000000000e+004	 -5.2033336921660939e+003	  1.5860786803844910e+003	
  3.5070000000000000e+004	 -4.6622104590186163e+003	  1.4796595343852719e+003	
  3.5100000000000000e+004	 -4.3461202120511161e+003	  1.4287430927207292e+003	
  3.5130000000000000e+004	 -4.0084081556352771e+003	  1.6864644398501509e+003	
  3.5160000000000000e+004	 -3.7262408440321938e+003	  2.0899443988344738e+003	
  3.5190000000000000e+004	 -3.2400662571540438e+003	  2.3008903022044260e+003	
  3.5220000000000000e+004	 -2.9722051025433075e+003	  2.4464485440191288e+003	
  3.5250000000000000e+004	 -2.9752578056277789e+003	  2.4458919576486715e+003	
  3.5280000000000000e+004	 -2.6742504367989304e+003	  2.5461218747397797e+003	
  3.5310000000000000e+004	 -2.0363257877700410e+003	  2.5886004787307820e+003	
  3.5340000000000000e+004	 -1.4485088255414159e+003	  2.4562889732410526e+003	
  3.5370000000000000e+004	 -1.4082275918174078e+003	  2.3825747917420681e+003	
  3.5400000000000000e+004	 -1.3935240403360881e+003	  2.4121851403062474e+003	
  3.5430000000000000e+004	 -1.3975882877385468e+003	  2.4092463680830151e+003	
  3.5460000000000000e+004	 -1.4015622227412230e+003	  2.4079773538995360e+003	
  3.5490000000000000e+004	 -1.4050123199983773e+003	  2.4067083367452842e+003	
  3.5520000000000000e+004	 -1.4065115769767235e+003	  2.4060181722671118e+003	
  3.5550000000000000e+004	 -1.3976424778539645e+003	  2.4087343113649649e+003	
  3.5580000000000000e+004	 -1.3970825175187470e+003	  2.4102482213791459e+003	
  3.5610000000000000e+004	 -1.3990152927368799e+003	  2.4107380190308154e+003	
  3.5640000000000000e+004	 -1.4011106404900022e+003	  2.4114504461280731e+003	
  3.5670000000000000e+004	 -1.4013996527866223e+003	  2.4125190915760313e+003	
  3.5700000000000000e+004	 -1.4020860556386228e+003	  2.4143669544156601e+003	
  3.5730000000000000e+004	 -1.3983650136755339e+003	  2.4102259602669155e+003	
  3.5760000000000000e+004	 -1.4007674348865637e+003	  2.4140552667451766e+003	
  3.5790000000000000e+004	 -1.3998823306096788e+003	  2.4159921837888696e+003	
  3.5820000000000000e+004	 -1.4012732097228829e+003	  2.4165710302247439e+003	
  3.5850000000000000e+004	 -1.4001713446920735e+003	  2.4174393050733393e+003	
  3.5880000000000000e+004	 -1.3951858633556888e+003	  2.4125190910562678e+003	
  3.5910000000000000e+004	 -1.3965225525894066e+003	  2.4132983098476934e+003	
  3.5940000000000000e+004	 -1.4007854991614399e+003	  2.4157695499540478e+003	
  3.5970000000000000e+004	 -1.3936504819653117e+003	  2.4130756767104267e+003	
  3.6000000000000000e+004	 -1.3933072814103539e+003	  2.4117176098788273e+003	
  3.6030000000000000e+004	 -1.3952942453866433e+003	  2.4112278115445529e+003	
  3.6060000000000000e+004	 -1.3990514180555733e+003	  2.4064857034094393e+003	
  3.6090000000000000e+004	 -1.3972089573192939e+003	  2.4116285536176483e+003	
  3.6120000000000000e+004	 -1.3965044881035121e+003	  2.4126947250771618e+003	
  3.6150000000000000e+004	 -1.3956193845712248e+003	  2.4129643595674852e+003	
  3.6180000000000000e+004	 -1.3960709692474470e+003	  2.4106267000869584e+003	
  3.6210000000000000e+004	 -1.3955832571924152e+003	  2.4112500746407891e+003	
  3.6240000000000000e+004	 -1.3953845649888303e+003	  2.4115617631680439e+003	
  3.6270000000000000e+004	 -1.3955832598727052e+003	  2.4126304083210407e+003	
  3.6300000000000000e+004	 -1.3971367051776203e+003	  2.4036805145993544e+003	
  3.6330000000000000e+004	 -1.4023028203933247e+003	  2.4081331990139247e+003	
  3.6360000000000000e+004	 -1.4019054270778111e+003	  2.4140775308728435e+003	
  3.6390000000000000e+004	 -1.4003881037953229e+003	  2.4111387567530342e+003	
  3.6420000000000000e+004	 -1.4015441599440776e+003	  2.4107380173497140e+003	
  3.6450000000000000e+004	 -1.4017428576027792e+003	  2.4076434027189052e+003	
  3.6480000000000000e+004	 -1.4000990910592088e+003	  2.4062853328754286e+003	
  3.6510000000000000e+004	 -1.3988527221612617e+003	  2.4093354209397412e+003	
  3.6540000000000000e+004	 -1.3957638923500576e+003	  2.4098474793484506e+003	
  3.6570000000000000e+004	 -1.3832098775854424e+003	  2.4178400481930075e+003	
  3.6600000000000000e+004	 -1.1198464920485978e+003	  2.3919699546160787e+003	
  3.6630000000000000e+004	 -9.9490242161946048e+002	  2.2624636422652229e+003	
  3.6660000000000000e+004	 -1.1012773845534489e+003	  1.8980337210885093e+003	
  3.6690000000000000e+004	 -1.2125655778089290e+003	  1.6760228957568838e+003	
  3.6720000000000000e+004	 -1.2193031975057313e+003	  1.3368174327371050e+003	
  3.6750000000000000e+004	 -1.2261311364714425e+003	  9.0290337470860300e+002	
  3.6780000000000000e+004	 -1.1541668177181641e+003	  7.6371247672480081e+002	
  3.6810000000000000e+004	 -9.2949509316883245e+002	  7.2170140704424102e+002	
  3.6840000000000000e+004	 -7.5379305821026958e+002	  4.0231039028964176e+002	
  3.6870000000000000e+004	 -6.8504401332842815e+002	  3.6265922843392508e+002	
  3.6900000000000000e+004	 -4.6113094415393880e+002	  2.0799526964080729e+002	
  3.6930000000000000e+004	 -2.2343555877912331e+002	  7.5750663064724066e+001	
  3.6960000000000000e+004	 -1.1763867391610070e+002	  1.0497546413081301e+001	
  3.6990000000000000e+004	 -1.0127325171414209e+002	  5.5984701250613087e+000	
