  0.0000000000000000e+000	 -1.3059168753092965e+003	  1.8618111367274762e+003	
  3.0000000000000000e+001	 -1.2518372663947475e+003	  1.8595847934787319e+003	
  6.0000000000000000e+001	 -1.2200257312182312e+003	  1.6787501637425858e+003	
  9.0000000000000000e+001	 -1.2218998029931925e+003	  1.4743163155179825e+003	
  1.2000000000000000e+002	 -1.2192366482434575e+003	  1.4302171624453526e+003	
  1.5000000000000000e+002	 -1.2167342867536443e+003	  1.4317259674298082e+003	
  1.8000000000000000e+002	 -1.2165042344778749e+003	  1.4314109202772670e+003	
  2.1000000000000000e+002	 -1.2162741822021055e+003	  1.4310958731247258e+003	
  2.4000000000000000e+002	 -1.2118430419850979e+003	  1.4255594238733233e+003	
  2.7000000000000000e+002	 -7.8630253785812965e+002	  1.2486208944070502e+003	
  3.0000000000000000e+002	 -3.6552689027761392e+002	  1.0242294715552648e+003	
  3.3000000000000000e+002	 -2.2974870133992462e+002	  8.5210938342732823e+002	
  3.6000000000000000e+002	 -4.2728026655088689e+002	  5.5100776478555213e+002	
  3.9000000000000000e+002	 -3.3952858684446494e+002	  5.0159039736634583e+002	
  4.2000000000000000e+002	  8.3334082365713101e+001	  4.6867763885095366e+002	
  4.5000000000000000e+002	  1.9067542259507661e+002	  3.1038472842242390e+002	
  4.8000000000000000e+002	  4.1930399449268982e+001	  2.8160128938667941e+002	
  5.1000000000000000e+002	 -5.8430398038301043e+001	  1.3717530936365742e+002	
  5.4000000000000000e+002	 -5.9546996749755941e+001	  5.1461292016730624e+001	
  5.7000000000000000e+002	 -3.9210773912776290e+001	  6.8047458324958242e+001	
  6.0000000000000000e+002	 -4.0610622013909250e+001	  7.4615151628731581e+001	
  6.3000000000000000e+002	 -5.6778338869565658e+001	  8.2799511127155156e+001	
  6.6000000000000000e+002	 -6.4081413072256581e+001	  1.0270388668564001e+002	
  6.9000000000000000e+002	 -7.1384487274947489e+001	  1.2260826224412487e+002	
  7.2000000000000000e+002	 -7.8687561477638411e+001	  1.4251263780260973e+002	
  7.5000000000000000e+002	 -8.5990635680329333e+001	  1.6241701336109460e+002	
  7.8000000000000000e+002	 -5.2321644239214528e+001	  6.9982659012460118e+001	
  8.1000000000000000e+002	 -3.8792343248160989e+001	  1.0391379541399863e+002	
  8.4000000000000000e+002	 -5.6566526819537174e+001	  9.8437024448225614e+001	
  8.7000000000000000e+002	 -8.2015769396377536e+001	  6.9358586715552576e+001	
  9.0000000000000000e+002	 -1.0528888142076282e+002	  2.8136308797025666e+001	
  9.3000000000000000e+002	 -9.6599370912185051e+001	 -1.2684927223886655e+001	
  9.6000000000000000e+002	 -6.8036738543887992e+001	 -3.6924719945478486e+001	
  9.9000000000000000e+002	 -2.8555452457766084e+001	 -4.9964648983463874e+001	
  1.0200000000000000e+003	 -3.1398317504384732e+001	 -4.0004562687438209e+001	
  1.0500000000000000e+003	 -3.3084159181220699e+001	 -3.7481287956006952e+001	
  1.0800000000000000e+003	 -3.3084159181220699e+001	 -3.7481287956006952e+001	
  1.1100000000000000e+003	 -3.3084159181220699e+001	 -3.7481287956006952e+001	
  1.1400000000000000e+003	 -3.3084159181220699e+001	 -3.7481287956006952e+001	
  1.1700000000000000e+003	 -3.3084159181220699e+001	 -3.7481287956006952e+001	
  1.2000000000000000e+003	 -3.3084159181220699e+001	 -3.7481287956006952e+001	
  1.2300000000000000e+003	 -3.3084159181220699e+001	 -3.7481287956006952e+001	
  1.2600000000000000e+003	 -3.3084159181220699e+001	 -3.7481287956006952e+001	
  1.2900000000000000e+003	 -3.3084159181220699e+001	 -3.7481287956006952e+001	
  1.3200000000000000e+003	 -3.3084159181220699e+001	 -3.7481287956006952e+001	
  1.3500000000000000e+003	 -3.3084159181220699e+001	 -3.7481287956006952e+001	
  1.3800000000000000e+003	 -3.3084159181220699e+001	 -3.7481287956006952e+001	
  1.4100000000000000e+003	 -3.3084159181220699e+001	 -3.7481287956006952e+001	
  1.4400000000000000e+003	 -3.3084159181220699e+001	 -3.7481287956006952e+001	
  1.4700000000000000e+003	 -3.3084159181220699e+001	 -3.7481287956006952e+001	
  1.5000000000000000e+003	 -3.3084159181220699e+001	 -3.7481287956006952e+001	
  1.5300000000000000e+003	 -3.3084159181220699e+001	 -3.7481287956006952e+001	
  1.5600000000000000e+003	 -3.3084159181220699e+001	 -3.7481287956006952e+001	
  1.5900000000000000e+003	 -3.3084159181220699e+001	 -3.7481287956006952e+001	
  1.6200000000000000e+003	 -3.3084159181220699e+001	 -3.7481287956006952e+001	
  1.6500000000000000e+003	 -3.3084159181220699e+001	 -3.7481287956006952e+001	
  1.6800000000000000e+003	 -3.3084159181220699e+001	 -3.7481287956006952e+001	
  1.7100000000000000e+003	 -3.3084159181220699e+001	 -3.7481287956006952e+001	
  1.7400000000000000e+003	 -3.3084159181220699e+001	 -3.7481287956006952e+001	
  1.7700000000000000e+003	 -3.3084159181220699e+001	 -3.7481287956006952e+001	
  1.8000000000000000e+003	 -3.3084159181220699e+001	 -3.7481287956006952e+001	
  1.8300000000000000e+003	 -3.3084159181220699e+001	 -3.7481287956006952e+001	
  1.8600000000000000e+003	 -3.3084159181220699e+001	 -3.7481287956006952e+001	
  1.8900000000000000e+003	 -3.3084159181220699e+001	 -3.7481287956006952e+001	
  1.9200000000000000e+003	 -3.3084159181220699e+001	 -3.7481287956006952e+001	
  1.9500000000000000e+003	 -3.3084159181220699e+001	 -3.7481287956006952e+001	
  1.9800000000000000e+003	 -3.3084159181220699e+001	 -3.7481287956006952e+001	
  2.0100000000000000e+003	 -3.3084159181220699e+001	 -3.7481287956006952e+001	
  2.0400000000000000e+003	 -3.3084159181220699e+001	 -3.7481287956006952e+001	
  2.0700000000000000e+003	 -3.3084159181220699e+001	 -3.7481287956006952e+001	
  2.1000000000000000e+003	 -3.3084159181220699e+001	 -3.7481287956006952e+001	
  2.1300000000000000e+003	 -3.3084159181220699e+001	 -3.7481287956006952e+001	
  2.1600000000000000e+003	 -3.3084159181220699e+001	 -3.7481287956006952e+001	
  2.1900000000000000e+003	 -3.3084159181220699e+001	 -3.7481287956006952e+001	
  2.2200000000000000e+003	 -3.3084159181220699e+001	 -3.7481287956006952e+001	
  2.2500000000000000e+003	 -3.3084159181220699e+001	 -3.7481287956006952e+001	
  2.2800000000000000e+003	 -3.3084159181220699e+001	 -3.7481287956006952e+001	
  2.3100000000000000e+003	 -3.3084159181220699e+001	 -3.7481287956006952e+001	
  2.3400000000000000e+003	 -3.3084159181220699e+001	 -3.7481287956006952e+001	
  2.3700000000000000e+003	 -3.3084159181220699e+001	 -3.7481287956006952e+001	
  2.4000000000000000e+003	 -3.3084159181220699e+001	 -3.7481287956006952e+001	
  2.4300000000000000e+003	 -3.3084159181220699e+001	 -3.7481287956006952e+001	
  2.4600000000000000e+003	 -3.3084159181220699e+001	 -3.7481287956006952e+001	
  2.4900000000000000e+003	 -3.3084159181220699e+001	 -3.7481287956006952e+001	
  2.5200000000000000e+003	 -3.3084159181220699e+001	 -3.7481287956006952e+001	
  2.5500000000000000e+003	 -3.3084159181220699e+001	 -3.7481287956006952e+001	
  2.5800000000000000e+003	 -3.3084159181220699e+001	 -3.7481287956006952e+001	
  2.6100000000000000e+003	 -3.3084159181220699e+001	 -3.7481287956006952e+001	
  2.6400000000000000e+003	 -3.3084159181220699e+001	 -3.7481287956006952e+001	
  2.6700000000000000e+003	 -3.3084159181220699e+001	 -3.7481287956006952e+001	
  2.7000000000000000e+003	 -3.3084159181220699e+001	 -3.7481287956006952e+001	
  2.7300000000000000e+003	 -3.3084159181220699e+001	 -3.7481287956006952e+001	
  2.7600000000000000e+003	 -3.3084159181220699e+001	 -3.7481287956006952e+001	
  2.7900000000000000e+003	 -3.3084159181220699e+001	 -3.7481287956006952e+001	
  2.8200000000000000e+003	 -3.3084159181220699e+001	 -3.7481287956006952e+001	
  2.8500000000000000e+003	 -3.3084159181220699e+001	 -3.7481287956006952e+001	
  2.8800000000000000e+003	 -3.3084159181220699e+001	 -3.7481287956006952e+001	
  2.9100000000000000e+003	 -3.3084159181220699e+001	 -3.7481287956006952e+001	
  2.9400000000000000e+003	 -3.3084159181220699e+001	 -3.7481287956006952e+001	
  2.9700000000000000e+003	 -3.3084159181220699e+001	 -3.7481287956006952e+001	
  3.0000000000000000e+003	 -3.3084159181220699e+001	 -3.7481287956006952e+001	
  3.0300000000000000e+003	 -3.3084159181220699e+001	 -3.7481287956006952e+001	
  3.0600000000000000e+003	 -3.3084159181220699e+001	 -3.7481287956006952e+001	
  3.0900000000000000e+003	 -3.3084159181220699e+001	 -3.7481287956006952e+001	
  3.1200000000000000e+003	 -3.3084159181220699e+001	 -3.7481287956006952e+001	
  3.1500000000000000e+003	 -3.3084159181220699e+001	 -3.7481287956006952e+001	
  3.1800000000000000e+003	 -3.3084159181220699e+001	 -3.7481287956006952e+001	
  3.2100000000000000e+003	 -3.3084159181220699e+001	 -3.7481287956006952e+001	
  3.2400000000000000e+003	 -3.3084159181220699e+001	 -3.7481287956006952e+001	
  3.2700000000000000e+003	 -3.3084159181220699e+001	 -3.7481287956006952e+001	
  3.3000000000000000e+003	 -3.3084159181220699e+001	 -3.7481287956006952e+001	
  3.3300000000000000e+003	 -3.3084159181220699e+001	 -3.7481287956006952e+001	
  3.3600000000000000e+003	 -3.3084159181220699e+001	 -3.7481287956006952e+001	
  3.3900000000000000e+003	 -3.3084159181220699e+001	 -3.7481287956006952e+001	
  3.4200000000000000e+003	 -3.3084159181220699e+001	 -3.7481287956006952e+001	
  3.4500000000000000e+003	 -3.3084159181220699e+001	 -3.7481287956006952e+001	
  3.4800000000000000e+003	 -3.3084159181220699e+001	 -3.7481287956006952e+001	
  3.5100000000000000e+003	 -3.3084159181220699e+001	 -3.7481287956006952e+001	
  3.5400000000000000e+003	 -3.3084159181220699e+001	 -3.7481287956006952e+001	
  3.5700000000000000e+003	 -3.3084159181220699e+001	 -3.7481287956006952e+001	
  3.6000000000000000e+003	 -3.3084159181220699e+001	 -3.7481287956006952e+001	
  3.6300000000000000e+003	 -3.3084159181220699e+001	 -3.7481287956006952e+001	
  3.6600000000000000e+003	 -3.3084159181220699e+001	 -3.7481287956006952e+001	
  3.6900000000000000e+003	 -3.3084159181220699e+001	 -3.7481287956006952e+001	
  3.7200000000000000e+003	 -3.3084159181220699e+001	 -3.7481287956006952e+001	
  3.7500000000000000e+003	 -3.3084159181220699e+001	 -3.7481287956006952e+001	
  3.7800000000000000e+003	 -3.3084159181220699e+001	 -3.7481287956006952e+001	
  3.8100000000000000e+003	 -3.3084159181220699e+001	 -3.7481287956006952e+001	
  3.8400000000000000e+003	 -3.3084159181220699e+001	 -3.7481287956006952e+001	
  3.8700000000000000e+003	 -3.3084159181220699e+001	 -3.7481287956006952e+001	
  3.9000000000000000e+003	 -3.3084159181220699e+001	 -3.7481287956006952e+001	
  3.9300000000000000e+003	 -3.3084159181220699e+001	 -3.7481287956006952e+001	
  3.9600000000000000e+003	 -3.3084159181220699e+001	 -3.7481287956006952e+001	
  3.9900000000000000e+003	 -3.3084159181220699e+001	 -3.7481287956006952e+001	
  4.0200000000000000e+003	 -3.3084159181220699e+001	 -3.7481287956006952e+001	
  4.0500000000000000e+003	 -3.3084159181220699e+001	 -3.7481287956006952e+001	
  4.0800000000000000e+003	 -3.3084159181220699e+001	 -3.7481287956006952e+001	
  4.1100000000000000e+003	 -3.3084159181220699e+001	 -3.7481287956006952e+001	
  4.1400000000000000e+003	 -3.3084159181220699e+001	 -3.7481287956006952e+001	
  4.1700000000000000e+003	 -3.3084159181220699e+001	 -3.7481287956006952e+001	
  4.2000000000000000e+003	 -3.3084159181220699e+001	 -3.7481287956006952e+001	
  4.2300000000000000e+003	 -3.3084159181220699e+001	 -3.7481287956006952e+001	
  4.2600000000000000e+003	 -3.3084159181220699e+001	 -3.7481287956006952e+001	
  4.2900000000000000e+003	 -3.3084159181220699e+001	 -3.7481287956006952e+001	
  4.3200000000000000e+003	 -3.3084159181220699e+001	 -3.7481287956006952e+001	
  4.3500000000000000e+003	 -3.3084159181220699e+001	 -3.7481287956006952e+001	
  4.3800000000000000e+003	 -3.3084159181220699e+001	 -3.7481287956006952e+001	
  4.4100000000000000e+003	 -3.3084159181220699e+001	 -3.7481287956006952e+001	
  4.4400000000000000e+003	 -3.3084159181220699e+001	 -3.7481287956006952e+001	
  4.4700000000000000e+003	 -3.3084159181220699e+001	 -3.7481287956006952e+001	
  4.5000000000000000e+003	 -3.3084159181220699e+001	 -3.7481287956006952e+001	
  4.5300000000000000e+003	 -3.3084159181220699e+001	 -3.7481287956006952e+001	
  4.5600000000000000e+003	 -3.3084159181220699e+001	 -3.7481287956006952e+001	
  4.5900000000000000e+003	 -3.3084159181220699e+001	 -3.7481287956006952e+001	
  4.6200000000000000e+003	 -3.3084159181220699e+001	 -3.7481287956006952e+001	
  4.6500000000000000e+003	 -3.3084159181220699e+001	 -3.7481287956006952e+001	
  4.6800000000000000e+003	 -3.3084159181220699e+001	 -3.7481287956006952e+001	
  4.7100000000000000e+003	 -3.3084159181220699e+001	 -3.7481287956006952e+001	
  4.7400000000000000e+003	 -3.3084159181220699e+001	 -3.7481287956006952e+001	
  4.7700000000000000e+003	 -3.3084159181220699e+001	 -3.7481287956006952e+001	
  4.8000000000000000e+003	 -3.3084159181220699e+001	 -3.7481287956006952e+001	
  4.8300000000000000e+003	 -3.3084159181220699e+001	 -3.7481287956006952e+001	
  4.8600000000000000e+003	 -3.3084159181220699e+001	 -3.7481287956006952e+001	
  4.8900000000000000e+003	 -3.3084159181220699e+001	 -3.7481287956006952e+001	
  4.9200000000000000e+003	 -3.3084159181220699e+001	 -3.7481287956006952e+001	
  4.9500000000000000e+003	 -3.3084159181220699e+001	 -3.7481287956006952e+001	
  4.9800000000000000e+003	 -3.3084159181220699e+001	 -3.7481287956006952e+001	
  5.0100000000000000e+003	 -3.3084159181220699e+001	 -3.7481287956006952e+001	
  5.0400000000000000e+003	 -3.3084159181220699e+001	 -3.7481287956006952e+001	
  5.0700000000000000e+003	 -3.3084159181220699e+001	 -3.7481287956006952e+001	
  5.1000000000000000e+003	 -3.3084159181220699e+001	 -3.7481287956006952e+001	
  5.1300000000000000e+003	 -3.3084159181220699e+001	 -3.7481287956006952e+001	
  5.1600000000000000e+003	 -3.3084159181220699e+001	 -3.7481287956006952e+001	
  5.1900000000000000e+003	 -3.3084159181220699e+001	 -3.7481287956006952e+001	
  5.2200000000000000e+003	 -3.3084159181220699e+001	 -3.7481287956006952e+001	
  5.2500000000000000e+003	 -3.3084159181220699e+001	 -3.7481287956006952e+001	
  5.2800000000000000e+003	 -3.3084159181220699e+001	 -3.7481287956006952e+001	
  5.3100000000000000e+003	 -3.3084159181220699e+001	 -3.7481287956006952e+001	
  5.3400000000000000e+003	 -3.3084159181220699e+001	 -3.7481287956006952e+001	
  5.3700000000000000e+003	 -3.3084159181220699e+001	 -3.7481287956006952e+001	
  5.4000000000000000e+003	 -3.3084159181220699e+001	 -3.7481287956006952e+001	
  5.4300000000000000e+003	 -3.3084159181220699e+001	 -3.7481287956006952e+001	
  5.4600000000000000e+003	 -3.3084159181220699e+001	 -3.7481287956006952e+001	
  5.4900000000000000e+003	 -3.3084159181220699e+001	 -3.7481287956006952e+001	
  5.5200000000000000e+003	 -3.3084159181220699e+001	 -3.7481287956006952e+001	
  5.5500000000000000e+003	 -3.3084159181220699e+001	 -3.7481287956006952e+001	
  5.5800000000000000e+003	 -3.3084159181220699e+001	 -3.7481287956006952e+001	
  5.6100000000000000e+003	 -3.3084159181220699e+001	 -3.7481287956006952e+001	
  5.6400000000000000e+003	 -3.3084159181220699e+001	 -3.7481287956006952e+001	
  5.6700000000000000e+003	 -3.3084159181220699e+001	 -3.7481287956006952e+001	
  5.7000000000000000e+003	 -3.3084159181220699e+001	 -3.7481287956006952e+001	
  5.7300000000000000e+003	 -3.3084159181220699e+001	 -3.7481287956006952e+001	
  5.7600000000000000e+003	 -1.9870696902098821e+001	 -1.0073755490888853e+001	
  5.7900000000000000e+003	 -2.4128170184978033e+000	  2.6137602257333739e+001	
  5.8200000000000000e+003	  1.5045062865103210e+001	  6.2348960005556343e+001	
  5.8500000000000000e+003	  3.2502942748704228e+001	  9.8560317753778918e+001	
  5.8800000000000000e+003	  4.9960822632305245e+001	  1.3477167550200153e+002	
  5.9100000000000000e+003	  6.7418702515906261e+001	  1.7098303325022411e+002	
  5.9400000000000000e+003	  8.4876582399507271e+001	  2.0719439099844669e+002	
  5.9700000000000000e+003	  1.0233446228310828e+002	  2.4340574874666930e+002	
  6.0000000000000000e+003	  1.1979234216670930e+002	  2.7961710649489191e+002	
  6.0300000000000000e+003	  1.3725022205031030e+002	  3.1582846424311447e+002	
  6.0600000000000000e+003	  1.5470810193391134e+002	  3.5203982199133708e+002	
  6.0900000000000000e+003	  1.7216598181751237e+002	  3.8825117973955969e+002	
  6.1200000000000000e+003	  1.8962386170111336e+002	  4.2446253748778224e+002	
  6.1500000000000000e+003	  2.0708174158471439e+002	  4.6067389523600485e+002	
  6.1800000000000000e+003	  2.2453962146831537e+002	  4.9688525298422746e+002	
  6.2100000000000000e+003	  2.4199750135191641e+002	  5.3309661073245002e+002	
  6.2400000000000000e+003	  2.5945538123551745e+002	  5.6930796848067268e+002	
  6.2700000000000000e+003	  2.7691326111911849e+002	  6.0551932622889524e+002	
  6.3000000000000000e+003	  2.9437114100271941e+002	  6.4173068397711779e+002	
  6.3300000000000000e+003	  3.1182902088632045e+002	  6.7794204172534046e+002	
  6.3600000000000000e+003	  3.2928690076992149e+002	  7.1415339947356301e+002	
  6.3900000000000000e+003	  3.4674478065352253e+002	  7.5036475722178557e+002	
  6.4200000000000000e+003	  3.6420266053712356e+002	  7.8657611497000823e+002	
  6.4500000000000000e+003	  3.8166054042072460e+002	  8.2278747271823079e+002	
  6.4800000000000000e+003	  3.9911842030432553e+002	  8.5899883046645334e+002	
  6.5100000000000000e+003	  4.1657630018792656e+002	  8.9521018821467601e+002	
  6.5400000000000000e+003	  4.3403418007152760e+002	  9.3142154596289856e+002	
  6.5700000000000000e+003	  4.5149205995512858e+002	  9.6763290371112112e+002	
  6.6000000000000000e+003	  4.6894993983872962e+002	  1.0038442614593438e+003	
  6.6300000000000000e+003	  4.8640781972233066e+002	  1.0400556192075662e+003	
  6.6600000000000000e+003	  5.0386569960593164e+002	  1.0762669769557890e+003	
  6.6900000000000000e+003	  5.2132357948953268e+002	  1.1124783347040116e+003	
  6.7200000000000000e+003	  5.3878145937313366e+002	  1.1486896924522341e+003	
  6.7500000000000000e+003	  5.4808552468998607e+002	  1.1382499912565729e+003	
  6.7800000000000000e+003	  5.6396647943379605e+002	  1.1150555527222384e+003	
  6.8100000000000000e+003	  5.6049503210677176e+002	  1.0845951491279961e+003	
  6.8400000000000000e+003	  5.8703006663340852e+002	  1.0678975842469927e+003	
  6.8700000000000000e+003	  6.1242034321511585e+002	  1.0543168955853280e+003	
  6.9000000000000000e+003	  6.2794351476575400e+002	  1.0572111428961400e+003	
  6.9300000000000000e+003	  6.2794351476575400e+002	  1.0572111428961400e+003	
  6.9600000000000000e+003	  6.2794351476575400e+002	  1.0572111428961400e+003	
  6.9900000000000000e+003	  6.2794351476575400e+002	  1.0572111428961400e+003	
  7.0200000000000000e+003	  6.2794351476575400e+002	  1.0572111428961400e+003	
  7.0500000000000000e+003	  6.2794351476575400e+002	  1.0572111428961400e+003	
  7.0800000000000000e+003	  6.2794351476575400e+002	  1.0572111428961400e+003	
  7.1100000000000000e+003	  6.2794351476575400e+002	  1.0572111428961400e+003	
  7.1400000000000000e+003	  6.2794351476575400e+002	  1.0572111428961400e+003	
  7.1700000000000000e+003	  6.2794351476575400e+002	  1.0572111428961400e+003	
  7.2000000000000000e+003	  6.2794351476575400e+002	  1.0572111428961400e+003	
  7.2300000000000000e+003	  6.2686874883081441e+002	  1.0781721496685896e+003	
  7.2600000000000000e+003	  6.2869615529996759e+002	  1.0711257793069476e+003	
  7.2900000000000000e+003	  6.3315178029237040e+002	  1.0816019563326658e+003	
  7.3200000000000000e+003	  6.2637200960515668e+002	  1.0920756522698027e+003	
  7.3500000000000000e+003	  6.1422359484743208e+002	  1.1068686899526881e+003	
  7.3800000000000000e+003	  6.3671552246882084e+002	  1.0880181470196831e+003	
  7.4100000000000000e+003	  6.3429458508531229e+002	  1.0820660234278666e+003	
  7.4400000000000000e+003	  6.2056765710547506e+002	  1.0867843857950345e+003	
  7.4700000000000000e+003	  6.1252850502479032e+002	  1.0894105089077891e+003	
  7.5000000000000000e+003	  6.1322190534682647e+002	  1.0918307559939747e+003	
  7.5300000000000000e+003	  6.1451643629467105e+002	  1.0871554393227550e+003	
  7.5600000000000000e+003	  6.1018274662687293e+002	  1.0761684422506789e+003	
  7.5900000000000000e+003	  6.0443108063964200e+002	  1.0891591477379905e+003	
  7.6200000000000000e+003	  6.1688954540227655e+002	  1.0813717906085328e+003	
  7.6500000000000000e+003	  6.2618234393353691e+002	  1.1166266426144787e+003	
  7.6800000000000000e+003	  6.2306641503197477e+002	  1.0967287122632340e+003	
  7.7100000000000000e+003	  6.3428826678390033e+002	  1.0927073798245676e+003	
  7.7400000000000000e+003	  6.2679281316542188e+002	  1.0778501577834456e+003	
  7.7700000000000000e+003	  6.1103423390972137e+002	  1.0649909736681441e+003	
  7.8000000000000000e+003	  6.3533658388336403e+002	  1.0799198332207461e+003	
  7.8300000000000000e+003	  6.3119490995391322e+002	  1.0677862638672036e+003	
  7.8600000000000000e+003	  6.2776288673142471e+002	  1.0677862638672036e+003	
  7.8900000000000000e+003	  6.2126540062512811e+002	  1.0829777754200186e+003	
  7.9200000000000000e+003	  6.0990025499141552e+002	  1.0919791789867024e+003	
  7.9500000000000000e+003	  6.1800868426948489e+002	  1.0930997766477469e+003	
  7.9800000000000000e+003	  6.2233098336821502e+002	  1.0891273431342183e+003	
  8.0100000000000000e+003	  6.2122998213795961e+002	  1.0925728760207348e+003	
  8.0400000000000000e+003	  6.3873635925246106e+002	  1.0937231507741926e+003	
  8.0700000000000000e+003	  6.2749193894826021e+002	  1.0924986590483177e+003	
  8.1000000000000000e+003	  6.1933633536804450e+002	  1.0987992143285251e+003	
  8.1300000000000000e+003	  6.1855058451104139e+002	  1.0981758353625210e+003	
  8.1600000000000000e+003	  6.1364338096215351e+002	  1.0968152926225800e+003	
  8.1900000000000000e+003	  6.2370684354810408e+002	  1.0938041082296202e+003	
  8.2200000000000000e+003	  6.3376893950232920e+002	  1.0846508061470790e+003	
  8.2500000000000000e+003	  6.2908402375347066e+002	  1.0833939560057197e+003	
  8.2800000000000000e+003	  6.3154147798744805e+002	  1.0944221171265197e+003	
  8.3100000000000000e+003	  6.3167934051224427e+002	  1.0813264692663486e+003	
  8.3400000000000000e+003	  6.7330711678883995e+002	  1.0433774636378600e+003	
  8.3700000000000000e+003	  6.8222383156807928e+002	  1.0317195247981856e+003	
  8.4000000000000000e+003	  6.5504416157469518e+002	  1.0471125938547282e+003	
  8.4300000000000000e+003	  6.1859009705984533e+002	  1.0681758766451519e+003	
  8.4600000000000000e+003	  5.9857554745700406e+002	  1.0854021949095620e+003	
  8.4900000000000000e+003	  6.1891185275243924e+002	  1.0743539736086034e+003	
  8.5200000000000000e+003	  6.3325526945208537e+002	  1.0777978490645542e+003	
  8.5500000000000000e+003	  6.2584817075789431e+002	  1.0918084948527692e+003	
  8.5800000000000000e+003	  6.0724970867024831e+002	  1.1153743267878349e+003	
  8.6100000000000000e+003	  6.0337738838390533e+002	  1.1113112460219081e+003	
  8.6400000000000000e+003	  6.1629267090572444e+002	  1.0898270505054545e+003	
  8.6700000000000000e+003	  5.9741648456538735e+002	  1.0973966158793714e+003	
  8.7000000000000000e+003	  6.1588925289647932e+002	  1.0977750911863884e+003	
  8.7300000000000000e+003	  6.2297609851175241e+002	  1.0771146405746381e+003	
  8.7600000000000000e+003	  6.2704035318254512e+002	  1.0677306066839551e+003	
  8.7900000000000000e+003	  6.1809900218227824e+002	  1.0533540032105213e+003	
  8.8200000000000000e+003	  6.2507596491605329e+002	  1.0559263568986414e+003	
  8.8500000000000000e+003	  6.3014122383346751e+002	  1.0546508509038347e+003	
  8.8800000000000000e+003	  6.3077343738216314e+002	  1.0673197928316131e+003	
  8.9100000000000000e+003	  6.2463002447467852e+002	  1.0904671236331039e+003	
  8.9400000000000000e+003	  6.2158747937313160e+002	  1.0824105499003581e+003	
  8.9700000000000000e+003	  6.1835188518022301e+002	  1.0727510082099757e+003	
  9.0000000000000000e+003	  6.1981501914939940e+002	  1.0815005302099439e+003	
  9.0300000000000000e+003	  6.1304822246100787e+002	  1.0871297497448829e+003	
  9.0600000000000000e+003	  6.2311157843553292e+002	  1.0849291019019447e+003	
  9.0900000000000000e+003	  6.3277545630193777e+002	  1.0978975390179039e+003	
  9.1200000000000000e+003	  6.2707405798967648e+002	  1.0984865234820179e+003	
  9.1500000000000000e+003	  6.3540475515629612e+002	  1.0963432554810151e+003	
  9.1800000000000000e+003	  6.4373545232291576e+002	  1.0941999874800122e+003	
  9.2100000000000000e+003	  6.3994500604516850e+002	  1.0641128024896175e+003	
  9.2400000000000000e+003	  6.2493295734116612e+002	  1.0706434038269933e+003	
  9.2700000000000000e+003	  6.2691616760851412e+002	  1.0766985901065520e+003	
  9.3000000000000000e+003	  6.1763563749818991e+002	  1.0857422002634398e+003	
  9.3300000000000000e+003	  6.2272436722735370e+002	  1.0757703088333765e+003	
  9.3600000000000000e+003	  6.2843161350362186e+002	  1.0769782186642883e+003	
  9.3900000000000000e+003	  6.2987027193845461e+002	  1.0764690014494254e+003	
  9.4200000000000000e+003	  6.2226025808853979e+002	  1.0802001829509391e+003	
  9.4500000000000000e+003	  6.1666683911965720e+002	  1.0844732300768683e+003	
  9.4800000000000000e+003	  6.1519080690730493e+002	  1.0868493216113329e+003	
  9.5100000000000000e+003	  6.1750783755061229e+002	  1.0854755637646158e+003	
  9.5400000000000000e+003	  6.2597661593586656e+002	  1.0808598388536266e+003	
  9.5700000000000000e+003	  6.1532176125949752e+002	  1.0891591505519198e+003	
  9.6000000000000000e+003	  6.1525402952595653e+002	  1.0870997862445081e+003	
  9.6300000000000000e+003	  6.4235805348772942e+002	  1.0665617750403387e+003	
  9.6600000000000000e+003	  6.3431494845857605e+002	  1.0724970015005688e+003	
  9.6900000000000000e+003	  6.2375884639573121e+002	  1.0808103633863527e+003	
  9.7200000000000000e+003	  6.3005090654503852e+002	  1.0759680748757430e+003	
  9.7500000000000000e+003	  6.4260492434629782e+002	  1.0638901661742082e+003	
  9.7800000000000000e+003	  6.3832993282775772e+002	  1.0647807060837624e+003	
  9.8100000000000000e+003	  6.2814422245120977e+002	  1.0713484093806792e+003	
  9.8400000000000000e+003	  6.2783062297745994e+002	  1.0752445114625134e+003	
  9.8700000000000000e+003	  6.2325135281949679e+002	  1.0802007751064034e+003	
  9.9000000000000000e+003	  6.1583287785495520e+002	  1.0946744016834557e+003	
  9.9300000000000000e+003	  6.3191949926946563e+002	  1.0829051517293908e+003	
  9.9600000000000000e+003	  6.3496768634591683e+002	  1.0771369040984175e+003	
  9.9900000000000000e+003	  6.2803383447049328e+002	  1.0784727052641288e+003	
  1.0020000000000000e+004	  6.3534948387717122e+002	  1.0740402616152162e+003	
  1.0050000000000000e+004	  6.3151102452270072e+002	  1.0801424640201319e+003	
  1.0080000000000000e+004	  6.2813804517478934e+002	  1.0805106653856494e+003	
  1.0110000000000000e+004	  6.2956921664439062e+002	  1.0827027567948251e+003	
  1.0140000000000000e+004	  6.2719840521620665e+002	  1.0799662157356254e+003	
  1.0170000000000000e+004	  6.3033691212519034e+002	  1.0802537820897164e+003	
  1.0200000000000000e+004	  6.2789835775717165e+002	  1.0803094387131048e+003	
  1.0230000000000000e+004	  6.1990532941816798e+002	  1.0790292967923397e+003	
  1.0260000000000000e+004	  6.2313290166064087e+002	  1.0822312058172615e+003	
  1.0290000000000000e+004	  6.2181578248554729e+002	  1.0821848239848262e+003	
  1.0320000000000000e+004	  6.2103081839291133e+002	  1.0821889864569678e+003	
  1.0350000000000000e+004	  6.2319849345059799e+002	  1.0827159246115771e+003	
  1.0380000000000000e+004	  6.2614106763726750e+002	  1.0837213695888372e+003	
  1.0410000000000000e+004	  6.2908364182393700e+002	  1.0847268145660971e+003	
  1.0440000000000000e+004	  6.2541464715437212e+002	  1.0815895856427380e+003	
  1.0470000000000000e+004	  6.2613718127095296e+002	  1.0840813800487226e+003	
  1.0500000000000000e+004	  6.2396959092387453e+002	  1.0823688063228544e+003	
  1.0530000000000000e+004	  6.2412558515209867e+002	  1.0787864170858732e+003	
  1.0560000000000000e+004	  6.1990532941816798e+002	  1.0812556338663298e+003	
  1.0590000000000000e+004	  6.1231873421677631e+002	  1.0760237314529586e+003	
  1.0620000000000000e+004	  6.2707045230863798e+002	  1.0827345604829218e+003	
  1.0650000000000000e+004	  6.2832485467079630e+002	  1.0836386446484180e+003	
  1.0680000000000000e+004	  6.2445127457497733e+002	  1.0828882864711629e+003	
  1.0710000000000000e+004	  6.2350670893794108e+002	  1.0799337425488688e+003	
  1.0740000000000000e+004	  6.2592644962009479e+002	  1.0887138823553489e+003	
  1.0770000000000000e+004	  6.3174810754743919e+002	  1.0838298411686512e+003	
  1.0800000000000000e+004	  6.2457716978985923e+002	  1.0796061172102384e+003	
  1.0830000000000000e+004	  6.2927169958646209e+002	  1.0791406082703668e+003	
  1.0860000000000000e+004	  6.3137555371807832e+002	  1.0899235226464227e+003	
  1.0890000000000000e+004	  6.1135234593300800e+002	  1.0932556214049280e+003	
  1.0920000000000000e+004	  6.1230153566299975e+002	  1.0802696858251491e+003	
  1.0950000000000000e+004	  6.1538950049242681e+002	  1.0834819772133735e+003	
  1.0980000000000000e+004	  6.1622041647728361e+002	  1.0785617614009170e+003	
  1.1010000000000000e+004	  6.2426311017173020e+002	  1.0809773405942556e+003	
  1.1040000000000000e+004	  6.1827962993439837e+002	  1.0813669542313910e+003	
  1.1070000000000000e+004	  6.2478243383017252e+002	  1.0794745658789861e+003	
  1.1100000000000000e+004	  6.2300190314578629e+002	  1.0884912451255245e+003	
  1.1130000000000000e+004	  6.1846026733792280e+002	  1.0851517358257754e+003	
  1.1160000000000000e+004	  6.2478243311626375e+002	  1.0915524616210473e+003	
  1.1190000000000000e+004	  6.2748332971212187e+002	  1.0938768728134760e+003	
  1.1220000000000000e+004	  6.2948319431388791e+002	  1.0940358994015373e+003	
  1.1250000000000000e+004	  6.3577096130428163e+002	  1.0969142405770965e+003	
  1.1280000000000000e+004	  6.4194259773539181e+002	  1.0947250069769805e+003	
  1.1310000000000000e+004	  6.2270515550298956e+002	  1.0874337343198883e+003	
  1.1340000000000000e+004	  6.2888281492347994e+002	  1.0898047926288075e+003	
  1.1370000000000000e+004	  6.4709065099860447e+002	  1.1097899173203075e+003	
  1.1400000000000000e+004	  6.4360843652743881e+002	  1.0718184201632318e+003	
  1.1430000000000000e+004	  6.2442116995597837e+002	  1.0855970064694213e+003	
  1.1460000000000000e+004	  6.1656361448835548e+002	  1.0757732663542208e+003	
  1.1490000000000000e+004	  6.2523401809357301e+002	  1.0886025593726181e+003	
  1.1520000000000000e+004	  6.1947276517932687e+002	  1.0809275406842939e+003	
  1.1550000000000000e+004	  5.9700024257492657e+002	  1.0567755556504001e+003	
  1.1580000000000000e+004	  5.6725071832521041e+002	  1.0369514340565690e+003	
  1.1610000000000000e+004	  6.0509339884491646e+002	  1.0736638086998007e+003	
  1.1640000000000000e+004	  6.1895199243342313e+002	  1.0822327490585094e+003	
  1.1670000000000000e+004	  6.3661391077771316e+002	  1.0867472814324697e+003	
  1.1700000000000000e+004	  6.1652490900530563e+002	  1.0850086141763957e+003	
  1.1730000000000000e+004	  6.2816028103984479e+002	  1.0902834532810225e+003	
  1.1760000000000000e+004	  6.3271335880234949e+002	  1.0973931340403924e+003	
  1.1790000000000000e+004	  6.3530432166511764e+002	  1.1000682263413330e+003	
  1.1820000000000000e+004	  6.5539978158741951e+002	  1.1037787931076484e+003	
  1.1850000000000000e+004	  6.5318291724338349e+002	  1.1040250416232752e+003	
  1.1880000000000000e+004	  6.3842589514604163e+002	  1.0984054308990285e+003	
  1.1910000000000000e+004	  6.2484618489282832e+002	  1.0925314038741190e+003	
  1.1940000000000000e+004	  6.2156715995603599e+002	  1.0860645352332749e+003	
  1.1970000000000000e+004	  6.2032079033338084e+002	  1.0832148173014159e+003	
  1.2000000000000000e+004	  6.0832674561009628e+002	  1.0742574962118379e+003	
  1.2030000000000000e+004	  5.8737327654594367e+002	  1.0643873824212098e+003	
  1.2060000000000000e+004	  6.0399153882695896e+002	  1.0804541556726899e+003	
  1.2090000000000000e+004	  6.0460569480771733e+002	  1.0797584200552465e+003	
  1.2120000000000000e+004	  6.0669826106444043e+002	  1.0781901322957497e+003	
  1.2150000000000000e+004	  5.9470698818477831e+002	  1.0740756832670179e+003	
  1.2180000000000000e+004	  5.6788293666467382e+002	  1.0631109449104952e+003	
  1.2210000000000000e+004	  6.0030661866716878e+002	  1.0772482246326381e+003	
  1.2240000000000000e+004	  6.1466696824189296e+002	  1.0878233492811992e+003	
  1.2270000000000000e+004	  6.1105961618290780e+002	  1.0740985967456500e+003	
  1.2300000000000000e+004	  6.1543466273539320e+002	  1.0706805167844955e+003	
  1.2330000000000000e+004	  6.2171166454458330e+002	  1.0734634371067291e+003	
  1.2360000000000000e+004	  6.0747776064671848e+002	  1.0653372869596992e+003	
  1.2390000000000000e+004	  6.0829462121488723e+002	  1.0697157624452900e+003	
  1.2420000000000000e+004	  5.9782457960754766e+002	  1.0677367913510273e+003	
  1.2450000000000000e+004	  5.8735453800020809e+002	  1.0657578202567645e+003	
  1.2480000000000000e+004	  5.5764527586797965e+002	  1.0505899573209908e+003	
  1.2510000000000000e+004	  5.6242674702912109e+002	  1.0494276759481500e+003	
  1.2540000000000000e+004	  5.6720821819026276e+002	  1.0482653945753088e+003	
  1.2570000000000000e+004	  5.7198968935140419e+002	  1.0471031132024680e+003	
  1.2600000000000000e+004	  5.7677116051254575e+002	  1.0459408318296271e+003	
  1.2630000000000000e+004	  5.8155263167368730e+002	  1.0447785504567862e+003	
  1.2660000000000000e+004	  5.8633410283482885e+002	  1.0436162690839453e+003	
  1.2690000000000000e+004	  6.1428011456376657e+002	  1.0731424728853781e+003	
  1.2720000000000000e+004	  6.1080292071559381e+002	  1.0735320846484583e+003	
  1.2750000000000000e+004	  6.0802224058678166e+002	  1.0741551969477148e+003	
  1.2780000000000000e+004	  6.1098405691642756e+002	  1.0674770507901562e+003	
  1.2810000000000000e+004	  6.1469838087318010e+002	  1.0635320155446625e+003	
  1.2840000000000000e+004	  6.2304835548739993e+002	  1.0877788165658828e+003	
  1.2870000000000000e+004	  6.2516176792631961e+002	  1.0875190759868369e+003	
  1.2900000000000000e+004	  6.2965953267653344e+002	  1.0907175926030138e+003	
  1.2930000000000000e+004	  6.2965953267653344e+002	  1.0907175926030138e+003	
  1.2960000000000000e+004	  6.2965953267653344e+002	  1.0907175926030138e+003	
  1.2990000000000000e+004	  6.2965953267653344e+002	  1.0907175926030138e+003	
  1.3020000000000000e+004	  6.2965953267653344e+002	  1.0907175926030138e+003	
  1.3050000000000000e+004	  6.2965953267653344e+002	  1.0907175926030138e+003	
  1.3080000000000000e+004	  6.2965953267653344e+002	  1.0907175926030138e+003	
  1.3110000000000000e+004	  6.2965953267653344e+002	  1.0907175926030138e+003	
  1.3140000000000000e+004	  6.2965953267653344e+002	  1.0907175926030138e+003	
  1.3170000000000000e+004	  6.2965953267653344e+002	  1.0907175926030138e+003	
  1.3200000000000000e+004	  6.2965953267653344e+002	  1.0907175926030138e+003	
  1.3230000000000000e+004	  6.2965953267653344e+002	  1.0907175926030138e+003	
  1.3260000000000000e+004	  6.2965953267653344e+002	  1.0907175926030138e+003	
  1.3290000000000000e+004	  6.2965953267653344e+002	  1.0907175926030138e+003	
  1.3320000000000000e+004	  6.2965953267653344e+002	  1.0907175926030138e+003	
  1.3350000000000000e+004	  6.2965953267653344e+002	  1.0907175926030138e+003	
  1.3380000000000000e+004	  6.2965953267653344e+002	  1.0907175926030138e+003	
  1.3410000000000000e+004	  6.2965953267653344e+002	  1.0907175926030138e+003	
  1.3440000000000000e+004	  6.2965953267653344e+002	  1.0907175926030138e+003	
  1.3470000000000000e+004	  6.2965953267653344e+002	  1.0907175926030138e+003	
  1.3500000000000000e+004	  6.2965953267653344e+002	  1.0907175926030138e+003	
  1.3530000000000000e+004	  6.2965953267653344e+002	  1.0907175926030138e+003	
  1.3560000000000000e+004	  5.9702427633739660e+002	  1.0994842751076901e+003	
  1.3590000000000000e+004	  5.9827449146083643e+002	  1.0634448973443200e+003	
  1.3620000000000000e+004	  5.7061049842232103e+002	  1.0746508230962147e+003	
  1.3650000000000000e+004	  5.6659387114662775e+002	  1.1045816277560934e+003	
  1.3680000000000000e+004	  5.7540773778470032e+002	  1.1278154783770274e+003	
  1.3710000000000000e+004	  5.8024937176403284e+002	  1.1594344901766171e+003	
  1.3740000000000000e+004	  5.9452635067759638e+002	  1.2012554702788891e+003	
  1.3770000000000000e+004	  5.8716965104848180e+002	  1.2263827731471458e+003	
  1.3800000000000000e+004	  5.5129477445826342e+002	  1.2435188593941507e+003	
  1.3830000000000000e+004	  5.1694434071149351e+002	  1.2610327483538863e+003	
  1.3860000000000000e+004	  4.8645836045572594e+002	  1.2715572727463198e+003	
  1.3890000000000000e+004	  4.5880819566420229e+002	  1.2747846952064615e+003	
  1.3920000000000000e+004	  4.2872502984099111e+002	  1.2859059367824927e+003	
  1.3950000000000000e+004	  3.9696768346643574e+002	  1.3036004097404616e+003	
  1.3980000000000000e+004	  3.8365200097130520e+002	  1.3281198577498506e+003	
  1.4010000000000000e+004	  3.8764514182600016e+002	  1.3587538099969190e+003	
  1.4040000000000000e+004	  3.8549641501830547e+002	  1.3832392800020782e+003	
  1.4070000000000000e+004	  3.5265832884631709e+002	  1.3947759630855298e+003	
  1.4100000000000000e+004	  3.2443939006765351e+002	  1.4026033639761579e+003	
  1.4130000000000000e+004	  2.9466808019618026e+002	  1.4242921216904153e+003	
  1.4160000000000000e+004	  2.6712845518270268e+002	  1.4420204400338757e+003	
  1.4190000000000000e+004	  2.7247648767214633e+002	  1.4770117774956391e+003	
  1.4220000000000000e+004	  2.7415380210966748e+002	  1.5105182241044536e+003	
  1.4250000000000000e+004	  2.7065082271312559e+002	  1.5409952567479443e+003	
  1.4280000000000000e+004	  2.5972249946032946e+002	  1.5193997348444152e+003	
  1.4310000000000000e+004	  1.6597379508361357e+002	  1.4947986601632708e+003	
  1.4340000000000000e+004	  1.6597379508361357e+002	  1.4947986601632708e+003	
  1.4370000000000000e+004	  1.6597379508361357e+002	  1.4947986601632708e+003	
  1.4400000000000000e+004	  1.6597379508361357e+002	  1.4947986601632708e+003	
  1.4430000000000000e+004	  1.6597379508361357e+002	  1.4947986601632708e+003	
  1.4460000000000000e+004	  1.6597379508361357e+002	  1.4947986601632708e+003	
  1.4490000000000000e+004	  1.6597379508361357e+002	  1.4947986601632708e+003	
  1.4520000000000000e+004	  1.6597379508361357e+002	  1.4947986601632708e+003	
  1.4550000000000000e+004	  1.6597379508361357e+002	  1.4947986601632708e+003	
  1.4580000000000000e+004	  1.6597379508361357e+002	  1.4947986601632708e+003	
  1.4610000000000000e+004	  1.6597379508361357e+002	  1.4947986601632708e+003	
  1.4640000000000000e+004	  1.6597379508361357e+002	  1.4947986601632708e+003	
  1.4670000000000000e+004	  1.6597379508361357e+002	  1.4947986601632708e+003	
  1.4700000000000000e+004	  1.6597379508361357e+002	  1.4947986601632708e+003	
  1.4730000000000000e+004	  1.6597379508361357e+002	  1.4947986601632708e+003	
  1.4760000000000000e+004	  1.6597379508361357e+002	  1.4947986601632708e+003	
  1.4790000000000000e+004	  1.6597379508361357e+002	  1.4947986601632708e+003	
  1.4820000000000000e+004	  1.6597379508361357e+002	  1.4947986601632708e+003	
  1.4850000000000000e+004	  1.6597379508361357e+002	  1.4947986601632708e+003	
  1.4880000000000000e+004	  1.6597379508361357e+002	  1.4947986601632708e+003	
  1.4910000000000000e+004	  1.6597379508361357e+002	  1.4947986601632708e+003	
  1.4940000000000000e+004	  1.6597379508361357e+002	  1.4947986601632708e+003	
  1.4970000000000000e+004	  1.6597379508361357e+002	  1.4947986601632708e+003	
  1.5000000000000000e+004	  1.6597379508361357e+002	  1.4947986601632708e+003	
  1.5030000000000000e+004	  1.6597379508361357e+002	  1.4947986601632708e+003	
  1.5060000000000000e+004	  1.6597379508361357e+002	  1.4947986601632708e+003	
  1.5090000000000000e+004	  1.6597379508361357e+002	  1.4947986601632708e+003	
  1.5120000000000000e+004	  1.6597379508361357e+002	  1.4947986601632708e+003	
  1.5150000000000000e+004	  1.6597379508361357e+002	  1.4947986601632708e+003	
  1.5180000000000000e+004	  1.6597379508361357e+002	  1.4947986601632708e+003	
  1.5210000000000000e+004	  1.6597379508361357e+002	  1.4947986601632708e+003	
  1.5240000000000000e+004	  1.6597379508361357e+002	  1.4947986601632708e+003	
  1.5270000000000000e+004	  1.6597379508361357e+002	  1.4947986601632708e+003	
  1.5300000000000000e+004	  1.6597379508361357e+002	  1.4947986601632708e+003	
  1.5330000000000000e+004	  1.6597379508361357e+002	  1.4947986601632708e+003	
  1.5360000000000000e+004	  1.6597379508361357e+002	  1.4947986601632708e+003	
  1.5390000000000000e+004	  1.6597379508361357e+002	  1.4947986601632708e+003	
  1.5420000000000000e+004	  1.6597379508361357e+002	  1.4947986601632708e+003	
  1.5450000000000000e+004	  1.6597379508361357e+002	  1.4947986601632708e+003	
  1.5480000000000000e+004	  1.6597379508361357e+002	  1.4947986601632708e+003	
  1.5510000000000000e+004	  1.6597379508361357e+002	  1.4947986601632708e+003	
  1.5540000000000000e+004	  1.6597379508361357e+002	  1.4947986601632708e+003	
  1.5570000000000000e+004	  1.6597379508361357e+002	  1.4947986601632708e+003	
  1.5600000000000000e+004	  1.6597379508361357e+002	  1.4947986601632708e+003	
  1.5630000000000000e+004	  1.6597379508361357e+002	  1.4947986601632708e+003	
  1.5660000000000000e+004	  1.6597379508361357e+002	  1.4947986601632708e+003	
  1.5690000000000000e+004	  1.6597379508361357e+002	  1.4947986601632708e+003	
  1.5720000000000000e+004	  1.6597379508361357e+002	  1.4947986601632708e+003	
  1.5750000000000000e+004	  1.6597379508361357e+002	  1.4947986601632708e+003	
  1.5780000000000000e+004	  1.6597379508361357e+002	  1.4947986601632708e+003	
  1.5810000000000000e+004	  1.6597379508361357e+002	  1.4947986601632708e+003	
  1.5840000000000000e+004	  1.6597379508361357e+002	  1.4947986601632708e+003	
  1.5870000000000000e+004	  1.6597379508361357e+002	  1.4947986601632708e+003	
  1.5900000000000000e+004	  1.6597379508361357e+002	  1.4947986601632708e+003	
  1.5930000000000000e+004	  1.6597379508361357e+002	  1.4947986601632708e+003	
  1.5960000000000000e+004	  1.6597379508361357e+002	  1.4947986601632708e+003	
  1.5990000000000000e+004	  1.6597379508361357e+002	  1.4947986601632708e+003	
  1.6020000000000000e+004	  1.6597379508361357e+002	  1.4947986601632708e+003	
  1.6050000000000000e+004	  1.6597379508361357e+002	  1.4947986601632708e+003	
  1.6080000000000000e+004	  1.6597379508361357e+002	  1.4947986601632708e+003	
  1.6110000000000000e+004	  1.6597379508361357e+002	  1.4947986601632708e+003	
  1.6140000000000000e+004	  1.6597379508361357e+002	  1.4947986601632708e+003	
  1.6170000000000000e+004	  1.6597379508361357e+002	  1.4947986601632708e+003	
  1.6200000000000000e+004	  1.6597379508361357e+002	  1.4947986601632708e+003	
  1.6230000000000000e+004	  1.6597379508361357e+002	  1.4947986601632708e+003	
  1.6260000000000000e+004	  1.6597379508361357e+002	  1.4947986601632708e+003	
  1.6290000000000000e+004	  1.6597379508361357e+002	  1.4947986601632708e+003	
  1.6320000000000000e+004	  1.6597379508361357e+002	  1.4947986601632708e+003	
  1.6350000000000000e+004	  1.6597379508361357e+002	  1.4947986601632708e+003	
  1.6380000000000000e+004	  1.6597379508361357e+002	  1.4947986601632708e+003	
  1.6410000000000000e+004	  1.6597379508361357e+002	  1.4947986601632708e+003	
  1.6440000000000000e+004	  1.6597379508361357e+002	  1.4947986601632708e+003	
  1.6470000000000000e+004	  1.6597379508361357e+002	  1.4947986601632708e+003	
  1.6500000000000000e+004	  1.6597379508361357e+002	  1.4947986601632708e+003	
  1.6530000000000000e+004	  1.6597379508361357e+002	  1.4947986601632708e+003	
  1.6560000000000000e+004	  1.6597379508361357e+002	  1.4947986601632708e+003	
  1.6590000000000000e+004	  1.6597379508361357e+002	  1.4947986601632708e+003	
  1.6620000000000000e+004	  1.6597379508361357e+002	  1.4947986601632708e+003	
  1.6650000000000000e+004	  1.6597379508361357e+002	  1.4947986601632708e+003	
  1.6680000000000000e+004	  1.6597379508361357e+002	  1.4947986601632708e+003	
  1.6710000000000000e+004	  1.6597379508361357e+002	  1.4947986601632708e+003	
  1.6740000000000000e+004	  1.6597379508361357e+002	  1.4947986601632708e+003	
  1.6770000000000000e+004	  1.6597379508361357e+002	  1.4947986601632708e+003	
  1.6800000000000000e+004	  1.6597379508361357e+002	  1.4947986601632708e+003	
  1.6830000000000000e+004	  1.6597379508361357e+002	  1.4947986601632708e+003	
  1.6860000000000000e+004	  1.6597379508361357e+002	  1.4947986601632708e+003	
  1.6890000000000000e+004	  1.6597379508361357e+002	  1.4947986601632708e+003	
  1.6920000000000000e+004	  1.6597379508361357e+002	  1.4947986601632708e+003	
  1.6950000000000000e+004	  1.6597379508361357e+002	  1.4947986601632708e+003	
  1.6980000000000000e+004	  1.6597379508361357e+002	  1.4947986601632708e+003	
  1.7010000000000000e+004	  1.6597379508361357e+002	  1.4947986601632708e+003	
  1.7040000000000000e+004	  1.6597379508361357e+002	  1.4947986601632708e+003	
  1.7070000000000000e+004	  1.6597379508361357e+002	  1.4947986601632708e+003	
  1.7100000000000000e+004	  1.6597379508361357e+002	  1.4947986601632708e+003	
  1.7130000000000000e+004	  1.6597379508361357e+002	  1.4947986601632708e+003	
  1.7160000000000000e+004	  1.6597379508361357e+002	  1.4947986601632708e+003	
  1.7190000000000000e+004	  1.6597379508361357e+002	  1.4947986601632708e+003	
  1.7220000000000000e+004	  1.6597379508361357e+002	  1.4947986601632708e+003	
  1.7250000000000000e+004	  1.6597379508361357e+002	  1.4947986601632708e+003	
  1.7280000000000000e+004	  1.6597379508361357e+002	  1.4947986601632708e+003	
  1.7310000000000000e+004	  1.6597379508361357e+002	  1.4947986601632708e+003	
  1.7340000000000000e+004	  1.6597379508361357e+002	  1.4947986601632708e+003	
  1.7370000000000000e+004	  1.6597379508361357e+002	  1.4947986601632708e+003	
  1.7400000000000000e+004	  1.6597379508361357e+002	  1.4947986601632708e+003	
  1.7430000000000000e+004	  1.6597379508361357e+002	  1.4947986601632708e+003	
  1.7460000000000000e+004	  1.6597379508361357e+002	  1.4947986601632708e+003	
  1.7490000000000000e+004	  1.6597379508361357e+002	  1.4947986601632708e+003	
  1.7520000000000000e+004	  1.6597379508361357e+002	  1.4947986601632708e+003	
  1.7550000000000000e+004	  1.6597379508361357e+002	  1.4947986601632708e+003	
  1.7580000000000000e+004	  1.6597379508361357e+002	  1.4947986601632708e+003	
  1.7610000000000000e+004	  1.6597379508361357e+002	  1.4947986601632708e+003	
  1.7640000000000000e+004	  1.6597379508361357e+002	  1.4947986601632708e+003	
  1.7670000000000000e+004	  1.6597379508361357e+002	  1.4947986601632708e+003	
  1.7700000000000000e+004	  1.6597379508361357e+002	  1.4947986601632708e+003	
  1.7730000000000000e+004	  1.6597379508361357e+002	  1.4947986601632708e+003	
  1.7760000000000000e+004	  1.6597379508361357e+002	  1.4947986601632708e+003	
  1.7790000000000000e+004	  1.6597379508361357e+002	  1.4947986601632708e+003	
  1.7820000000000000e+004	  1.6597379508361357e+002	  1.4947986601632708e+003	
  1.7850000000000000e+004	  1.6597379508361357e+002	  1.4947986601632708e+003	
  1.7880000000000000e+004	  1.6597379508361357e+002	  1.4947986601632708e+003	
  1.7910000000000000e+004	  1.6597379508361357e+002	  1.4947986601632708e+003	
  1.7940000000000000e+004	  1.6597379508361357e+002	  1.4947986601632708e+003	
  1.7970000000000000e+004	  1.6597379508361357e+002	  1.4947986601632708e+003	
  1.8000000000000000e+004	  1.6597379508361357e+002	  1.4947986601632708e+003	
  1.8030000000000000e+004	  1.6597379508361357e+002	  1.4947986601632708e+003	
  1.8060000000000000e+004	  1.6597379508361357e+002	  1.4947986601632708e+003	
  1.8090000000000000e+004	  1.6597379508361357e+002	  1.4947986601632708e+003	
  1.8120000000000000e+004	  1.6597379508361357e+002	  1.4947986601632708e+003	
  1.8150000000000000e+004	  1.6597379508361357e+002	  1.4947986601632708e+003	
  1.8180000000000000e+004	  1.6597379508361357e+002	  1.4947986601632708e+003	
  1.8210000000000000e+004	  1.6597379508361357e+002	  1.4947986601632708e+003	
  1.8240000000000000e+004	  1.6597379508361357e+002	  1.4947986601632708e+003	
  1.8270000000000000e+004	  1.6597379508361357e+002	  1.4947986601632708e+003	
  1.8300000000000000e+004	  1.6597379508361357e+002	  1.4947986601632708e+003	
  1.8330000000000000e+004	  1.6597379508361357e+002	  1.4947986601632708e+003	
  1.8360000000000000e+004	  1.6597379508361357e+002	  1.4947986601632708e+003	
  1.8390000000000000e+004	  1.6597379508361357e+002	  1.4947986601632708e+003	
  1.8420000000000000e+004	  1.6597379508361357e+002	  1.4947986601632708e+003	
  1.8450000000000000e+004	  1.6597379508361357e+002	  1.4947986601632708e+003	
  1.8480000000000000e+004	  1.6597379508361357e+002	  1.4947986601632708e+003	
  1.8510000000000000e+004	  1.6597379508361357e+002	  1.4947986601632708e+003	
  1.8540000000000000e+004	  1.6597379508361357e+002	  1.4947986601632708e+003	
  1.8570000000000000e+004	  1.6597379508361357e+002	  1.4947986601632708e+003	
  1.8600000000000000e+004	  1.6597379508361357e+002	  1.4947986601632708e+003	
  1.8630000000000000e+004	  1.6597379508361357e+002	  1.4947986601632708e+003	
  1.8660000000000000e+004	  1.6597379508361357e+002	  1.4947986601632708e+003	
  1.8690000000000000e+004	  1.6597379508361357e+002	  1.4947986601632708e+003	
  1.8720000000000000e+004	  1.6597379508361357e+002	  1.4947986601632708e+003	
  1.8750000000000000e+004	  1.6597379508361357e+002	  1.4947986601632708e+003	
  1.8780000000000000e+004	  1.6597379508361357e+002	  1.4947986601632708e+003	
  1.8810000000000000e+004	  1.6597379508361357e+002	  1.4947986601632708e+003	
  1.8840000000000000e+004	  1.6597379508361357e+002	  1.4947986601632708e+003	
  1.8870000000000000e+004	  1.6597379508361357e+002	  1.4947986601632708e+003	
  1.8900000000000000e+004	  1.6597379508361357e+002	  1.4947986601632708e+003	
  1.8930000000000000e+004	  1.6597379508361357e+002	  1.4947986601632708e+003	
  1.8960000000000000e+004	  1.6597379508361357e+002	  1.4947986601632708e+003	
  1.8990000000000000e+004	  1.6597379508361357e+002	  1.4947986601632708e+003	
  1.9020000000000000e+004	  1.6597379508361357e+002	  1.4947986601632708e+003	
  1.9050000000000000e+004	  1.6597379508361357e+002	  1.4947986601632708e+003	
  1.9080000000000000e+004	  1.6597379508361357e+002	  1.4947986601632708e+003	
  1.9110000000000000e+004	  1.6597379508361357e+002	  1.4947986601632708e+003	
  1.9140000000000000e+004	  1.6597379508361357e+002	  1.4947986601632708e+003	
  1.9170000000000000e+004	  1.6597379508361357e+002	  1.4947986601632708e+003	
  1.9200000000000000e+004	  1.6597379508361357e+002	  1.4947986601632708e+003	
  1.9230000000000000e+004	  1.6597379508361357e+002	  1.4947986601632708e+003	
  1.9260000000000000e+004	  1.6597379508361357e+002	  1.4947986601632708e+003	
  1.9290000000000000e+004	  1.6597379508361357e+002	  1.4947986601632708e+003	
  1.9320000000000000e+004	  1.6597379508361357e+002	  1.4947986601632708e+003	
  1.9350000000000000e+004	  1.6597379508361357e+002	  1.4947986601632708e+003	
  1.9380000000000000e+004	  1.6597379508361357e+002	  1.4947986601632708e+003	
  1.9410000000000000e+004	  1.6597379508361357e+002	  1.4947986601632708e+003	
  1.9440000000000000e+004	  1.6597379508361357e+002	  1.4947986601632708e+003	
  1.9470000000000000e+004	  1.6597379508361357e+002	  1.4947986601632708e+003	
  1.9500000000000000e+004	  1.6597379508361357e+002	  1.4947986601632708e+003	
  1.9530000000000000e+004	  1.6597379508361357e+002	  1.4947986601632708e+003	
  1.9560000000000000e+004	  1.6597379508361357e+002	  1.4947986601632708e+003	
  1.9590000000000000e+004	  1.6597379508361357e+002	  1.4947986601632708e+003	
  1.9620000000000000e+004	  1.6597379508361357e+002	  1.4947986601632708e+003	
  1.9650000000000000e+004	  1.6597379508361357e+002	  1.4947986601632708e+003	
  1.9680000000000000e+004	  1.6597379508361357e+002	  1.4947986601632708e+003	
  1.9710000000000000e+004	  1.6597379508361357e+002	  1.4947986601632708e+003	
  1.9740000000000000e+004	  1.6597379508361357e+002	  1.4947986601632708e+003	
  1.9770000000000000e+004	  1.6597379508361357e+002	  1.4947986601632708e+003	
  1.9800000000000000e+004	  1.6597379508361357e+002	  1.4947986601632708e+003	
  1.9830000000000000e+004	  1.6597379508361357e+002	  1.4947986601632708e+003	
  1.9860000000000000e+004	  1.6597379508361357e+002	  1.4947986601632708e+003	
  1.9890000000000000e+004	  1.6597379508361357e+002	  1.4947986601632708e+003	
  1.9920000000000000e+004	  1.6597379508361357e+002	  1.4947986601632708e+003	
  1.9950000000000000e+004	  2.0253713638680983e+002	  1.4869101086487415e+003	
  1.9980000000000000e+004	  2.4183296383061099e+002	  1.4784320224550875e+003	
  2.0010000000000000e+004	  2.8112879127441215e+002	  1.4699539362614335e+003	
  2.0040000000000000e+004	  3.2042461871821325e+002	  1.4614758500677794e+003	
  2.0070000000000000e+004	  3.5972044616201441e+002	  1.4529977638741254e+003	
  2.0100000000000000e+004	  3.9901627360581557e+002	  1.4445196776804714e+003	
  2.0130000000000000e+004	  4.3831210104961667e+002	  1.4360415914868177e+003	
  2.0160000000000000e+004	  4.7760792849341783e+002	  1.4275635052931636e+003	
  2.0190000000000000e+004	  2.8637411082900013e+002	  1.5255424167306485e+003	
  2.0220000000000000e+004	  1.4610413019789954e+002	  1.5763940919378088e+003	
  2.0250000000000000e+004	  2.7332369798272629e+002	  1.4822890277975905e+003	
  2.0280000000000000e+004	  2.6658655252356323e+002	  1.4787689978994988e+003	
  2.0310000000000000e+004	  2.5888553712456945e+002	  1.4215223214277730e+003	
  2.0340000000000000e+004	  2.9073981658692401e+002	  1.4067627339066312e+003	
  2.0370000000000000e+004	  3.1991210142447744e+002	  1.3882840952407912e+003	
  2.0400000000000000e+004	  3.5518719308559230e+002	  1.3801420436634141e+003	
  2.0430000000000000e+004	  3.9233587385924955e+002	  1.3916370009468660e+003	
  2.0460000000000000e+004	  3.7907359007229917e+002	  1.3529689552848199e+003	
  2.0490000000000000e+004	  3.8549191569337677e+002	  1.3222828422394600e+003	
  2.0520000000000000e+004	  4.0255184144557535e+002	  1.2927660721288059e+003	
  2.0550000000000000e+004	  4.3240795159088992e+002	  1.2704441055557543e+003	
  2.0580000000000000e+004	  4.6978261813041439e+002	  1.2665682462677992e+003	
  2.0610000000000000e+004	  4.8197373172256283e+002	  1.2833406973097724e+003	
  2.0640000000000000e+004	  4.8592056795545795e+002	  1.2517934315097602e+003	
  2.0670000000000000e+004	  5.0501191308938735e+002	  1.2278013209649901e+003	
  2.0700000000000000e+004	  5.3506514152810621e+002	  1.2127616060698754e+003	
  2.0730000000000000e+004	  5.6842483686738399e+002	  1.1974706847295731e+003	
  2.0760000000000000e+004	  5.5655722473305354e+002	  1.1751404770006277e+003	
  2.0790000000000000e+004	  5.5626011424566184e+002	  1.1719023005281829e+003	
  2.0820000000000000e+004	  5.5637257792191690e+002	  1.1696537790913619e+003	
  2.0850000000000000e+004	  5.5346237371432835e+002	  1.1731225988468730e+003	
  2.0880000000000000e+004	  5.1498318068090487e+002	  1.1667312644734209e+003	
  2.0910000000000000e+004	  4.6167776579305013e+002	  1.1718187758862100e+003	
  2.0940000000000000e+004	  5.1513800370468789e+002	  1.1747619946069881e+003	
  2.0970000000000000e+004	  4.1163510777519446e+002	  1.1411442295763516e+003	
  2.1000000000000000e+004	  2.3045987491749446e+002	  1.1558380881840621e+003	
  2.1030000000000000e+004	 -9.3897433445518573e+001	  1.0040015679150698e+003	
  2.1060000000000000e+004	 -1.5934684551356997e+002	  9.6025394681051057e+002	
  2.1090000000000000e+004	 -4.0780798402885370e+002	  5.8333425831327213e+002	
  2.1120000000000000e+004	 -5.4843103543727057e+002	  4.2838085893493138e+002	
  2.1150000000000000e+004	 -6.0630394092237520e+002	  3.0243175840535878e+002	
  2.1180000000000000e+004	 -3.0924239995084309e+002	  1.3268557914935730e+002	
  2.1210000000000000e+004	 -3.5600234894904531e+002	 -1.0407115776750291e+002	
  2.1240000000000000e+004	 -3.9823442343915866e+002	 -2.2608951458763795e+002	
  2.1270000000000000e+004	 -3.7655842136801823e+002	 -2.2404871053918552e+002	
  2.1300000000000000e+004	 -4.6123674274995858e+002	 -8.8305472358465522e+001	
  2.1330000000000000e+004	 -7.0454983136760984e+002	 -1.2556487597285916e+002	
  2.1360000000000000e+004	 -7.3547683686471214e+002	 -2.1948470583766243e+002	
  2.1390000000000000e+004	 -7.4118415765597445e+002	 -2.1615377699734398e+002	
  2.1420000000000000e+004	 -7.4233048504211160e+002	 -2.1538311170400556e+002	
  2.1450000000000000e+004	 -7.4347681242824865e+002	 -2.1461244641066710e+002	
  2.1480000000000000e+004	 -7.4446572562057668e+002	 -2.1404188232304136e+002	
  2.1510000000000000e+004	 -7.4347889703682210e+002	 -2.1573702527211194e+002	
  2.1540000000000000e+004	 -7.4195060414752606e+002	 -2.1811308918411640e+002	
  2.1570000000000000e+004	 -7.4104936994864704e+002	 -2.2025278103530101e+002	
  2.1600000000000000e+004	 -7.4005156936911465e+002	 -2.2104990613066937e+002	
  2.1630000000000000e+004	 -7.4064059197351878e+002	 -2.2000449368534055e+002	
  2.1660000000000000e+004	 -7.4122961457792292e+002	 -2.1895908124001181e+002	
  2.1690000000000000e+004	 -7.4181863718232694e+002	 -2.1791366879468299e+002	
  2.1720000000000000e+004	 -7.4240765978673096e+002	 -2.1686825634935420e+002	
  2.1750000000000000e+004	 -7.4299668239113498e+002	 -2.1582284390402540e+002	
  2.1780000000000000e+004	 -7.4358570499553900e+002	 -2.1477743145869658e+002	
  2.1810000000000000e+004	 -7.4417472759994314e+002	 -2.1373201901336779e+002	
  2.1840000000000000e+004	 -7.3204480400525858e+002	 -1.7564165706349985e+002	
  2.1870000000000000e+004	 -6.4417959501710891e+002	 -7.2514439387287766e+001	
  2.1900000000000000e+004	 -3.5824220067394810e+002	 -1.0037544222851666e+002	
  2.1930000000000000e+004	 -3.0900156103931010e+002	  1.2129408285128493e+002	
  2.1960000000000000e+004	 -1.3374208637249768e+002	  1.9235146743865347e+001	
  2.1990000000000000e+004	 -8.9983687764735535e+001	  9.3761713430035286e+001	
  2.2020000000000000e+004	 -9.1613766867853315e+001	  9.2581540896835307e+001	
  2.2050000000000000e+004	 -9.3494627371450761e+001	  9.1219803358527656e+001	
  2.2080000000000000e+004	 -9.5375487875048194e+001	  8.9858065820220006e+001	
  2.2110000000000000e+004	 -9.7256348378645640e+001	  8.8496328281912369e+001	
  2.2140000000000000e+004	 -9.9137208882243087e+001	  8.7134590743604704e+001	
  2.2170000000000000e+004	 -1.0101806938584052e+002	  8.5772853205297068e+001	
  2.2200000000000000e+004	 -1.0289892988943797e+002	  8.4411115666989403e+001	
  2.2230000000000000e+004	 -9.3469891414891805e+001	  4.9813784102449908e+001	
  2.2260000000000000e+004	 -1.0645139010449935e+002	  1.1646146494883530e+001	
  2.2290000000000000e+004	 -1.0612952938367772e+002	 -1.8266585324208219e+001	
  2.2320000000000000e+004	 -8.6687131955417783e+001	 -4.0153027865963757e+001	
  2.2350000000000000e+004	 -6.4153071694475372e+001	 -6.4308744522105727e+001	
  2.2380000000000000e+004	 -4.9130543196732546e+001	 -6.6842037968456211e+001	
  2.2410000000000000e+004	 -4.5983051249958564e+001	 -6.4379577507947943e+001	
  2.2440000000000000e+004	 -3.6937661666947506e+001	 -7.5860986405666381e+001	
  2.2470000000000000e+004	 -3.9316051381110121e+001	 -7.2314354819613683e+001	
  2.2500000000000000e+004	 -1.8543463447898567e+001	 -5.5307856722240238e+001	
