  0.0000000000000000e+000	 -2.3494190467454754e+002	  1.3220345179491701e+003	
  3.0000000000000000e+001	 -2.0315042047977499e+002	  1.3705687751997677e+003	
  6.0000000000000000e+001	 -1.8129379700368338e+002	  1.3778043849066883e+003	
  9.0000000000000000e+001	 -1.7298466755412434e+002	  1.4159861540160439e+003	
  1.2000000000000000e+002	 -1.5600516128283246e+002	  1.4359119171830107e+003	
  1.5000000000000000e+002	 -1.4652188600210181e+002	  1.4801048004429276e+003	
  1.8000000000000000e+002	 -1.1680773569030669e+002	  1.5433329153034622e+003	
  2.1000000000000000e+002	 -1.0569878405430025e+002	  1.6743531382012193e+003	
  2.4000000000000000e+002	 -8.6190391235497160e+001	  1.7413660351088013e+003	
  2.7000000000000000e+002	 -9.0435266654208547e+001	  1.7605125760585568e+003	
  3.0000000000000000e+002	 -3.0465049134001621e+001	  1.8496775749616625e+003	
  3.3000000000000000e+002	  5.2265130156205686e+001	  1.8196219555626712e+003	
  3.6000000000000000e+002	  2.1591889960682064e+002	  1.7752064309670172e+003	
  3.9000000000000000e+002	  2.8916572880052223e+002	  1.7431471068526653e+003	
  4.2000000000000000e+002	  3.1192551812973846e+002	  1.7368020325832401e+003	
  4.5000000000000000e+002	  3.6575425341731381e+002	  1.7350209574633923e+003	
  4.8000000000000000e+002	  4.0684833609578413e+002	  1.7067464135176363e+003	
  5.1000000000000000e+002	  4.3538838540892681e+002	  1.6832585073017426e+003	
  5.4000000000000000e+002	  4.8677857483907019e+002	  1.6743531382012193e+003	
  5.7000000000000000e+002	  5.4367806867703405e+002	  1.6758002579939503e+003	
  6.0000000000000000e+002	  5.7565017133735955e+002	  1.6409580102045811e+003	
  6.3000000000000000e+002	  6.2749193715573767e+002	  1.5866352659786835e+003	
  6.6000000000000000e+002	  6.4013626691776471e+002	  1.5777298968743623e+003	
  6.9000000000000000e+002	  6.6136068630118439e+002	  1.6097892183214417e+003	
  7.2000000000000000e+002	  6.5549009958695638e+002	  1.6279339082481754e+003	
  7.5000000000000000e+002	  6.5684485303631538e+002	  1.6308281533455129e+003	
  7.8000000000000000e+002	  6.5919308443158752e+002	  1.6300489362763731e+003	
  8.1000000000000000e+002	  6.6271543284857796e+002	  1.6243717667221381e+003	
  8.4000000000000000e+002	  6.6262511715998369e+002	  1.6215888353610776e+003	
  8.7000000000000000e+002	  6.6379923555225446e+002	  1.6204756612628071e+003	
  9.0000000000000000e+002	  6.6388954797637018e+002	  1.6209209318081425e+003	
  9.3000000000000000e+002	  6.5774801441775662e+002	  1.6206982992874036e+003	
  9.6000000000000000e+002	  6.5639326044069401e+002	  1.6209209318081425e+003	
  9.9000000000000000e+002	  6.5241933197759488e+002	  1.6271546901774773e+003	
  1.0200000000000000e+003	  6.5025173396205798e+002	  1.6386203506182894e+003	
  1.0500000000000000e+003	  6.5025173396205798e+002	  1.6410693278772976e+003	
  1.0800000000000000e+003	  6.5088395184057583e+002	  1.6346129374927409e+003	
  1.1100000000000000e+003	  6.5007110743962869e+002	  1.6455220131094975e+003	
  1.1400000000000000e+003	  6.5214838408837920e+002	  1.6224793725490208e+003	
  1.1700000000000000e+003	  6.5314186565280556e+002	  1.6174701003820217e+003	
  1.2000000000000000e+003	  6.5341281628771333e+002	  1.6181380020883387e+003	
  1.2300000000000000e+003	  6.5404503064301093e+002	  1.6185832711718431e+003	
  1.2600000000000000e+003	  6.5467724843885935e+002	  1.6185832711718431e+003	
  1.2900000000000000e+003	  6.5666421062465349e+002	  1.6224793725490208e+003	
  1.3200000000000000e+003	  6.5458692759889743e+002	  1.6263754708761342e+003	
  1.3500000000000000e+003	  6.6361859424846909e+002	  1.6160229767051958e+003	
  1.3800000000000000e+003	  6.6596683237701438e+002	  1.6173587891932143e+003	
  1.4100000000000000e+003	  6.6840538107898954e+002	  1.6146871723165004e+003	
  1.4400000000000000e+003	  6.6668936337857667e+002	  1.6231472747789082e+003	
  1.4700000000000000e+003	  6.6885695934428827e+002	  1.6263754708761342e+003	
  1.5000000000000000e+003	  6.6985045081986948e+002	  1.6271546901774773e+003	
  1.5300000000000000e+003	  6.6443145021398857e+002	  1.6262641527123699e+003	
  1.5600000000000000e+003	  6.5720611946961264e+002	  1.6220341010315594e+003	
  1.5900000000000000e+003	  6.5801896269674819e+002	  1.6290470814655432e+003	
  1.6200000000000000e+003	  6.5720611946961264e+002	  1.6289357628876396e+003	
  1.6500000000000000e+003	  6.5639326044069401e+002	  1.6289357628876396e+003	
  1.6800000000000000e+003	  6.5810928602547756e+002	  1.6273773247170971e+003	
  1.7100000000000000e+003	  6.5567072796313380e+002	  1.6267094240825108e+003	
  1.7400000000000000e+003	  6.5558041310703084e+002	  1.6271546901774773e+003	
  1.7700000000000000e+003	  6.5693517280178844e+002	  1.6310507904112201e+003	
  1.8000000000000000e+003	  6.5946403479663900e+002	  1.6393995680298544e+003	
  1.8300000000000000e+003	  6.5792865442550249e+002	  1.6314960564433916e+003	
  1.8600000000000000e+003	  6.5530946277349835e+002	  1.6240378111322900e+003	
  1.8900000000000000e+003	  6.5982529770869394e+002	  1.6200303937828462e+003	
  1.9200000000000000e+003	  6.4772286926402114e+002	  1.6261528380374045e+003	
  1.9500000000000000e+003	  6.4501336186544006e+002	  1.6284904956805467e+003	
  1.9800000000000000e+003	  6.4239418300750742e+002	  1.6280452259774822e+003	
  2.0100000000000000e+003	  6.2857573881810663e+002	  1.6377298127430934e+003	
  2.0400000000000000e+003	  6.5756738659972439e+002	  1.6210322491395709e+003	
  2.0700000000000000e+003	  6.6027688224627229e+002	  1.6189172249108565e+003	
  2.1000000000000000e+003	  6.6018656131865259e+002	  1.6193624944812550e+003	
  2.1300000000000000e+003	  6.6316701747629691e+002	  1.6201417165502471e+003	
  2.1600000000000000e+003	  6.5007110743962869e+002	  1.6292697124358212e+003	
  2.1900000000000000e+003	  6.4880666418266298e+002	  1.6312734220082607e+003	
  2.2200000000000000e+003	  6.4871635444037406e+002	  1.6317186909476568e+003	
  2.2500000000000000e+003	  6.5738675037137921e+002	  1.6268207395390589e+003	
  2.2800000000000000e+003	  6.5792865442550249e+002	  1.6271546901774773e+003	
  2.3100000000000000e+003	  6.5052268037449539e+002	  1.6254849288265932e+003	
  2.3400000000000000e+003	  6.5440629683005625e+002	  1.6240378111322900e+003	
  2.3700000000000000e+003	  6.5702548015121329e+002	  1.6202530316689918e+003	
  2.4000000000000000e+003	  6.5630294867421503e+002	  1.6220341010315594e+003	
  2.4300000000000000e+003	  6.5856086771903608e+002	  1.6237038591739636e+003	
  2.4600000000000000e+003	  6.5196774964076621e+002	  1.6239264968083285e+003	
  2.4900000000000000e+003	  6.5287091325027063e+002	  1.6221454199290313e+003	
  2.5200000000000000e+003	  6.5621263824314394e+002	  1.6211435671848421e+003	
  2.5500000000000000e+003	  6.5485788033267715e+002	  1.6245943990030512e+003	
  2.5800000000000000e+003	  6.4835508023270222e+002	  1.6121268814364273e+003	
  2.6100000000000000e+003	  6.5377407951997156e+002	  1.6208096151907046e+003	
  2.6400000000000000e+003	  6.5232901698009027e+002	  1.6240378111322900e+003	
  2.6700000000000000e+003	  6.5241933197759488e+002	  1.6240378111322900e+003	
  2.7000000000000000e+003	  6.4429083213402373e+002	  1.6253736163580231e+003	
  2.7300000000000000e+003	  6.3489789598354037e+002	  1.6298263036771380e+003	
  2.7600000000000000e+003	  6.5278059846446206e+002	  1.6215888353610776e+003	
  2.7900000000000000e+003	  6.5503851757309053e+002	  1.6201417165502471e+003	
  2.8200000000000000e+003	  6.5828991608520255e+002	  1.6191398596612685e+003	
  2.8500000000000000e+003	  6.5810928602547756e+002	  1.6212548831581505e+003	
  2.8800000000000000e+003	  6.6994076319614555e+002	  1.6199190800929491e+003	
  2.9100000000000000e+003	  6.6515397875058568e+002	  1.6208096151907046e+003	
  2.9400000000000000e+003	  6.4681970211262774e+002	  1.6319413227536095e+003	
  2.9700000000000000e+003	  6.4131037511903241e+002	  1.6302715717155570e+003	
  3.0000000000000000e+003	  6.6000593028185222e+002	  1.6235925414256253e+003	
  3.0300000000000000e+003	  6.5621263824314394e+002	  1.6237038591739636e+003	
  3.0600000000000000e+003	  6.5838022968041003e+002	  1.6194738101743781e+003	
  3.0900000000000000e+003	  6.6542493169414138e+002	  1.6213661998453906e+003	
  3.1200000000000000e+003	  6.6090910429452458e+002	  1.6232585868933047e+003	
  3.1500000000000000e+003	  6.5269028502043238e+002	  1.6257075697913958e+003	
  3.1800000000000000e+003	  6.5747706438546322e+002	  1.6239264968083285e+003	
  3.2100000000000000e+003	  6.6506366147123595e+002	  1.6214775228169683e+003	
  3.2400000000000000e+003	  6.5666421062465349e+002	  1.6254849288265932e+003	
  3.2700000000000000e+003	  6.5061300316475467e+002	  1.6278225940041482e+003	
  3.3000000000000000e+003	  6.5223869640098576e+002	  1.6273773247170971e+003	
  3.3300000000000000e+003	  6.5341281628771333e+002	  1.6281565416436524e+003	
  3.3600000000000000e+003	  6.5747706438546322e+002	  1.6264867869745844e+003	
  3.3900000000000000e+003	  6.5783832689139763e+002	  1.6280452259774822e+003	
  3.4200000000000000e+003	  6.5675453460294864e+002	  1.6271546901774773e+003	
  3.4500000000000000e+003	  6.5594168054209592e+002	  1.6261528380374045e+003	
  3.4800000000000000e+003	  6.5720611946961264e+002	  1.6328318617390908e+003	
  3.5100000000000000e+003	  6.6009625539972842e+002	  1.6312734220082607e+003	
  3.5400000000000000e+003	  6.5964467044442517e+002	  1.6307168400311355e+003	
  3.5700000000000000e+003	  6.5567072796313380e+002	  1.6217001514043361e+003	
  3.6000000000000000e+003	  6.5332250037376275e+002	  1.6172474703431301e+003	
  3.6300000000000000e+003	  6.5106458176579258e+002	  1.6257075697913958e+003	
  3.6600000000000000e+003	  6.5774801441775662e+002	  1.6231472747789082e+003	
  3.6900000000000000e+003	  6.5395471916951556e+002	  1.6209209318081425e+003	
  3.7200000000000000e+003	  6.5431598000192253e+002	  1.6260415212970370e+003	
  3.7500000000000000e+003	  6.5350313354146238e+002	  1.6227020028451336e+003	
  3.7800000000000000e+003	  6.5449661499570220e+002	  1.6230359550304320e+003	
  3.8100000000000000e+003	  6.5350313354146238e+002	  1.6221454199290313e+003	
  3.8400000000000000e+003	  6.5223869640098576e+002	  1.6214775228169683e+003	
  3.8700000000000000e+003	  6.5404503064301093e+002	  1.6184719556188711e+003	
  3.9000000000000000e+003	  6.6325732746655035e+002	  1.6174701003820217e+003	
  3.9300000000000000e+003	  6.6127036998386723e+002	  1.6178040494118200e+003	
  3.9600000000000000e+003	  6.6352827897719362e+002	  1.6172474703431301e+003	
  3.9900000000000000e+003	  6.5214838408837920e+002	  1.6213661998453906e+003	
  4.0200000000000000e+003	  6.6515397875058568e+002	  1.6229246415602702e+003	
  4.0500000000000000e+003	  6.5756738659972439e+002	  1.6217001514043361e+003	
  4.0800000000000000e+003	  6.5567072796313380e+002	  1.6289357628876396e+003	
  4.1100000000000000e+003	  6.3832993282775772e+002	  1.6123495182548850e+003	
  4.1400000000000000e+003	  6.2126008607833933e+002	  1.6365053256552226e+003	
  4.1700000000000000e+003	  6.4293607968755407e+002	  1.6450767439001922e+003	
  4.2000000000000000e+003	  6.5350313354146238e+002	  1.6489728412935008e+003	
  4.2300000000000000e+003	  6.7707578158791864e+002	  1.6651138226427629e+003	
  4.2600000000000000e+003	  7.1853112676530361e+002	  1.6930544127710407e+003	
  4.2900000000000000e+003	  7.1537004735781557e+002	  1.6864867030717987e+003	
  4.3200000000000000e+003	  6.6759253353380279e+002	  1.6238151748536463e+003	
  4.3500000000000000e+003	  6.5657389485620206e+002	  1.6173587891932143e+003	
  4.3800000000000000e+003	  6.5178711363595767e+002	  1.6066723429229683e+003	
  4.4100000000000000e+003	  6.4140069960659616e+002	  1.6155777092277403e+003	
  4.4400000000000000e+003	  6.0337738838390533e+002	  1.6338337149247618e+003	
  4.4700000000000000e+003	  5.7077307611406854e+002	  1.6618856236229760e+003	
  4.5000000000000000e+003	  5.2823392692215748e+002	  1.6861527557734128e+003	
  4.5300000000000000e+003	  4.8253368575523763e+002	  1.6904941185638879e+003	
  4.5600000000000000e+003	  4.4396847416786352e+002	  1.6733512810141708e+003	
  4.5900000000000000e+003	  4.1046100709465389e+002	  1.6486388915360810e+003	
  4.6200000000000000e+003	  3.7234737153948060e+002	  1.6461899160653247e+003	
  4.6500000000000000e+003	  3.4452983250463456e+002	  1.6326092241229180e+003	
  4.6800000000000000e+003	  3.2782126382348690e+002	  1.6587687456620445e+003	
  4.7100000000000000e+003	  3.2782126382348690e+002	  1.6587687456620445e+003	
  4.7400000000000000e+003	  3.2782126382348690e+002	  1.6587687456620445e+003	
  4.7700000000000000e+003	  3.2782126382348690e+002	  1.6587687456620445e+003	
  4.8000000000000000e+003	  3.2782126382348690e+002	  1.6587687456620445e+003	
  4.8300000000000000e+003	  3.2782126382348690e+002	  1.6587687456620445e+003	
  4.8600000000000000e+003	  3.2782126382348690e+002	  1.6587687456620445e+003	
  4.8900000000000000e+003	  3.2782126382348690e+002	  1.6587687456620445e+003	
  4.9200000000000000e+003	  3.2782126382348690e+002	  1.6587687456620445e+003	
  4.9500000000000000e+003	  3.2782126382348690e+002	  1.6587687456620445e+003	
  4.9800000000000000e+003	  3.2782126382348690e+002	  1.6587687456620445e+003	
  5.0100000000000000e+003	  3.2782126382348690e+002	  1.6587687456620445e+003	
  5.0400000000000000e+003	  3.2782126382348690e+002	  1.6587687456620445e+003	
  5.0700000000000000e+003	  3.1130857484978287e+002	  1.6571292625839840e+003	
  5.1000000000000000e+003	  2.9993147405116463e+002	  1.6040675252724745e+003	
  5.1300000000000000e+003	  3.3414342040081385e+002	  1.6099227997346266e+003	
  5.1600000000000000e+003	  3.8977847895884713e+002	  1.6172919953533378e+003	
  5.1900000000000000e+003	  4.3452134975198544e+002	  1.6048244796229042e+003	
  5.2200000000000000e+003	  4.9122215658858192e+002	  1.5954961067651484e+003	
  5.2500000000000000e+003	  5.5563599988215117e+002	  1.6019747621229294e+003	
  5.2800000000000000e+003	  5.8406768420071535e+002	  1.6279561705658023e+003	
  5.3100000000000000e+003	  6.1412506884664731e+002	  1.6099005400761303e+003	
  5.3400000000000000e+003	  6.4696420427063924e+002	  1.6034218874592266e+003	
  5.3700000000000000e+003	  6.4389344233426982e+002	  1.6060044434043027e+003	
  5.4000000000000000e+003	  6.5888600055031145e+002	  1.6200526595063272e+003	
  5.4300000000000000e+003	  6.6721320369099044e+002	  1.6268207384305895e+003	
  5.4600000000000000e+003	  6.6137874614619261e+002	  1.6306945758484990e+003	
  5.4900000000000000e+003	  6.5530946412936703e+002	  1.6286908657940075e+003	
  5.5200000000000000e+003	  6.4430889290688015e+002	  1.6073402465220424e+003	
  5.5500000000000000e+003	  6.4969176781131478e+002	  1.5993476769248455e+003	
  5.5800000000000000e+003	  6.5720611504882345e+002	  1.6326314901389208e+003	
  5.6100000000000000e+003	  6.5590555297777007e+002	  1.6209431953804428e+003	
  5.6400000000000000e+003	  6.5785639393125916e+002	  1.6214107296293682e+003	
  5.6700000000000000e+003	  6.6188452019105966e+002	  1.6223457908990067e+003	
  5.7000000000000000e+003	  6.6421468512619185e+002	  1.6280897545771154e+003	
  5.7300000000000000e+003	  6.5895826066773247e+002	  1.6230804814030066e+003	
  5.7600000000000000e+003	  6.6584038880327000e+002	  1.6222567365122518e+003	
  5.7900000000000000e+003	  6.6094522416904738e+002	  1.6239042324173920e+003	
  5.8200000000000000e+003	  6.6145099976145730e+002	  1.6228801113196173e+003	
  5.8500000000000000e+003	  6.5838023102363582e+002	  1.6226129517217239e+003	
  5.8800000000000000e+003	  6.5657389451633821e+002	  1.6225684254954099e+003	
  5.9100000000000000e+003	  6.5048655885290941e+002	  1.6194070206762326e+003	
  5.9400000000000000e+003	  6.4895117004600399e+002	  1.6220341030154407e+003	
  5.9700000000000000e+003	  6.6668936622300248e+002	  1.6375517079604408e+003	
  6.0000000000000000e+003	  6.5854280456477284e+002	  1.6195406000591538e+003	
  6.0300000000000000e+003	  6.4905955283405615e+002	  1.6069617697824247e+003	
  6.0600000000000000e+003	  6.5319605570900296e+002	  1.6219450496807190e+003	
  6.0900000000000000e+003	  6.5747706166047737e+002	  1.6430507741816753e+003	
  6.1200000000000000e+003	  6.3766159335409134e+002	  1.6801416282963496e+003	
  6.1500000000000000e+003	  6.9550038288061205e+002	  1.6383086622591950e+003	
  6.1800000000000000e+003	  6.4701839229004031e+002	  1.6338114535222969e+003	
  6.2100000000000000e+003	  6.4743384889759614e+002	  1.6264645241621718e+003	
  6.2400000000000000e+003	  6.5521915331712717e+002	  1.6208096146333069e+003	
  6.2700000000000000e+003	  6.5148004087487266e+002	  1.6046241113596247e+003	
  6.3000000000000000e+003	  6.4510368251442515e+002	  1.6040897865900345e+003	
  6.3300000000000000e+003	  6.4584427718533448e+002	  1.6057150154851072e+003	
  6.3600000000000000e+003	  6.5265415262682325e+002	  1.6126612052680800e+003	
  6.3900000000000000e+003	  6.5319605495475764e+002	  1.6229469040293702e+003	
  6.4200000000000000e+003	  6.5973498311696278e+002	  1.6344793552706294e+003	
  6.4500000000000000e+003	  6.6078265255018141e+002	  1.6220341077495507e+003	
  6.4800000000000000e+003	  6.5297929700554630e+002	  1.6287799192706721e+003	
  6.5100000000000000e+003	  6.4775899196654109e+002	  1.6296481954079411e+003	
  6.5400000000000000e+003	  6.5662808424030959e+002	  1.6199636043798721e+003	
  6.5700000000000000e+003	  6.5509270515329149e+002	  1.6219895774636873e+003	
  6.6000000000000000e+003	  6.5541784322905812e+002	  1.6219005246647473e+003	
  6.6300000000000000e+003	  6.5393664942662303e+002	  1.6253068260638772e+003	
  6.6600000000000000e+003	  6.5460499480763690e+002	  1.6276890132388139e+003	
  6.6900000000000000e+003	  6.5704354264713993e+002	  1.6223012642217072e+003	
  6.7200000000000000e+003	  6.5597781054884524e+002	  1.6093662144556624e+003	
  6.7500000000000000e+003	  6.5693516589869978e+002	  1.6076741991343360e+003	
  6.7800000000000000e+003	  6.5810928045033097e+002	  1.6120823571126627e+003	
  6.8100000000000000e+003	  6.5371989444302540e+002	  1.6226129505530403e+003	
  6.8400000000000000e+003	  6.5567073216062340e+002	  1.6330322355745427e+003	
  6.8700000000000000e+003	  6.5628488475588495e+002	  1.6188726962088181e+003	
  6.9000000000000000e+003	  6.5554428803426242e+002	  1.6098114879408447e+003	
  6.9300000000000000e+003	  6.4945694444065612e+002	  1.6078523031229790e+003	
  6.9600000000000000e+003	  6.5798283822429596e+002	  1.6227020042717641e+003	
  6.9900000000000000e+003	  6.6618359256090810e+002	  1.6301602536745436e+003	
  7.0200000000000000e+003	  6.6647260611441266e+002	  1.6342121939975063e+003	
  7.0500000000000000e+003	  6.6114392255512109e+002	  1.6217892070923012e+003	
  7.0800000000000000e+003	  6.5933759134056777e+002	  1.6148652821883884e+003	
  7.1100000000000000e+003	  6.6304057246998116e+002	  1.6150656511899663e+003	
  7.1400000000000000e+003	  6.6618359069569465e+002	  1.6210099854155922e+003	
  7.1700000000000000e+003	  6.6565975262236066e+002	  1.6382196102096500e+003	
  7.2000000000000000e+003	  6.5836216439277894e+002	  1.6450544802986940e+003	
  7.2300000000000000e+003	  6.7248769718472954e+002	  1.6313179493508067e+003	
  7.2600000000000000e+003	  6.7288508634054097e+002	  1.6244608131215164e+003	
  7.2900000000000000e+003	  6.7012139861074775e+002	  1.6383977167353542e+003	
  7.3200000000000000e+003	  6.3971478995656605e+002	  1.6380266620736322e+003	
  7.3500000000000000e+003	  6.2808802816821367e+002	  1.6304496775856808e+003	
  7.3800000000000000e+003	  6.5010722698411848e+002	  1.5996704980821858e+003	
  7.4100000000000000e+003	  6.4682873116936605e+002	  1.5834515977527426e+003	
  7.4400000000000000e+003	  6.7834021570808159e+002	  1.5511696365941859e+003	
  7.4700000000000000e+003	  6.6321217515351407e+002	  1.5372550005288545e+003	
  7.5000000000000000e+003	  6.5978917239604868e+002	  1.6023643701353590e+003	
  7.5300000000000000e+003	  6.6152325121191848e+002	  1.5992808897340619e+003	
  7.5600000000000000e+003	  6.6500044334073436e+002	  1.6249172148827761e+003	
  7.5900000000000000e+003	  6.6210127947341937e+002	  1.6120489592702411e+003	
  7.6200000000000000e+003	  6.6311282744466553e+002	  1.6153439474692473e+003	
  7.6500000000000000e+003	  6.6548815489192418e+002	  1.6103124119806675e+003	
  7.6800000000000000e+003	  6.5302445442531553e+002	  1.5930359996336397e+003	
  7.7100000000000000e+003	  6.5884988127390466e+002	  1.6106908912185136e+003	
  7.7400000000000000e+003	  6.5893116547404895e+002	  1.6145313304306060e+003	
  7.7700000000000000e+003	  6.5971692026711230e+002	  1.6255517214566305e+003	
  7.8000000000000000e+003	  6.5791058423960601e+002	  1.6274218504743365e+003	
  7.8300000000000000e+003	  6.6482883866210034e+002	  1.6214441240602553e+003	
  7.8600000000000000e+003	  6.7120520067649340e+002	  1.6167576727877711e+003	
  7.8900000000000000e+003	  6.7200901499103463e+002	  1.6185164825480697e+003	
  7.9200000000000000e+003	  6.6467529909061693e+002	  1.6243272375916872e+003	
  7.9500000000000000e+003	  6.6454886060279364e+002	  1.6226129519042856e+003	
  7.9800000000000000e+003	  6.5605909926271556e+002	  1.6245053419847559e+003	
  8.0100000000000000e+003	  6.6211030798722800e+002	  1.6229023746678224e+003	
  8.0400000000000000e+003	  6.6403405422554658e+002	  1.6302270434367113e+003	
  8.0700000000000000e+003	  6.5123618633952378e+002	  1.6358374212470683e+003	
  8.1000000000000000e+003	  6.4849055648761941e+002	  1.6129394962435142e+003	
  8.1300000000000000e+003	  6.4983627449719438e+002	  1.6074404288144124e+003	
  8.1600000000000000e+003	  6.5176905328328019e+002	  1.6164348524166201e+003	
  8.1900000000000000e+003	  6.5777510614921914e+002	  1.6279339077283717e+003	
  8.2200000000000000e+003	  6.5870537521553763e+002	  1.6288689720833038e+003	
  8.2500000000000000e+003	  6.5644746144832993e+002	  1.6181380045396486e+003	
  8.2800000000000000e+003	  6.5569782286956058e+002	  1.6169023835580115e+003	
  8.3100000000000000e+003	  6.4288189366483198e+002	  1.6280229649714472e+003	
  8.3400000000000000e+003	  6.2937954935260018e+002	  1.6353253642581005e+003	
  8.3700000000000000e+003	  6.3785125443989489e+002	  1.6273995851105931e+003	
  8.4000000000000000e+003	  6.6123423716372122e+002	  1.6277112749222867e+003	
  8.4300000000000000e+003	  6.5275350344973504e+002	  1.6254738038971961e+003	
  8.4600000000000000e+003	  6.6152325310136678e+002	  1.6166018288008356e+003	
  8.4900000000000000e+003	  6.6449467133971325e+002	  1.6119599033096772e+003	
  8.5200000000000000e+003	  6.7565780570400034e+002	  1.6133513695470426e+003	
  8.5500000000000000e+003	  6.6962465662473153e+002	  1.6207205611302970e+003	
  8.5800000000000000e+003	  6.7249673111012146e+002	  1.6723605637565761e+003	
  8.6100000000000000e+003	  6.6738480551666589e+002	  1.6643457344814281e+003	
  8.6400000000000000e+003	  6.4663003721661676e+002	  1.6397223895139446e+003	
  8.6700000000000000e+003	  6.4167164651576775e+002	  1.6338337145188482e+003	
  8.7000000000000000e+003	  6.0633073781850771e+002	  1.6285016261941241e+003	
  8.7300000000000000e+003	  6.3224259450951183e+002	  1.6264533928062683e+003	
  8.7600000000000000e+003	  6.4406504140462539e+002	  1.6446314718849414e+003	
  8.7900000000000000e+003	  6.5346700675259672e+002	  1.6435739637033021e+003	
  8.8200000000000000e+003	  6.5529140142439326e+002	  1.6315739783526824e+003	
  8.8500000000000000e+003	  6.6724029532728821e+002	  1.6301045941092154e+003	
  8.8800000000000000e+003	  6.6211031160664140e+002	  1.6262975498887838e+003	
  8.9100000000000000e+003	  6.5698032673849764e+002	  1.6234700930359807e+003	
  8.9400000000000000e+003	  6.5800993871885635e+002	  1.6268875300292534e+003	
  8.9700000000000000e+003	  6.5693516917445959e+002	  1.6236815951166768e+003	
  9.0000000000000000e+003	  6.6322120217414999e+002	  1.6296815855101800e+003	
  9.0300000000000000e+003	  6.6174904972415982e+002	  1.6282010711467296e+003	
  9.0600000000000000e+003	  6.6068330905668631e+002	  1.6247613704649750e+003	
  9.0900000000000000e+003	  6.5077556715727906e+002	  1.6234144343776652e+003	
  9.1200000000000000e+003	  6.5278060104084489e+002	  1.6187836431489222e+003	
  9.1500000000000000e+003	  6.5257287314214625e+002	  1.6167131449242859e+003	
  9.1800000000000000e+003	  6.5315992788695689e+002	  1.6210211174064282e+003	
  9.2100000000000000e+003	  6.5538172324026414e+002	  1.6253624819104407e+003	
  9.2400000000000000e+003	  6.5698935463137559e+002	  1.6274663777653375e+003	
  9.2700000000000000e+003	  6.4358636201528611e+002	  1.6104793874610446e+003	
  9.3000000000000000e+003	  6.6057492354516421e+002	  1.6319858525833322e+003	
  9.3300000000000000e+003	  6.6248061110545757e+002	  1.6365387219145282e+003	
  9.3600000000000000e+003	  6.5865118454282299e+002	  1.6423160764198976e+003	
  9.3900000000000000e+003	  6.5306057835652314e+002	  1.6314626612561447e+003	
  9.4200000000000000e+003	  6.5726934085329071e+002	  1.6268986577389194e+003	
  9.4500000000000000e+003	  6.5518302153824379e+002	  1.6248615599506850e+003	
  9.4800000000000000e+003	  6.6625584570778460e+002	  1.6354700793419593e+003	
  9.5100000000000000e+003	  6.6112585778493769e+002	  1.6310507877801463e+003	
  9.5400000000000000e+003	  6.5431598050119680e+002	  1.6265201796835845e+003	
  9.5700000000000000e+003	  6.5411728856326704e+002	  1.6244830815417506e+003	
  9.6000000000000000e+003	  6.5762156699857121e+002	  1.6193736260505673e+003	
  9.6300000000000000e+003	  6.5281672306332871e+002	  1.6225572952122559e+003	
  9.6600000000000000e+003	  6.4914986782559174e+002	  1.6197743676455416e+003	
  9.6900000000000000e+003	  6.4555527281902312e+002	  1.6176927377595277e+003	
  9.7200000000000000e+003	  6.5339475527583420e+002	  1.6229691670639245e+003	
  9.7500000000000000e+003	  6.3206196112223233e+002	  1.5941046436301908e+003	
  9.7800000000000000e+003	  6.2722098290751660e+002	  1.5882382317625375e+003	
  9.8100000000000000e+003	  6.3972984236808259e+002	  1.5992140954637248e+003	
  9.8400000000000000e+003	  6.5000788510407324e+002	  1.6092103738540422e+003	
  9.8700000000000000e+003	  6.4998078211087545e+002	  1.6150990497703444e+003	
  9.9000000000000000e+003	  6.5202193950840876e+002	  1.6188393003510089e+003	
  9.9300000000000000e+003	  6.5280769152110668e+002	  1.6195517315954235e+003	
  9.9600000000000000e+003	  6.5348507195859452e+002	  1.6283235209323379e+003	
  9.9900000000000000e+003	  6.5487594490753781e+002	  1.6204979250652668e+003	
  1.0020000000000000e+004	  6.4748803791811395e+002	  1.6208875368838394e+003	
  1.0050000000000000e+004	  6.4597072483942623e+002	  1.6180712119177069e+003	
  1.0080000000000000e+004	  6.6332958680264164e+002	  1.6035109364188152e+003	
  1.0110000000000000e+004	  6.6985947636137041e+002	  1.6127057309125498e+003	
  1.0140000000000000e+004	  6.5957241409108212e+002	  1.6210879092396885e+003	
  1.0170000000000000e+004	  6.5848861439726670e+002	  1.6177817921820179e+003	
  1.0200000000000000e+004	  6.5516495871446637e+002	  1.6275554341612690e+003	
  1.0230000000000000e+004	  6.5792865442550260e+002	  1.6277112739596578e+003	
  1.0260000000000000e+004	  6.5831701465022718e+002	  1.6198188936056945e+003	
  1.0290000000000000e+004	  6.5245545862628160e+002	  1.6058263357970204e+003	
  1.0320000000000000e+004	  6.5578814518557238e+002	  1.6167131471309876e+003	
  1.0350000000000000e+004	  6.5670034828149926e+002	  1.6259302040271289e+003	
  1.0380000000000000e+004	  6.5765769611007897e+002	  1.6238597058168259e+003	
  1.0410000000000000e+004	  6.5072138136254875e+002	  1.6210433808084622e+003	
  1.0440000000000000e+004	  6.4999884483448022e+002	  1.6174589720100389e+003	
  1.0470000000000000e+004	  6.5612231392966203e+002	  1.6175591544219410e+003	
  1.0500000000000000e+004	  6.5743190802338108e+002	  1.6235480177308823e+003	
  1.0530000000000000e+004	  6.5595974402603667e+002	  1.6270545055978723e+003	
  1.0560000000000000e+004	  6.5118199617874200e+002	  1.6132177899542326e+003	
  1.0590000000000000e+004	  6.5800993293273973e+002	  1.6262975485251050e+003	
  1.0620000000000000e+004	  6.5853377084113640e+002	  1.6253736137268170e+003	
  1.0650000000000000e+004	  6.6162260260873984e+002	  1.6229914299249501e+003	
  1.0680000000000000e+004	  6.5770286177926562e+002	  1.6166129618240354e+003	
  1.0710000000000000e+004	  6.5824475716582208e+002	  1.6180155531360990e+003	
  1.0740000000000000e+004	  6.6242641994551116e+002	  1.6387650626516674e+003	
  1.0770000000000000e+004	  6.5479465953646309e+002	  1.6343569043559660e+003	
  1.0800000000000000e+004	  6.5053171423244009e+002	  1.6313179493662190e+003	
  1.0830000000000000e+004	  6.4738868803396053e+002	  1.6260081209487869e+003	
  1.0860000000000000e+004	  6.8179031113380620e+002	  1.6358040297372399e+003	
  1.0890000000000000e+004	  6.5451468079584470e+002	  1.6153105484425541e+003	
  1.0920000000000000e+004	  6.3996466079247034e+002	  1.6133624981928792e+003	
  1.0950000000000000e+004	  6.6273349836794034e+002	  1.6276778790591602e+003	
  1.0980000000000000e+004	  6.5031494774163571e+002	  1.6251398502252639e+003	
  1.1010000000000000e+004	  6.4279157422956359e+002	  1.6133068435891605e+003	
  1.1040000000000000e+004	  6.4949307056071007e+002	  1.6115146358525365e+003	
  1.1070000000000000e+004	  6.6137875010622406e+002	  1.6206315131106323e+003	
  1.1100000000000000e+004	  6.6341086632813881e+002	  1.6298708235971976e+003	
  1.1130000000000000e+004	  6.5947306651267911e+002	  1.6219561825407520e+003	
  1.1160000000000000e+004	  6.5633907182176733e+002	  1.6175034938970005e+003	
  1.1190000000000000e+004	  6.5821766586608851e+002	  1.6159450588667116e+003	
  1.1220000000000000e+004	  6.5856086284423429e+002	  1.6189617524558334e+003	
  1.1250000000000000e+004	  6.6022269087273332e+002	  1.6153773389300052e+003	
  1.1280000000000000e+004	  6.5568879149655118e+002	  1.6054367229780992e+003	
  1.1310000000000000e+004	  6.5760351266717203e+002	  1.6131064734366469e+003	
  1.1340000000000000e+004	  6.6450369918201022e+002	  1.6439635735963698e+003	
  1.1370000000000000e+004	  6.5878665698361124e+002	  1.6357261077394517e+003	
  1.1400000000000000e+004	  6.5875956511364643e+002	  1.6335776856331117e+003	
  1.1430000000000000e+004	  6.6064717708666728e+002	  1.6329097836798258e+003	
  1.1460000000000000e+004	  6.5468627886469005e+002	  1.6252956920003337e+003	
  1.1490000000000000e+004	  6.5397277789101349e+002	  1.6222790007080030e+003	
  1.1520000000000000e+004	  6.5213032055368774e+002	  1.6186500650189084e+003	
  1.1550000000000000e+004	  6.6781832270404641e+002	  1.6062827358230488e+003	
  1.1580000000000000e+004	  6.4416438557476795e+002	  1.5954181850424541e+003	
  1.1610000000000000e+004	  6.4499530035189252e+002	  1.6515442647731700e+003	
  1.1640000000000000e+004	  6.6175808014175345e+002	  1.6094997964521617e+003	
  1.1670000000000000e+004	  6.5169680111295656e+002	  1.6104905233797658e+003	
  1.1700000000000000e+004	  6.5203097127652177e+002	  1.6213216743160554e+003	
  1.1730000000000000e+004	  6.5399084525275634e+002	  1.6126946010020492e+003	
  1.1760000000000000e+004	  6.5684485303631550e+002	  1.6198634193536054e+003	
  1.1790000000000000e+004	  6.5735062580269027e+002	  1.6239487574969519e+003	
  1.1820000000000000e+004	  6.6057492591253447e+002	  1.6261751013212775e+003	
  1.1850000000000000e+004	  6.6559653185347213e+002	  1.6262752845287464e+003	
  1.1880000000000000e+004	  6.6430500256590335e+002	  1.6162456122341125e+003	
  1.1910000000000000e+004	  6.5488497645654456e+002	  1.6073402463519674e+003	
  1.1940000000000000e+004	  6.6139680783230312e+002	  1.6133402387028179e+003	
  1.1970000000000000e+004	  6.7498043728115169e+002	  1.6125721503198511e+003	
  1.2000000000000000e+004	  6.7909887543457614e+002	  1.6095888522489370e+003	
  1.2030000000000000e+004	  6.7880083089575851e+002	  1.5973328371211544e+003	
  1.2060000000000000e+004	  6.9343212868507271e+002	  1.5499451501519920e+003	
  1.2090000000000000e+004	  6.7215352251565650e+002	  1.5799339754829768e+003	
  1.2120000000000000e+004	  6.6786348343040913e+002	  1.6246834481559915e+003	
  1.2150000000000000e+004	  6.7421274530082962e+002	  1.6309060790839151e+003	
  1.2180000000000000e+004	  6.6180323942807570e+002	  1.6372177567231699e+003	
  1.2210000000000000e+004	  6.5698032597857787e+002	  1.6261417049017496e+003	
  1.2240000000000000e+004	  6.4874344343847031e+002	  1.6259858599329236e+003	
  1.2270000000000000e+004	  6.5204000199004088e+002	  1.6270767695646059e+003	
  1.2300000000000000e+004	  6.4180712353618514e+002	  1.6355034705440826e+003	
  1.2330000000000000e+004	  6.5107361708537883e+002	  1.6252734316898839e+003	
  1.2360000000000000e+004	  6.6683387040305183e+002	  1.6115925601312392e+003	
  1.2390000000000000e+004	  6.7201804744080459e+002	  1.6062604698422624e+003	
  1.2420000000000000e+004	  6.7178322816591094e+002	  1.6076519357534066e+003	
  1.2450000000000000e+004	  6.7385147407990166e+002	  1.6256519049616818e+003	
  1.2480000000000000e+004	  6.7389663961649865e+002	  1.6067280040142093e+003	
  1.2510000000000000e+004	  6.5437016893155032e+002	  1.6334329737466262e+003	
  1.2540000000000000e+004	  6.5931049575436623e+002	  1.6266760276159887e+003	
  1.2570000000000000e+004	  6.6403405756574261e+002	  1.6194070207897441e+003	
  1.2600000000000000e+004	  6.5586039866330884e+002	  1.6180712158516430e+003	
  1.2630000000000000e+004	  6.5696225660663072e+002	  1.6250730577241436e+003	
  1.2660000000000000e+004	  6.6016850795302958e+002	  1.6230470870052795e+003	
  1.2690000000000000e+004	  6.5835313898928302e+002	  1.6234700930359807e+003	
  1.2720000000000000e+004	  6.5325024812690936e+002	  1.6241602596456391e+003	
  1.2750000000000000e+004	  6.6478368113459555e+002	  1.6282901221040725e+003	
  1.2780000000000000e+004	  6.6099038270648225e+002	  1.6242827089375526e+003	
  1.2810000000000000e+004	  6.4994465480804013e+002	  1.6107688124303043e+003	
  1.2840000000000000e+004	  6.5446951646777893e+002	  1.6213995951268487e+003	
  1.2870000000000000e+004	  6.5020657683998718e+002	  1.6263309440376049e+003	
  1.2900000000000000e+004	  6.5437920183021379e+002	  1.6233810382248471e+003	
  1.2930000000000000e+004	  6.6714998192805217e+002	  1.6165127735456463e+003	
  1.2960000000000000e+004	  6.6313089081414842e+002	  1.6181046059897085e+003	
  1.2990000000000000e+004	  6.6362763017711995e+002	  1.6191064637295931e+003	
  1.3020000000000000e+004	  6.6203805797901657e+002	  1.6185944066318339e+003	
  1.3050000000000000e+004	  6.6118908034245101e+002	  1.6202418987181316e+003	
  1.3080000000000000e+004	  6.5928339958779975e+002	  1.6183940354470917e+003	
  1.3110000000000000e+004	  6.6136971770234800e+002	  1.6159227943255817e+003	
  1.3140000000000000e+004	  6.6478368252982659e+002	  1.6206426371294297e+003	
  1.3170000000000000e+004	  6.6523526548620339e+002	  1.6228801146591454e+003	
  1.3200000000000000e+004	  6.6394374031189591e+002	  1.6237929131568724e+003	
  1.3230000000000000e+004	  6.6563265907088351e+002	  1.6236593320310508e+003	
  1.3260000000000000e+004	  6.6724932775969023e+002	  1.6240378094979853e+003	
  1.3290000000000000e+004	  6.7514300674904609e+002	  1.6337335317170714e+003	
  1.3320000000000000e+004	  6.6672549318503150e+002	  1.6298930932414598e+003	
  1.3350000000000000e+004	  6.5681774994427519e+002	  1.6206871717327829e+003	
  1.3380000000000000e+004	  6.5353926208757116e+002	  1.6189951438364180e+003	
  1.3410000000000000e+004	  6.5152520164378916e+002	  1.6247391097175584e+003	
  1.3440000000000000e+004	  6.5486691585315771e+002	  1.6234255630637699e+003	
  1.3470000000000000e+004	  6.5569782828823315e+002	  1.6230359585174722e+003	
  1.3500000000000000e+004	  6.5419856856701085e+002	  1.6213884646089205e+003	
  1.3530000000000000e+004	  6.5072137931402290e+002	  1.6248281598200178e+003	
  1.3560000000000000e+004	  6.5574298121088975e+002	  1.6177929207966458e+003	
  1.3590000000000000e+004	  6.5731449913117160e+002	  1.6147984942636244e+003	
  1.3620000000000000e+004	  6.5605005820223585e+002	  1.6169246480350259e+003	
  1.3650000000000000e+004	  6.5416245122112855e+002	  1.6187391157096833e+003	
  1.3680000000000000e+004	  6.5842538847241042e+002	  1.6190619379618570e+003	
  1.3710000000000000e+004	  6.5762157101813159e+002	  1.6198522876500833e+003	
  1.3740000000000000e+004	  6.5912082620663034e+002	  1.6232585902668557e+003	
  1.3770000000000000e+004	  6.5923824303287131e+002	  1.6247057148222980e+003	
  1.3800000000000000e+004	  6.5789252764292473e+002	  1.6250730583700170e+003	
  1.3830000000000000e+004	  6.5373795319674571e+002	  1.6263420759182243e+003	
  1.3860000000000000e+004	  6.6061105719328975e+002	  1.6157558203285209e+003	
  1.3890000000000000e+004	  6.4332444622711921e+002	  1.6289357646985668e+003	
  1.3920000000000000e+004	  6.3681261456863842e+002	  1.6277335382548756e+003	
  1.3950000000000000e+004	  6.3580106658532270e+002	  1.6269543197495182e+003	
  1.3980000000000000e+004	  6.3957630824859064e+002	  1.6276890112133481e+003	
  1.4010000000000000e+004	  6.5449661534084862e+002	  1.6177929191111548e+003	
  1.4040000000000000e+004	  6.5277156555670467e+002	  1.6075406195173359e+003	
  1.4070000000000000e+004	  6.5117296254492010e+002	  1.5951732875525570e+003	
  1.4100000000000000e+004	  6.4238515014220820e+002	  1.5592735279077165e+003	
  1.4130000000000000e+004	  6.2995757755128295e+002	  1.5191548374596443e+003	
  1.4160000000000000e+004	  6.2658876800073938e+002	  1.4678710531857257e+003	
  1.4190000000000000e+004	  5.8629850441838130e+002	  1.4399082020465771e+003	
  1.4220000000000000e+004	  5.5108404090637509e+002	  1.4254369730593364e+003	
  1.4250000000000000e+004	  5.4339809131202571e+002	  1.4267839119152036e+003	
  1.4280000000000000e+004	  5.4289231805539634e+002	  1.4272737057693671e+003	
  1.4310000000000000e+004	  5.3635339205937601e+002	  1.4311364120820051e+003	
  1.4340000000000000e+004	  5.2523540326925081e+002	  1.4181234399856844e+003	
  1.4370000000000000e+004	  5.3245170207556771e+002	  1.4106874583614965e+003	
  1.4400000000000000e+004	  5.2827907714610910e+002	  1.4296447599509445e+003	
  1.4430000000000000e+004	  5.0380326712306260e+002	  1.4337746277799897e+003	
  1.4460000000000000e+004	  4.6361235032177728e+002	  1.4526094779776076e+003	
  1.4490000000000000e+004	  4.2037776960489265e+002	  1.4741270718458161e+003	
  1.4520000000000000e+004	  3.7649289429535042e+002	  1.4857040540042840e+003	
  1.4550000000000000e+004	  3.3191259151952397e+002	  1.4968802918211902e+003	
  1.4580000000000000e+004	  2.9600268904220655e+002	  1.5138561492880440e+003	
  1.4610000000000000e+004	  2.7736132455282689e+002	  1.5440008160120028e+003	
  1.4640000000000000e+004	  2.5246103459506548e+002	  1.5299859954883088e+003	
  1.4670000000000000e+004	  2.3186882002513522e+002	  1.5451919083548969e+003	
  1.4700000000000000e+004	  2.3895869905069685e+002	  1.5660972621152580e+003	
  1.4730000000000000e+004	  2.3477701938075342e+002	  1.5878263577380237e+003	
  1.4760000000000000e+004	  2.2978119113842931e+002	  1.5997814865138441e+003	
  1.4790000000000000e+004	  2.3109592773004064e+002	  1.5967660614778920e+003	
  1.4820000000000000e+004	  2.3241066432165189e+002	  1.5937506364419396e+003	
  1.4850000000000000e+004	  2.3372540091326323e+002	  1.5907352114059877e+003	
  1.4880000000000000e+004	  2.3504013750487456e+002	  1.5877197863700353e+003	
  1.4910000000000000e+004	  2.3635487409648584e+002	  1.5847043613340829e+003	
  1.4940000000000000e+004	  2.3766961068809715e+002	  1.5816889362981310e+003	
  1.4970000000000000e+004	  2.3898434727970846e+002	  1.5786735112621791e+003	
  1.5000000000000000e+004	  2.3824519153557713e+002	  1.5728542101954431e+003	
  1.5030000000000000e+004	  1.9090119619771522e+002	  1.5541306722711711e+003	
  1.5060000000000000e+004	  1.9308213711643137e+002	  1.5546204668282865e+003	
  1.5090000000000000e+004	  2.1553564714731394e+002	  1.5532846616037161e+003	
  1.5120000000000000e+004	  2.3798915717819654e+002	  1.5519488563791458e+003	
  1.5150000000000000e+004	  2.6044266720907910e+002	  1.5506130511545753e+003	
  1.5180000000000000e+004	  2.6738133716798245e+002	  1.5659080211688463e+003	
  1.5210000000000000e+004	  3.0048240361212322e+002	  1.5534182423422512e+003	
  1.5240000000000000e+004	  2.3542730035028535e+002	  1.5589173065087168e+003	
  1.5270000000000000e+004	  2.3542730035028535e+002	  1.5589173065087170e+003	
  1.5300000000000000e+004	  2.3542730035028535e+002	  1.5589173065087170e+003	
  1.5330000000000000e+004	  2.3542730035028535e+002	  1.5589173065087170e+003	
  1.5360000000000000e+004	  2.3542730035028535e+002	  1.5589173065087170e+003	
  1.5390000000000000e+004	  2.3542730035028535e+002	  1.5589173065087170e+003	
  1.5420000000000000e+004	  2.3542730035028535e+002	  1.5589173065087170e+003	
  1.5450000000000000e+004	  2.3542730035028535e+002	  1.5589173065087170e+003	
  1.5480000000000000e+004	  2.3542730035028535e+002	  1.5589173065087170e+003	
  1.5510000000000000e+004	  2.3542730035028535e+002	  1.5589173065087170e+003	
  1.5540000000000000e+004	  2.3542730035028535e+002	  1.5589173065087170e+003	
  1.5570000000000000e+004	  2.3542730035028535e+002	  1.5589173065087170e+003	
  1.5600000000000000e+004	  2.3542730035028535e+002	  1.5589173065087170e+003	
  1.5630000000000000e+004	  2.3542730035028535e+002	  1.5589173065087170e+003	
  1.5660000000000000e+004	  2.3542730035028535e+002	  1.5589173065087170e+003	
  1.5690000000000000e+004	  2.3542730035028535e+002	  1.5589173065087170e+003	
  1.5720000000000000e+004	  2.3542730035028535e+002	  1.5589173065087170e+003	
  1.5750000000000000e+004	  2.3542730035028535e+002	  1.5589173065087170e+003	
  1.5780000000000000e+004	  2.3542730035028535e+002	  1.5589173065087170e+003	
  1.5810000000000000e+004	  2.3542730035028535e+002	  1.5589173065087170e+003	
  1.5840000000000000e+004	  2.3542730035028535e+002	  1.5589173065087170e+003	
  1.5870000000000000e+004	  2.3698809689733247e+002	  1.5894560634190043e+003	
  1.5900000000000000e+004	  2.3903998901338696e+002	  1.6296036628334655e+003	
  1.5930000000000000e+004	  2.2007347875758711e+002	  1.6163569341329803e+003	
  1.5960000000000000e+004	  2.2805551920996629e+002	  1.6145818758055375e+003	
  1.5990000000000000e+004	  2.4002857988853503e+002	  1.6119192883143733e+003	
  1.6020000000000000e+004	  2.5036568500773109e+002	  1.6022419201966513e+003	
  1.6050000000000000e+004	  2.4406157587735598e+002	  1.6158226102190251e+003	
  1.6080000000000000e+004	  2.2305392631746608e+002	  1.6257075697913958e+003	
  1.6110000000000000e+004	  2.2554963340672916e+002	  1.6207020644474376e+003	
  1.6140000000000000e+004	  2.2842929543280198e+002	  1.6149264813582547e+003	
  1.6170000000000000e+004	  2.3130895745887480e+002	  1.6091508982690723e+003	
  1.6200000000000000e+004	  2.3418861948494765e+002	  1.6033753151798896e+003	
  1.6230000000000000e+004	  2.3706828151102047e+002	  1.5975997320907070e+003	
  1.6260000000000000e+004	  2.3994794353709329e+002	  1.5918241490015243e+003	
  1.6290000000000000e+004	  2.4282760556316612e+002	  1.5860485659123417e+003	
  1.6320000000000000e+004	  2.4824323721660409e+002	  1.5846649540778767e+003	
  1.6350000000000000e+004	  2.2076891565027296e+002	  1.6015072288191195e+003	
  1.6380000000000000e+004	  1.6868330666544449e+002	  1.6493067946284295e+003	
  1.6410000000000000e+004	  1.6868330666544452e+002	  1.6493067946284298e+003	
  1.6440000000000000e+004	  1.6868330666544452e+002	  1.6493067946284298e+003	
  1.6470000000000000e+004	  1.6868330666544452e+002	  1.6493067946284298e+003	
  1.6500000000000000e+004	  1.6868330666544452e+002	  1.6493067946284298e+003	
  1.6530000000000000e+004	  1.6868330666544452e+002	  1.6493067946284298e+003	
  1.6560000000000000e+004	  1.6868330666544452e+002	  1.6493067946284298e+003	
  1.6590000000000000e+004	  1.6868330666544452e+002	  1.6493067946284298e+003	
  1.6620000000000000e+004	  1.6868330666544452e+002	  1.6493067946284298e+003	
  1.6650000000000000e+004	  1.6868330666544452e+002	  1.6493067946284298e+003	
  1.6680000000000000e+004	  1.6868330666544452e+002	  1.6493067946284298e+003	
  1.6710000000000000e+004	  1.6868330666544452e+002	  1.6493067946284298e+003	
  1.6740000000000000e+004	  1.6868330666544452e+002	  1.6493067946284298e+003	
  1.6770000000000000e+004	  1.6868330666544452e+002	  1.6493067946284298e+003	
  1.6800000000000000e+004	  1.6868330666544452e+002	  1.6493067946284298e+003	
  1.6830000000000000e+004	  1.6868330666544452e+002	  1.6493067946284298e+003	
  1.6860000000000000e+004	  1.6868330666544452e+002	  1.6493067946284298e+003	
  1.6890000000000000e+004	  1.6868330666544452e+002	  1.6493067946284298e+003	
  1.6920000000000000e+004	  1.6868330666544452e+002	  1.6493067946284298e+003	
  1.6950000000000000e+004	  1.6868330666544452e+002	  1.6493067946284298e+003	
  1.6980000000000000e+004	  1.6868330666544452e+002	  1.6493067946284298e+003	
  1.7010000000000000e+004	  1.6868330666544452e+002	  1.6493067946284298e+003	
  1.7040000000000000e+004	  1.6868330666544452e+002	  1.6493067946284298e+003	
  1.7070000000000000e+004	  1.6868330666544452e+002	  1.6493067946284298e+003	
  1.7100000000000000e+004	  1.6868330666544452e+002	  1.6493067946284298e+003	
  1.7130000000000000e+004	  1.6868330666544452e+002	  1.6493067946284298e+003	
  1.7160000000000000e+004	  1.6868330666544452e+002	  1.6493067946284298e+003	
  1.7190000000000000e+004	  1.6868330666544452e+002	  1.6493067946284298e+003	
  1.7220000000000000e+004	  1.6868330666544452e+002	  1.6493067946284298e+003	
  1.7250000000000000e+004	  1.6868330666544452e+002	  1.6493067946284298e+003	
  1.7280000000000000e+004	  1.6868330666544452e+002	  1.6493067946284298e+003	
  1.7310000000000000e+004	  1.6868330666544452e+002	  1.6493067946284298e+003	
  1.7340000000000000e+004	  1.6868330666544452e+002	  1.6493067946284298e+003	
  1.7370000000000000e+004	  1.6868330666544452e+002	  1.6493067946284298e+003	
  1.7400000000000000e+004	  1.6868330666544452e+002	  1.6493067946284298e+003	
  1.7430000000000000e+004	  1.6868330666544452e+002	  1.6493067946284298e+003	
  1.7460000000000000e+004	  1.6868330666544452e+002	  1.6493067946284298e+003	
  1.7490000000000000e+004	  1.6868330666544452e+002	  1.6493067946284298e+003	
  1.7520000000000000e+004	  1.6868330666544452e+002	  1.6493067946284298e+003	
  1.7550000000000000e+004	  1.6868330666544452e+002	  1.6493067946284298e+003	
  1.7580000000000000e+004	  1.6868330666544452e+002	  1.6493067946284298e+003	
  1.7610000000000000e+004	  1.6868330666544452e+002	  1.6493067946284298e+003	
  1.7640000000000000e+004	  1.6868330666544452e+002	  1.6493067946284298e+003	
  1.7670000000000000e+004	  1.6868330666544452e+002	  1.6493067946284298e+003	
  1.7700000000000000e+004	  1.6868330666544452e+002	  1.6493067946284298e+003	
  1.7730000000000000e+004	  1.6868330666544452e+002	  1.6493067946284298e+003	
  1.7760000000000000e+004	  1.6868330666544452e+002	  1.6493067946284298e+003	
  1.7790000000000000e+004	  1.6868330666544452e+002	  1.6493067946284298e+003	
  1.7820000000000000e+004	  1.6868330666544452e+002	  1.6493067946284298e+003	
  1.7850000000000000e+004	  1.6868330666544452e+002	  1.6493067946284298e+003	
  1.7880000000000000e+004	  1.6868330666544452e+002	  1.6493067946284298e+003	
  1.7910000000000000e+004	  1.6868330666544452e+002	  1.6493067946284298e+003	
  1.7940000000000000e+004	  1.6868330666544452e+002	  1.6493067946284298e+003	
  1.7970000000000000e+004	  1.6868330666544452e+002	  1.6493067946284298e+003	
  1.8000000000000000e+004	  1.6868330666544452e+002	  1.6493067946284298e+003	
  1.8030000000000000e+004	  1.6868330666544452e+002	  1.6493067946284298e+003	
  1.8060000000000000e+004	  1.6868330666544452e+002	  1.6493067946284298e+003	
  1.8090000000000000e+004	  1.6868330666544452e+002	  1.6493067946284298e+003	
  1.8120000000000000e+004	  1.6868330666544452e+002	  1.6493067946284298e+003	
  1.8150000000000000e+004	  1.6868330666544452e+002	  1.6493067946284298e+003	
  1.8180000000000000e+004	  1.6868330666544452e+002	  1.6493067946284298e+003	
  1.8210000000000000e+004	  1.6868330666544452e+002	  1.6493067946284298e+003	
  1.8240000000000000e+004	  1.6868330666544452e+002	  1.6493067946284298e+003	
  1.8270000000000000e+004	  1.6868330666544452e+002	  1.6493067946284298e+003	
  1.8300000000000000e+004	  1.6868330666544452e+002	  1.6493067946284298e+003	
  1.8330000000000000e+004	  1.6868330666544452e+002	  1.6493067946284298e+003	
  1.8360000000000000e+004	  1.6868330666544452e+002	  1.6493067946284298e+003	
  1.8390000000000000e+004	  1.6868330666544452e+002	  1.6493067946284298e+003	
  1.8420000000000000e+004	  1.6868330666544452e+002	  1.6493067946284298e+003	
  1.8450000000000000e+004	  1.6868330666544452e+002	  1.6493067946284298e+003	
  1.8480000000000000e+004	  1.6868330666544452e+002	  1.6493067946284298e+003	
  1.8510000000000000e+004	  1.6868330666544452e+002	  1.6493067946284298e+003	
  1.8540000000000000e+004	  1.6868330666544452e+002	  1.6493067946284298e+003	
  1.8570000000000000e+004	  1.6868330666544452e+002	  1.6493067946284298e+003	
  1.8600000000000000e+004	  1.6868330666544452e+002	  1.6493067946284298e+003	
  1.8630000000000000e+004	  1.6868330666544452e+002	  1.6493067946284298e+003	
  1.8660000000000000e+004	  1.6868330666544452e+002	  1.6493067946284298e+003	
  1.8690000000000000e+004	  1.6868330666544452e+002	  1.6493067946284298e+003	
  1.8720000000000000e+004	  1.6868330666544452e+002	  1.6493067946284298e+003	
  1.8750000000000000e+004	  1.6868330666544452e+002	  1.6493067946284298e+003	
  1.8780000000000000e+004	  1.6868330666544452e+002	  1.6493067946284298e+003	
  1.8810000000000000e+004	  1.6868330666544452e+002	  1.6493067946284298e+003	
  1.8840000000000000e+004	  1.6868330666544452e+002	  1.6493067946284298e+003	
  1.8870000000000000e+004	  1.6868330666544452e+002	  1.6493067946284298e+003	
  1.8900000000000000e+004	  1.6868330666544452e+002	  1.6493067946284298e+003	
  1.8930000000000000e+004	  1.6868330666544452e+002	  1.6493067946284298e+003	
  1.8960000000000000e+004	  1.6868330666544452e+002	  1.6493067946284298e+003	
  1.8990000000000000e+004	  1.6868330666544452e+002	  1.6493067946284298e+003	
  1.9020000000000000e+004	  1.6868330666544452e+002	  1.6493067946284298e+003	
  1.9050000000000000e+004	  1.6868330666544452e+002	  1.6493067946284298e+003	
  1.9080000000000000e+004	  1.6868330666544452e+002	  1.6493067946284298e+003	
  1.9110000000000000e+004	  1.6868330666544452e+002	  1.6493067946284298e+003	
  1.9140000000000000e+004	  1.7484871598653285e+002	  1.6471051176551573e+003	
  1.9170000000000000e+004	  2.1270723662659952e+002	  1.6335857827992729e+003	
  1.9200000000000000e+004	  2.4173141375763726e+002	  1.6103458082318564e+003	
  1.9230000000000000e+004	  2.3802843746389073e+002	  1.6127502552664780e+003	
  1.9260000000000000e+004	  2.1407645286534006e+002	  1.6748429365511870e+003	
  1.9290000000000000e+004	  2.1976638916495023e+002	  1.6190508047669648e+003	
  1.9320000000000000e+004	  2.6835676835848892e+002	  1.5142568882374430e+003	
  1.9350000000000000e+004	  3.1673036996595181e+002	  1.4842903254202051e+003	
  1.9380000000000000e+004	  3.5726448688925694e+002	  1.4718228118524012e+003	
  1.9410000000000000e+004	  3.9136806221564382e+002	  1.4787689950746067e+003	
  1.9440000000000000e+004	  4.4171056034106380e+002	  1.4518970486361773e+003	
  1.9470000000000000e+004	  4.9012028871791233e+002	  1.4296336302697650e+003	
  1.9500000000000000e+004	  5.3096148289291091e+002	  1.4206392099733873e+003	
  1.9530000000000000e+004	  5.2492833195698643e+002	  1.4180343884170404e+003	
  1.9560000000000000e+004	  5.5567212353866080e+002	  1.4016039822340979e+003	
  1.9590000000000000e+004	  5.3536893880765126e+002	  1.3800529942274336e+003	
  1.9620000000000000e+004	  5.3060021883476497e+002	  1.3572552494685033e+003	
  1.9650000000000000e+004	  5.3419482624587431e+002	  1.3931884114557165e+003	
  1.9680000000000000e+004	  5.4335293286460933e+002	  1.4310584869459090e+003	
  1.9710000000000000e+004	  5.5749652010330226e+002	  1.4695519401422553e+003	
  1.9740000000000000e+004	  5.7239876819865731e+002	  1.5112958500162372e+003	
  1.9770000000000000e+004	  5.8970344348089770e+002	  1.5681343640212804e+003	
  1.9800000000000000e+004	  6.0444312342848139e+002	  1.6170916251935341e+003	
  1.9830000000000000e+004	  5.7453024102317488e+002	  1.6594589139256270e+003	
  1.9860000000000000e+004	  5.1004414590913274e+002	  1.6885794642765147e+003	
  1.9890000000000000e+004	  6.9645773267710717e+002	  1.6586129023637272e+003	
  1.9920000000000000e+004	  8.3485898858531277e+002	  1.6062493388939795e+003	
  1.9950000000000000e+004	  8.5480090995394426e+002	  1.5859228357883026e+003	
  1.9980000000000000e+004	  8.9036760984007356e+002	  1.4963793606971526e+003	
  2.0010000000000000e+004	  8.1992061599859767e+002	  1.3419825432399757e+003	
  2.0040000000000000e+004	  7.9725113137260450e+002	  1.3127061467995377e+003	
  2.0070000000000000e+004	  7.2608160391396211e+002	  1.1832220981290088e+003	
  2.0100000000000000e+004	  5.1712497318718852e+002	  1.2636820955268981e+003	
  2.0130000000000000e+004	  5.3341810029870305e+002	  1.2559789531789531e+003	
  2.0160000000000000e+004	  5.2153242719015725e+002	  1.2626802424239363e+003	
  2.0190000000000000e+004	  4.9416647366660129e+002	  1.2735893186082799e+003	
  2.0220000000000000e+004	  3.9812374372035430e+002	  1.2172406060300286e+003	
  2.0250000000000000e+004	  2.7879736486660335e+002	  1.1692184038251046e+003	
