  0.0000000000000000e+000	 -1.0172488220211685e+002	  3.5654168710649884e+001	
  3.0000000000000000e+001	 -9.7552224661048569e+001	  3.3717219653468192e+001	
  6.0000000000000000e+001	 -9.1681638352943452e+001	  3.2648615726765456e+001	
  9.0000000000000000e+001	 -8.7936506667746102e+001	  3.5394594154706994e+001	
  1.2000000000000000e+002	 -8.7213978809340219e+001	  3.0941714999637870e+001	
  1.5000000000000000e+002	 -8.3796990818882406e+001	  2.7305514336831436e+001	
  1.8000000000000000e+002	 -7.7718691290925960e+001	  1.7955167545777257e+001	
  2.1000000000000000e+002	 -6.5540729945252622e+001	  5.1420808353190687e+001	
  2.4000000000000000e+002	 -6.8939935936635266e+001	  7.1392504421247097e+001	
  2.7000000000000000e+002	 -1.2592438149946817e+002	  1.3377691786467091e+002	
  3.0000000000000000e+002	 -1.4722637225802373e+002	  1.8499715819698915e+002	
  3.3000000000000000e+002	 -1.6086417678435149e+002	  2.1484130052829124e+002	
  3.6000000000000000e+002	 -1.7317434939396747e+002	  2.3003606601415149e+002	
  3.9000000000000000e+002	 -1.9213179164762022e+002	  2.5408054386253008e+002	
  4.2000000000000000e+002	 -2.3767194057547221e+002	  3.1434154304444047e+002	
  4.5000000000000000e+002	 -2.5902032616044681e+002	  3.5008040023345819e+002	
  4.8000000000000000e+002	 -2.7236009057006379e+002	  3.6068891595324448e+002	
  5.1000000000000000e+002	 -3.0544308988921881e+002	  3.9397273986902212e+002	
  5.4000000000000000e+002	 -3.2684813560667806e+002	  4.3360163214703141e+002	
  5.7000000000000000e+002	 -3.3042467090257014e+002	  4.6780936939007950e+002	
  6.0000000000000000e+002	 -3.5611073421324915e+002	  4.9465905082498500e+002	
  6.3000000000000000e+002	 -3.7744352974917945e+002	  5.1055513371767518e+002	
  6.6000000000000000e+002	 -4.0125100217101152e+002	  5.1080002958987677e+002	
  6.9000000000000000e+002	 -4.2959839070416524e+002	  5.3652169836686141e+002	
  7.2000000000000000e+002	 -4.9613768632962393e+002	  5.2951244119836622e+002	
  7.5000000000000000e+002	 -4.9916974067053627e+002	  5.1407115587862631e+002	
  7.8000000000000000e+002	 -5.0220179940330706e+002	  5.0097550028917902e+002	
  8.1000000000000000e+002	 -5.1462775900539532e+002	  5.0499484641793134e+002	
  8.4000000000000000e+002	 -5.1347622767816665e+002	  5.1083898986681135e+002	
  8.7000000000000000e+002	 -5.3155265159347084e+002	  5.1252322180399869e+002	
  9.0000000000000000e+002	 -5.3771947393893629e+002	  5.2275548320504572e+002	
  9.3000000000000000e+002	 -5.0502674458713744e+002	  5.0173296282976281e+002	
  9.6000000000000000e+002	 -5.0498202984501813e+002	  5.0653370328212208e+002	
  9.9000000000000000e+002	 -5.0279332792940625e+002	  5.0630282303977651e+002	
  1.0200000000000000e+003	 -5.0444099231536615e+002	  4.9733641372329197e+002	
  1.0500000000000000e+003	 -5.0522761872336770e+002	  4.9722868868671878e+002	
  1.0800000000000000e+003	 -5.0050983276989064e+002	  4.9755430851890992e+002	
  1.1100000000000000e+003	 -4.9824929115906326e+002	  4.9773140028246621e+002	
  1.1400000000000000e+003	 -4.9696498803000986e+002	  4.9717036389583342e+002	
  1.1700000000000000e+003	 -4.8759372156839743e+002	  4.9229913477836243e+002	
  1.2000000000000000e+003	 -4.9020258352206810e+002	  4.9277106237677128e+002	
  1.2300000000000000e+003	 -4.9175086913067673e+002	  4.9545001407952805e+002	
  1.2600000000000000e+003	 -4.9329915473928514e+002	  4.9812896578228481e+002	
  1.2900000000000000e+003	 -4.9799891726391485e+002	  5.0510015719155246e+002	
  1.3200000000000000e+003	 -5.0538363528884605e+002	  5.1557706273392068e+002	
  1.3500000000000000e+003	 -5.0035848402271500e+002	  5.0591692067612723e+002	
  1.3800000000000000e+003	 -4.9823580985478407e+002	  5.0923987488577745e+002	
  1.4100000000000000e+003	 -4.7608738072542741e+002	  5.2370103715138032e+002	
  1.4400000000000000e+003	 -4.5827693901709029e+002	  5.5310053309709167e+002	
  1.4700000000000000e+003	 -4.6471110158365065e+002	  5.9480436723848334e+002	
  1.5000000000000000e+003	 -4.8676281387977355e+002	  6.2378688249057802e+002	
  1.5300000000000000e+003	 -5.2782378229950302e+002	  6.2286418925277883e+002	
  1.5600000000000000e+003	 -5.4331201176443790e+002	  6.2407631295790895e+002	
  1.5900000000000000e+003	 -5.3508674377606269e+002	  6.1739728857090552e+002	
  1.6200000000000000e+003	 -5.1840977195399148e+002	  6.2783883040722901e+002	
  1.6500000000000000e+003	 -5.0453713657321151e+002	  6.3828037221595093e+002	
  1.6800000000000000e+003	 -5.2103798326213928e+002	  6.4991300722329004e+002	
  1.7100000000000000e+003	 -5.2339525243325329e+002	  6.4863286306161331e+002	
  1.7400000000000000e+003	 -5.2255229802573683e+002	  6.4885549240048181e+002	
  1.7700000000000000e+003	 -5.0117735268551684e+002	  6.3843621410036815e+002	
  1.8000000000000000e+003	 -5.0202407071610367e+002	  6.2768576098116489e+002	
  1.8300000000000000e+003	 -5.1712953142497304e+002	  6.3378037843940081e+002	
  1.8600000000000000e+003	 -5.1529255626669510e+002	  6.3790825570386664e+002	
  1.8900000000000000e+003	 -5.0296495616942622e+002	  6.3310948945024472e+002	
  1.9200000000000000e+003	 -4.9863042023164360e+002	  6.4014308263628948e+002	
  1.9500000000000000e+003	 -4.9649895241957313e+002	  6.4286663232723663e+002	
  1.9800000000000000e+003	 -4.9624606468697601e+002	  6.3381285053252998e+002	
  2.0100000000000000e+003	 -4.8130166389025334e+002	  6.4252526539816688e+002	
  2.0400000000000000e+003	 -4.9752494995616820e+002	  6.4187368742435751e+002	
  2.0700000000000000e+003	 -5.0208052270188125e+002	  6.2055869593093587e+002	
  2.1000000000000000e+003	 -4.8270759152180852e+002	  6.2396499193144950e+002	
  2.1300000000000000e+003	 -4.9511168370930625e+002	  6.3132527798404283e+002	
  2.1600000000000000e+003	 -5.0787885020367975e+002	  6.3008743433127290e+002	
  2.1900000000000000e+003	 -5.3626086389070838e+002	  6.2538428421897288e+002	
  2.2200000000000000e+003	 -5.4790014652427828e+002	  6.2693254419885125e+002	
  2.2500000000000000e+003	 -5.4930033088371681e+002	  6.2308142049402852e+002	
  2.2800000000000000e+003	 -5.3967744334865256e+002	  6.1717757913047399e+002	
  2.3100000000000000e+003	 -5.3909830811555628e+002	  6.1792913017834644e+002	
  2.3400000000000000e+003	 -5.4143941160482291e+002	  6.1924817146072621e+002	
  2.3700000000000000e+003	 -5.4117796908350169e+002	  6.1853046939697799e+002	
  2.4000000000000000e+003	 -5.4091652656218048e+002	  6.1781276733322977e+002	
  2.4300000000000000e+003	 -5.4065508404085926e+002	  6.1709506526948167e+002	
  2.4600000000000000e+003	 -5.4039364151953816e+002	  6.1637736320573345e+002	
  2.4900000000000000e+003	 -5.4013219899821684e+002	  6.1565966114198523e+002	
  2.5200000000000000e+003	 -5.3987075647689574e+002	  6.1494195907823723e+002	
  2.5500000000000000e+003	 -5.3556090708429747e+002	  6.1215146519059488e+002	
  2.5800000000000000e+003	 -5.4195833555779666e+002	  6.1534657484863271e+002	
  2.6100000000000000e+003	 -5.4075411280877449e+002	  6.1463661691825553e+002	
  2.6400000000000000e+003	 -5.3904019608091050e+002	  6.1545829285152649e+002	
  2.6700000000000000e+003	 -5.3960729991361234e+002	  6.1790468183511132e+002	
  2.7000000000000000e+003	 -5.4017440374631417e+002	  6.2035107081869614e+002	
  2.7300000000000000e+003	 -5.4988346783904194e+002	  6.2665932077923264e+002	
  2.7600000000000000e+003	 -5.5712723549333521e+002	  6.2393319389204942e+002	
  2.7900000000000000e+003	 -5.5990124423020040e+002	  6.2641396754166146e+002	
  2.8200000000000000e+003	 -5.5514027136110064e+002	  6.2212031483039334e+002	
  2.8500000000000000e+003	 -5.4881236825097176e+002	  6.2690871113425146e+002	
  2.8800000000000000e+003	 -5.5541004507030004e+002	  5.6391447591193787e+002	
  2.9100000000000000e+003	 -5.6424465429851841e+002	  5.2925437315067359e+002	
  2.9400000000000000e+003	 -5.6907340937860999e+002	  5.1480002480521216e+002	
  2.9700000000000000e+003	 -5.5466288274495412e+002	  4.1235119008031330e+002	
  3.0000000000000000e+003	 -4.6132563423262076e+002	  5.0072459417270539e+002	
  3.0300000000000000e+003	 -3.2182651810748814e+002	  7.3082940820054580e+002	
  3.0600000000000000e+003	 -2.3253345012257924e+002	  8.7980879266215663e+002	
  3.0900000000000000e+003	 -2.1832363926417727e+002	  8.9784216265258385e+002	
  3.1200000000000000e+003	 -3.4430408524182690e+002	  1.0408614441629500e+003	
  3.1500000000000000e+003	 -4.1187223800901535e+002	  1.0778048062681455e+003	
  3.1800000000000000e+003	 -5.5753043016079835e+002	  1.1434818934198911e+003	
  3.2100000000000000e+003	 -9.4663719194603527e+002	  1.3597710153933133e+003	
  3.2400000000000000e+003	 -1.1916609881266140e+003	  1.4328146768481276e+003	
  3.2700000000000000e+003	 -1.2129471637443835e+003	  1.5160602217855003e+003	
  3.3000000000000000e+003	 -1.1539929624554522e+003	  1.8249512608113887e+003	
  3.3300000000000000e+003	 -1.0032657408869777e+003	  2.1897513096664034e+003	
  3.3600000000000000e+003	 -9.7621589762243821e+002	  2.2842595285917619e+003	
  3.3900000000000000e+003	 -9.9862948344827555e+002	  2.3596212044984513e+003	
  3.4200000000000000e+003	 -1.0567332053939335e+003	  2.3939068729893424e+003	
  3.4500000000000000e+003	 -1.6216187713853806e+003	  2.5273204146243438e+003	
  3.4800000000000000e+003	 -2.1329666230363891e+003	  2.6264482925111547e+003	
  3.5100000000000000e+003	 -2.6911135592487644e+003	  2.5665349549786833e+003	
  3.5400000000000000e+003	 -2.9525077347490756e+003	  2.4847073743412034e+003	
  3.5700000000000000e+003	 -2.9292309299367735e+003	  2.4813279008048298e+003	
  3.6000000000000000e+003	 -3.1576071447613194e+003	  2.3612241712916266e+003	
  3.6300000000000000e+003	 -3.6334073593494322e+003	  2.1269313602944062e+003	
  3.6600000000000000e+003	 -3.8796933667298936e+003	  2.0156235357570577e+003	
  3.6900000000000000e+003	 -4.0140619787360879e+003	  1.7228131830056470e+003	
  3.7200000000000000e+003	 -4.2310628084823693e+003	  1.5746872303445023e+003	
  3.7500000000000000e+003	 -4.5408564789866068e+003	  1.5418950673962190e+003	
  3.7800000000000000e+003	 -5.0720614384174651e+003	  1.5617373393122589e+003	
  3.8100000000000000e+003	 -5.5862266504810750e+003	  1.6843995069094519e+003	
  3.8400000000000000e+003	 -6.0288369806058308e+003	  1.7762750743085867e+003	
  3.8700000000000000e+003	 -6.3450085033817468e+003	  1.8381005926141065e+003	
  3.9000000000000000e+003	 -6.3384433035401489e+003	  1.8320591108890128e+003	
  3.9300000000000000e+003	 -6.3393546807591283e+003	  1.8060857946478450e+003	
  3.9600000000000000e+003	 -6.3450564106926622e+003	  1.8145884864140778e+003	
  3.9900000000000000e+003	 -6.3469493079940594e+003	  1.8195873224448796e+003	
  4.0200000000000000e+003	 -6.3456246633799256e+003	  1.8219620881957753e+003	
  4.0500000000000000e+003	 -6.3457671630272744e+003	  1.8193993208364329e+003	
  4.0800000000000000e+003	 -6.3463561848411609e+003	  1.8153338260087580e+003	
  4.1100000000000000e+003	 -6.3469452066550475e+003	  1.8112683311810824e+003	
  4.1400000000000000e+003	 -6.3475342284689341e+003	  1.8072028363534073e+003	
  4.1700000000000000e+003	 -6.3464699912132201e+003	  1.8088160980404348e+003	
  4.2000000000000000e+003	 -6.3452876640239610e+003	  1.8108349851927978e+003	
  4.2300000000000000e+003	 -6.3441053368347038e+003	  1.8128538723451611e+003	
  4.2600000000000000e+003	 -6.3429230096454457e+003	  1.8148727594975244e+003	
  4.2900000000000000e+003	 -6.3417406824561886e+003	  1.8168916466498879e+003	
  4.3200000000000000e+003	 -6.3405583552669295e+003	  1.8189105338022514e+003	
  4.3500000000000000e+003	 -6.3393760280776723e+003	  1.8209294209546147e+003	
  4.3800000000000000e+003	 -6.3427469742074327e+003	  1.8185265957094177e+003	
  4.4100000000000000e+003	 -6.3396400812637976e+003	  1.8187047023213163e+003	
  4.4400000000000000e+003	 -6.3365331883201616e+003	  1.8188828089332146e+003	
  4.4700000000000000e+003	 -6.3366722766026387e+003	  1.8077332898956276e+003	
  4.5000000000000000e+003	 -6.3341283571672429e+003	  1.7983826533193578e+003	
  4.5300000000000000e+003	 -6.3381444373901641e+003	  1.7870950967286267e+003	
  4.5600000000000000e+003	 -6.3369883840455987e+003	  1.7963937844824657e+003	
  4.5900000000000000e+003	 -6.3377109174495445e+003	  1.8078965529200295e+003	
  4.6200000000000000e+003	 -6.3388452946649722e+003	  1.8127381052267749e+003	
  4.6500000000000000e+003	 -6.3402542344213880e+003	  1.8131388467796414e+003	
  4.6800000000000000e+003	 -6.3416631741778037e+003	  1.8135395883325079e+003	
  4.7100000000000000e+003	 -6.3411429502325573e+003	  1.8120078649048774e+003	
  4.7400000000000000e+003	 -6.3391674787635720e+003	  1.8107267054546328e+003	
  4.7700000000000000e+003	 -6.3397586423984749e+003	  1.8131554411202237e+003	
  4.8000000000000000e+003	 -6.3426331754149205e+003	  1.8084679824429591e+003	
  4.8300000000000000e+003	 -6.3366587284187053e+003	  1.8054123309127531e+003	
  4.8600000000000000e+003	 -6.3347801417901837e+003	  1.8167499735142205e+003	
  4.8900000000000000e+003	 -6.3350691551310101e+003	  1.8170505292007606e+003	
  4.9200000000000000e+003	 -6.3346627304806007e+003	  1.8180523830835045e+003	
  4.9500000000000000e+003	 -6.3344053282485011e+003	  1.8175931999942100e+003	
  4.9800000000000000e+003	 -6.3354891277811776e+003	  1.8039846841565668e+003	
  5.0100000000000000e+003	 -6.3348704591125515e+003	  1.7955440658343964e+003	
  5.0400000000000000e+003	 -6.3360310276534065e+003	  1.7952024969472482e+003	
  5.0700000000000000e+003	 -6.3371148277821121e+003	  1.7948509691204765e+003	
  5.1000000000000000e+003	 -6.3381986279108169e+003	  1.7944994412937049e+003	
  5.1300000000000000e+003	 -6.3386387164483804e+003	  1.7924605810918092e+003	
  5.1600000000000000e+003	 -6.3373085981103022e+003	  1.7857815568583208e+003	
  5.1900000000000000e+003	 -6.3366487934848619e+003	  1.7871485299438762e+003	
  5.2200000000000000e+003	 -6.3355812503602328e+003	  1.7917436979642689e+003	
  5.2500000000000000e+003	 -6.3336575055123049e+003	  1.7914765367400018e+003	
  5.2800000000000000e+003	 -6.3317337606643760e+003	  1.7912093755157350e+003	
  5.3100000000000000e+003	 -6.3294270732674586e+003	  1.7894817340469710e+003	
  5.3400000000000000e+003	 -6.3260672938608168e+003	  1.7837377719058381e+003	
  5.3700000000000000e+003	 -6.3248136989314899e+003	  1.7813288706547701e+003	
  5.4000000000000000e+003	 -6.3400952771129787e+003	  1.7739819438227928e+003	
  5.4300000000000000e+003	 -6.3371870809225675e+003	  1.7696851069838303e+003	
  5.4600000000000000e+003	 -6.3362875269607230e+003	  1.7748769335615132e+003	
  5.4900000000000000e+003	 -6.3326170587822135e+003	  1.7705088520619543e+003	
  5.5200000000000000e+003	 -6.3229893025448700e+003	  1.7614253754197250e+003	
  5.5500000000000000e+003	 -6.3234454011299467e+003	  1.7307074217133654e+003	
  5.5800000000000000e+003	 -6.3264800408550500e+003	  1.7404643654104373e+003	
  5.6100000000000000e+003	 -6.3262985049609088e+003	  1.7651166533954106e+003	
  5.6400000000000000e+003	 -6.3373376085818563e+003	  1.7920672618186820e+003	
  5.6700000000000000e+003	 -6.3359045847494617e+003	  1.7784791556407192e+003	
  5.7000000000000000e+003	 -6.3382889441706066e+003	  1.7772101409439513e+003	
  5.7300000000000000e+003	 -6.3391776602289792e+003	  1.7854030801254867e+003	
  5.7600000000000000e+003	 -6.3393546809452573e+003	  1.7913375180609705e+003	
  5.7900000000000000e+003	 -6.3400410876067808e+003	  1.7902342407593380e+003	
  5.8200000000000000e+003	 -6.3390114776042719e+003	  1.7876294193498800e+003	
  5.8500000000000000e+003	 -6.3364681606341201e+003	  1.7751797154132003e+003	
  5.8800000000000000e+003	 -6.3370064473047605e+003	  1.7715385341001995e+003	
  5.9100000000000000e+003	 -6.3358022251600314e+003	  1.7737889933599538e+003	
  5.9400000000000000e+003	 -6.3448252892432229e+003	  1.8453998149382289e+003	
  5.9700000000000000e+003	 -6.3470741742701284e+003	  1.8376521460044264e+003	
  6.0000000000000000e+003	 -6.3488934100978877e+003	  1.8248665832495392e+003	
  6.0300000000000000e+003	 -6.3475324435640241e+003	  1.8202746797807936e+003	
  6.0600000000000000e+003	 -6.3453155799867864e+003	  1.8189317884997208e+003	
  6.0900000000000000e+003	 -6.3524957544453664e+003	  1.8106609274985290e+003	
  6.1200000000000000e+003	 -6.3515654924130358e+003	  1.8104271628093841e+003	
  6.1500000000000000e+003	 -6.3480551859044926e+003	  1.8132026707073408e+003	
  6.1800000000000000e+003	 -6.3492293022773938e+003	  1.8129800352971192e+003	
  6.2100000000000000e+003	 -6.3506261995313580e+003	  1.8110060116797738e+003	
  6.2400000000000000e+003	 -6.3484508578677060e+003	  1.8097465367955804e+003	
  6.2700000000000000e+003	 -6.3441034349821603e+003	  1.8121519882059115e+003	
  6.3000000000000000e+003	 -6.3434474510123136e+003	  1.8134526419104900e+003	
  6.3300000000000000e+003	 -6.3427914670424661e+003	  1.8147532956150687e+003	
  6.3600000000000000e+003	 -6.3431931386406477e+003	  1.8165885640848014e+003	
  6.3900000000000000e+003	 -6.3416487238047666e+003	  1.8215811383667324e+003	
  6.4200000000000000e+003	 -6.3394209128290349e+003	  1.8211803972251128e+003	
  6.4500000000000000e+003	 -6.3404685859204801e+003	  1.8178408823785030e+003	
  6.4800000000000000e+003	 -6.3430125050354573e+003	  1.8174790997726072e+003	
  6.5100000000000000e+003	 -6.3445027304203513e+003	  1.8193993205934894e+003	
  6.5400000000000000e+003	 -6.3441414637309126e+003	  1.8165050750782766e+003	
  6.5700000000000000e+003	 -6.3396356660132915e+003	  1.8193003734162187e+003	
  6.6000000000000000e+003	 -6.3396958769715366e+003	  1.8086881414513273e+003	
  6.6300000000000000e+003	 -6.3399739950313851e+003	  1.8096670236744881e+003	
  6.6600000000000000e+003	 -6.3368483934632795e+003	  1.8138891220361488e+003	
  6.6900000000000000e+003	 -6.3382708809169671e+003	  1.8137221461088616e+003	
  6.7200000000000000e+003	 -6.3445801446236119e+003	  1.8062161967984198e+003	
  6.7500000000000000e+003	 -6.3495303575154048e+003	  1.7975440626457232e+003	
  6.7800000000000000e+003	 -6.3447736801846713e+003	  1.8121637094460457e+003	
  6.8100000000000000e+003	 -6.3393998387108040e+003	  1.8129058230655692e+003	
  6.8400000000000000e+003	 -6.3367716239329447e+003	  1.8191321605548783e+003	
  6.8700000000000000e+003	 -6.3394614182180785e+003	  1.8156752594890088e+003	
  6.9000000000000000e+003	 -6.3395106819673047e+003	  1.8071746828113514e+003	
  6.9300000000000000e+003	 -6.3394337075144886e+003	  1.8030913680059468e+003	
  6.9600000000000000e+003	 -6.3385160256764802e+003	  1.8031867791259017e+003	
  6.9900000000000000e+003	 -6.3340259979227258e+003	  1.8020895105113855e+003	
  7.0200000000000000e+003	 -6.3295359701689695e+003	  1.8009922418968697e+003	
  7.0500000000000000e+003	 -6.3428318721635760e+003	  1.8029227029029664e+003	
  7.0800000000000000e+003	 -6.3496056215696426e+003	  1.8135990249478455e+003	
  7.1100000000000000e+003	 -6.3563793709757101e+003	  1.8242753469927252e+003	
  7.1400000000000000e+003	 -6.3464167485640883e+003	  1.8161325917639249e+003	
  7.1700000000000000e+003	 -6.3462413258683519e+003	  1.8202342006024883e+003	
  7.2000000000000000e+003	 -6.3361213443781062e+003	  1.8359633052639401e+003	
  7.2300000000000000e+003	 -6.3348388481136844e+003	  1.8379336182224167e+003	
  7.2600000000000000e+003	 -6.3402578473902313e+003	  1.8277481018440051e+003	
  7.2900000000000000e+003	 -6.3422964232831691e+003	  1.8346974690261463e+003	
  7.3200000000000000e+003	 -6.3434038776598081e+003	  1.8248909656934359e+003	
  7.3500000000000000e+003	 -6.3458273743148839e+003	  1.8080078704401826e+003	
  7.3800000000000000e+003	 -6.3435092469480287e+003	  1.8269688816544981e+003	
  7.4100000000000000e+003	 -6.3449181866670060e+003	  1.8268353025643823e+003	
  7.4400000000000000e+003	 -6.3466201537741836e+003	  1.8275625750540310e+003	
  7.4700000000000000e+003	 -6.3489081756577598e+003	  1.8300115507032078e+003	
  7.5000000000000000e+003	 -6.3530828129889223e+003	  1.8239633249007609e+003	
  7.5300000000000000e+003	 -6.3518699884195994e+003	  1.8175864414938976e+003	
  7.5600000000000000e+003	 -6.3500120461889564e+003	  1.8171729785521986e+003	
  7.5900000000000000e+003	 -6.3460832721396382e+003	  1.8182583191578440e+003	
  7.6200000000000000e+003	 -6.3442016747459829e+003	  1.8269317768608012e+003	
  7.6500000000000000e+003	 -6.3454962133207682e+003	  1.8228223216596696e+003	
  7.6800000000000000e+003	 -6.3516377457357476e+003	  1.8160250212569285e+003	
  7.7100000000000000e+003	 -6.3431066491128622e+003	  1.8167711051914675e+003	
  7.7400000000000000e+003	 -6.3425555644709457e+003	  1.8192049897495244e+003	
  7.7700000000000000e+003	 -6.3431479804521396e+003	  1.8348899745639271e+003	
  7.8000000000000000e+003	 -6.3433737718023021e+003	  1.8514029865556272e+003	
  7.8300000000000000e+003	 -6.3467606464911751e+003	  1.8311432759186689e+003	
  7.8600000000000000e+003	 -6.3500507533999989e+003	  1.8119251732085077e+003	
  7.8900000000000000e+003	 -6.3515474292086419e+003	  1.8029986020140084e+003	
  7.9200000000000000e+003	 -6.3478896051581214e+003	  1.8033696587803965e+003	
  7.9500000000000000e+003	 -6.3453155800532513e+003	  1.8246980151831292e+003	
  7.9800000000000000e+003	 -6.3499050041122109e+003	  1.8169750798462746e+003	
  8.0100000000000000e+003	 -6.3459219920334126e+003	  1.8045861969498317e+003	
  8.0400000000000000e+003	 -6.2505605045909924e+003	  1.8075679039512922e+003	
  8.0700000000000000e+003	 -5.7317945248922097e+003	  1.7027390010668689e+003	
  8.1000000000000000e+003	 -5.1193030723396623e+003	  1.5605648010678863e+003	
  8.1300000000000000e+003	 -4.5250397735043816e+003	  1.4502718197967811e+003	
  8.1600000000000000e+003	 -4.1295318291809790e+003	  1.4730918239025734e+003	
  8.1900000000000000e+003	 -3.6762550893607699e+003	  1.5634534785154474e+003	
  8.2200000000000000e+003	 -3.2852968421166793e+003	  1.5746464136218831e+003	
  8.2500000000000000e+003	 -2.8165533684741986e+003	  1.4416261916388423e+003	
  8.2800000000000000e+003	 -2.7084623875590837e+003	  1.3995112246398271e+003	
  8.3100000000000000e+003	 -2.2037548180231543e+003	  1.2508361030742872e+003	
  8.3400000000000000e+003	 -1.8478891038096292e+003	  1.3116375052290625e+003	
  8.3700000000000000e+003	 -1.8506166676141249e+003	  1.3161347151243108e+003	
  8.4000000000000000e+003	 -1.8504661400958769e+003	  1.3129065175300686e+003	
  8.4300000000000000e+003	 -1.8454686181995169e+003	  1.3155781277935778e+003	
  8.4600000000000000e+003	 -1.8481781198522008e+003	  1.3065614384508021e+003	
  8.4900000000000000e+003	 -1.8531455357500070e+003	  1.3107914935419715e+003	
  8.5200000000000000e+003	 -1.7973749948779719e+003	  1.4489916717290894e+003	
  8.5500000000000000e+003	 -1.7227884845374440e+003	  1.4738339374023426e+003	
  8.5800000000000000e+003	 -1.7210303206070816e+003	  1.4766062638944256e+003	
  8.6100000000000000e+003	 -1.7215722203151693e+003	  1.4763677258489488e+003	
  8.6400000000000000e+003	 -1.7221141200232573e+003	  1.4761291878034717e+003	
  8.6700000000000000e+003	 -1.7185601598842816e+003	  1.4762031363944325e+003	
  8.7000000000000000e+003	 -1.7203077882432988e+003	  1.4750510005624521e+003	
  8.7300000000000000e+003	 -1.7210960067380770e+003	  1.4837337369621514e+003	
  8.7600000000000000e+003	 -1.7198648767078200e+003	  1.4840917360841718e+003	
  8.7900000000000000e+003	 -1.7206668878614091e+003	  1.4834772651378705e+003	
  8.8200000000000000e+003	 -1.7214688990149987e+003	  1.4828627941915693e+003	
  8.8500000000000000e+003	 -1.7222709101685882e+003	  1.4822483232452682e+003	
  8.8800000000000000e+003	 -1.7230729213221773e+003	  1.4816338522989668e+003	
  8.9100000000000000e+003	 -1.7229209479524964e+003	  1.4842161128419941e+003	
  8.9400000000000000e+003	 -1.7239686232274569e+003	  1.4675185517170501e+003	
  8.9700000000000000e+003	 -1.7244322480007609e+003	  1.4825092506197266e+003	
  9.0000000000000000e+003	 -1.7211206379008127e+003	  1.4683051867298268e+003	
  9.0300000000000000e+003	 -1.7244804163524523e+003	  1.4751326347402226e+003	
  9.0600000000000000e+003	 -1.7205305681334785e+003	  1.4728320833934520e+003	
  9.0900000000000000e+003	 -1.7192565013552155e+003	  1.4736283721801351e+003	
  9.1200000000000000e+003	 -1.7210989611103932e+003	  1.4785040601262579e+003	
  9.1500000000000000e+003	 -1.7218296244195685e+003	  1.4749229908987481e+003	
  9.1800000000000000e+003	 -1.7214638420356403e+003	  1.4742049959536678e+003	
  9.2100000000000000e+003	 -1.7214638420356403e+003	  1.4742049959536678e+003	
  9.2400000000000000e+003	 -1.7214638420356403e+003	  1.4742049959536678e+003	
  9.2700000000000000e+003	 -1.7214638420356403e+003	  1.4742049959536678e+003	
  9.3000000000000000e+003	 -1.7214638420356403e+003	  1.4742049959536678e+003	
  9.3300000000000000e+003	 -1.7214638420356403e+003	  1.4742049959536678e+003	
  9.3600000000000000e+003	 -1.7214638420356403e+003	  1.4742049959536678e+003	
  9.3900000000000000e+003	 -1.7214638420356403e+003	  1.4742049959536678e+003	
  9.4200000000000000e+003	 -1.7214638420356403e+003	  1.4742049959536678e+003	
  9.4500000000000000e+003	 -1.7214638420356403e+003	  1.4742049959536678e+003	
  9.4800000000000000e+003	 -1.7214638420356403e+003	  1.4742049959536678e+003	
  9.5100000000000000e+003	 -1.7146900894844489e+003	  1.4765426582989394e+003	
  9.5400000000000000e+003	 -1.7200118264195871e+003	  1.4805757551889687e+003	
  9.5700000000000000e+003	 -1.7174690650869384e+003	  1.4752839143654367e+003	
  9.6000000000000000e+003	 -1.7151517097633118e+003	  1.4720776026624592e+003	
  9.6300000000000000e+003	 -1.7132851664577281e+003	  1.4730423492005891e+003	
  9.6600000000000000e+003	 -1.7187543398584176e+003	  1.4770992382776717e+003	
  9.6900000000000000e+003	 -1.7166168463390204e+003	  1.4781381981624213e+003	
  9.7200000000000000e+003	 -1.7195671888164848e+003	  1.4793626877675451e+003	
  9.7500000000000000e+003	 -1.7216986634205457e+003	  1.4803719646475056e+003	
  9.7800000000000000e+003	 -1.7233379102909307e+003	  1.4757912673292924e+003	
  9.8100000000000000e+003	 -1.7245571852608925e+003	  1.4798543396371294e+003	
  9.8400000000000000e+003	 -1.7334759578033625e+003	  1.4754294837187108e+003	
  9.8700000000000000e+003	 -1.7345396874650048e+003	  1.4746750014736695e+003	
  9.9000000000000000e+003	 -1.7290002635211422e+003	  1.4734876205601488e+003	
  9.9300000000000000e+003	 -1.7267925225841814e+003	  1.4755726069658322e+003	
  9.9600000000000000e+003	 -1.7233040428922025e+003	  1.4767235443464324e+003	
  9.9900000000000000e+003	 -1.7182549448114173e+003	  1.4758812979185664e+003	
  1.0020000000000000e+004	 -1.7201356560789450e+003	  1.4779242958717989e+003	
  1.0050000000000000e+004	 -1.7220163673464722e+003	  1.4799672938250312e+003	
  1.0080000000000000e+004	 -1.7247252766956019e+003	  1.4743410511123070e+003	
  1.0110000000000000e+004	 -1.7252345623387075e+003	  1.4728970199796879e+003	
  1.0140000000000000e+004	 -1.7243416589384576e+003	  1.4785514226332575e+003	
  1.0170000000000000e+004	 -1.7234487555382073e+003	  1.4842058252868267e+003	
  1.0200000000000000e+004	 -1.7232701748581571e+003	  1.4853367058175406e+003	
  1.0230000000000000e+004	 -1.7232701748581571e+003	  1.4853367058175406e+003	
  1.0260000000000000e+004	 -1.7232701748581571e+003	  1.4853367058175406e+003	
  1.0290000000000000e+004	 -1.7232701748581571e+003	  1.4853367058175406e+003	
  1.0320000000000000e+004	 -1.7232701748581571e+003	  1.4853367058175406e+003	
  1.0350000000000000e+004	 -1.7232701748581571e+003	  1.4853367058175406e+003	
  1.0380000000000000e+004	 -1.7232701748581571e+003	  1.4853367058175406e+003	
  1.0410000000000000e+004	 -1.7232701748581571e+003	  1.4853367058175406e+003	
  1.0440000000000000e+004	 -1.7232701748581571e+003	  1.4853367058175406e+003	
  1.0470000000000000e+004	 -1.7232701748581571e+003	  1.4853367058175406e+003	
  1.0500000000000000e+004	 -1.7232701748581571e+003	  1.4853367058175406e+003	
  1.0530000000000000e+004	 -1.7232701748581571e+003	  1.4853367058175406e+003	
  1.0560000000000000e+004	 -1.7217089867931052e+003	  1.4808553938491489e+003	
  1.0590000000000000e+004	 -1.7209348437551660e+003	  1.4789948078510185e+003	
  1.0620000000000000e+004	 -1.7236540203709917e+003	  1.4792977503664827e+003	
  1.0650000000000000e+004	 -1.7220960578483136e+003	  1.4783396281735370e+003	
  1.0680000000000000e+004	 -1.7190739232303820e+003	  1.4766882202146219e+003	
  1.0710000000000000e+004	 -1.7160517886124499e+003	  1.4750368122557072e+003	
  1.0740000000000000e+004	 -1.7130296539945182e+003	  1.4733854042967921e+003	
  1.0770000000000000e+004	 -1.7100075193765863e+003	  1.4717339963378772e+003	
  1.0800000000000000e+004	 -1.7069853847586546e+003	  1.4700825883789621e+003	
  1.0830000000000000e+004	 -1.7070884398715455e+003	  1.4713293027617426e+003	
  1.0860000000000000e+004	 -1.7119986547783462e+003	  1.4730027694605628e+003	
  1.0890000000000000e+004	 -1.7132908768806014e+003	  1.4717697192010066e+003	
  1.0920000000000000e+004	 -1.7143660127467942e+003	  1.4665175654914424e+003	
  1.0950000000000000e+004	 -1.7142029283991221e+003	  1.4648374888874766e+003	
  1.0980000000000000e+004	 -1.7137650298808662e+003	  1.4694251029662773e+003	
  1.1010000000000000e+004	 -1.7133271313626108e+003	  1.4740127170450778e+003	
  1.1040000000000000e+004	 -1.7130282654930320e+003	  1.4767986807708896e+003	
  1.1070000000000000e+004	 -1.7129379485964689e+003	  1.4768821689672179e+003	
  1.1100000000000000e+004	 -1.7128476316999061e+003	  1.4769656571635462e+003	
  1.1130000000000000e+004	 -1.7127573148033430e+003	  1.4770491453598747e+003	
  1.1160000000000000e+004	 -1.7126834191518249e+003	  1.4752776862244496e+003	
  1.1190000000000000e+004	 -1.7126341553678742e+003	  1.4707238060913944e+003	
  1.1220000000000000e+004	 -1.7134239537618503e+003	  1.4722138906812365e+003	
  1.1250000000000000e+004	 -1.7148553879389463e+003	  1.4783258306474122e+003	
  1.1280000000000000e+004	 -1.7279264000977453e+003	  1.4734257785796742e+003	
  1.1310000000000000e+004	 -1.7255924740583953e+003	  1.4734257785796747e+003	
  1.1340000000000000e+004	 -1.7232585480190457e+003	  1.4734257785796747e+003	
  1.1370000000000000e+004	 -1.7209246219796962e+003	  1.4734257785796742e+003	
  1.1400000000000000e+004	 -1.7370660438595671e+003	  1.4760788330703053e+003	
  1.1430000000000000e+004	 -1.8280676071764328e+003	  1.3720901087263685e+003	
  1.1460000000000000e+004	 -1.8255240550624571e+003	  1.3407547959955737e+003	
  1.1490000000000000e+004	 -1.8246429172300054e+003	  1.3363292625279282e+003	
  1.1520000000000000e+004	 -1.8237617793975533e+003	  1.3319037290602832e+003	
  1.1550000000000000e+004	 -1.8228806415651018e+003	  1.3274781955926380e+003	
  1.1580000000000000e+004	 -1.6551605731201980e+003	  1.3293903553704274e+003	
  1.1610000000000000e+004	 -1.3197533873038935e+003	  1.3965056579931729e+003	
  1.1640000000000000e+004	 -1.2817019761306281e+003	  1.3879218741144630e+003	
  1.1670000000000000e+004	 -1.0295865993691054e+003	  1.3767230249843794e+003	
  1.1700000000000000e+004	 -8.7395034816161842e+002	  1.2980902096864093e+003	
  1.1730000000000000e+004	 -5.6582930628935640e+002	  1.1332306024511374e+003	
  1.1760000000000000e+004	 -2.2532618342644966e+002	  9.2152302145619717e+002	
  1.1790000000000000e+004	 -3.9665388421508715e+002	  5.9424331966277282e+002	
  1.1820000000000000e+004	 -4.8558705324097843e+002	  5.9329207526180448e+002	
  1.1850000000000000e+004	 -4.9673979478920126e+002	  6.1747149537961093e+002	
  1.1880000000000000e+004	 -5.0288703946024305e+002	  6.1781492503002016e+002	
  1.1910000000000000e+004	 -5.0067197369988480e+002	  6.1927748631512713e+002	
  1.1940000000000000e+004	 -4.9845690793952667e+002	  6.2074004760023388e+002	
  1.1970000000000000e+004	 -4.9624184217916849e+002	  6.2220260888534074e+002	
  1.2000000000000000e+004	 -4.9402677641881024e+002	  6.2366517017044760e+002	
  1.2030000000000000e+004	 -5.0339311984130080e+002	  6.3040283989635907e+002	
  1.2060000000000000e+004	 -5.0443731103350461e+002	  6.4472270446441985e+002	
  1.2090000000000000e+004	 -5.0544675461003715e+002	  6.5790080344727437e+002	
  1.2120000000000000e+004	 -5.3119184348549118e+002	  7.0348714186622510e+002	
  1.2150000000000000e+004	 -4.9132079308588499e+002	  6.2478131896697732e+002	
  1.2180000000000000e+004	 -5.5222432779359099e+002	  5.5608939174782563e+002	
  1.2210000000000000e+004	 -5.2095670111445747e+002	  5.0505606796386456e+002	
  1.2240000000000000e+004	 -5.1311352835713956e+002	  5.0365620190716379e+002	
  1.2270000000000000e+004	 -5.1521477260241340e+002	  4.9943069508101763e+002	
  1.2300000000000000e+004	 -5.1345138810063168e+002	  4.9410246789130554e+002	
  1.2330000000000000e+004	 -5.1504998936842674e+002	  4.9804309383090032e+002	
  1.2360000000000000e+004	 -5.1855879266212662e+002	  4.9717482479536955e+002	
  1.2390000000000000e+004	 -5.0794201159715283e+002	  5.1093532733709822e+002	
  1.2420000000000000e+004	 -5.0574409552982036e+002	  5.1042155412652863e+002	
  1.2450000000000000e+004	 -5.0354617946248783e+002	  5.0990778091595911e+002	
  1.2480000000000000e+004	 -5.0134826339515524e+002	  5.0939400770538953e+002	
  1.2510000000000000e+004	 -4.9915034732782277e+002	  5.0888023449482012e+002	
  1.2540000000000000e+004	 -4.9695052824051476e+002	  5.1637701973000674e+002	
  1.2570000000000000e+004	 -4.9883389958635865e+002	  5.1929744391032409e+002	
  1.2600000000000000e+004	 -5.1110173211477485e+002	  5.0340271250207297e+002	
  1.2630000000000000e+004	 -5.0539752000148127e+002	  5.0445730177170918e+002	
  1.2660000000000000e+004	 -5.0424360184484340e+002	  5.0175737992364094e+002	
  1.2690000000000000e+004	 -5.0239963217099080e+002	  5.0385383559640286e+002	
  1.2720000000000000e+004	 -5.1071880774606348e+002	  5.0792310227225761e+002	
  1.2750000000000000e+004	 -5.1522460046291189e+002	  5.0903626866382587e+002	
  1.2780000000000000e+004	 -5.1064426191119901e+002	  5.1718537929947036e+002	
  1.2810000000000000e+004	 -5.1031739694845481e+002	  5.1105520512465034e+002	
  1.2840000000000000e+004	 -5.2083025559260977e+002	  4.8853660820460493e+002	
  1.2870000000000000e+004	 -5.1882738426784454e+002	  4.9150594998721891e+002	
  1.2900000000000000e+004	 -5.1413630951223763e+002	  5.0182355255700151e+002	
  1.2930000000000000e+004	 -5.1037761015412633e+002	  5.0986496918720968e+002	
  1.2960000000000000e+004	 -5.1627829620726141e+002	  5.1053287826029612e+002	
  1.2990000000000000e+004	 -5.4463773023067608e+002	  5.1642095144021675e+002	
  1.3020000000000000e+004	 -5.2838073465430580e+002	  5.0271137532838367e+002	
  1.3050000000000000e+004	 -4.9962390336312149e+002	  5.0176108404427760e+002	
  1.3080000000000000e+004	 -4.9930247759331320e+002	  5.0143079956160426e+002	
  1.3110000000000000e+004	 -5.0438742858698902e+002	  5.0577674125875438e+002	
  1.3140000000000000e+004	 -5.0690041994361735e+002	  5.1407647145920657e+002	
  1.3170000000000000e+004	 -5.1316237340738792e+002	  5.0928056122278787e+002	
  1.3200000000000000e+004	 -5.0551771735141392e+002	  5.1244116764652483e+002	
  1.3230000000000000e+004	 -4.9844405947860065e+002	  5.0400859643823151e+002	
  1.3260000000000000e+004	 -5.0327269604770493e+002	  5.0072460058012734e+002	
  1.3290000000000000e+004	 -5.0742727107151711e+002	  5.0886311245647238e+002	
  1.3320000000000000e+004	 -5.0521184941286947e+002	  5.1010724768339412e+002	
  1.3350000000000000e+004	 -5.0658253507920659e+002	  5.0658439068821366e+002	
  1.3380000000000000e+004	 -5.1152339138930222e+002	  4.9911959314602888e+002	
  1.3410000000000000e+004	 -5.1137862238681464e+002	  5.1980000987270569e+002	
  1.3440000000000000e+004	 -5.0219250984140365e+002	  5.1635697509026829e+002	
  1.3470000000000000e+004	 -5.0509709426561096e+002	  5.1748796871835555e+002	
  1.3500000000000000e+004	 -5.0986582123876690e+002	  5.1309317615543262e+002	
  1.3530000000000000e+004	 -5.0916060727126330e+002	  5.0975365902966087e+002	
  1.3560000000000000e+004	 -5.0845539330375971e+002	  5.0641414190388923e+002	
  1.3590000000000000e+004	 -5.0802530986899239e+002	  5.0849606338156269e+002	
  1.3620000000000000e+004	 -5.0828025921127585e+002	  5.0578333648837349e+002	
  1.3650000000000000e+004	 -5.0738558515409238e+002	  5.0165319253947439e+002	
  1.3680000000000000e+004	 -5.0966712117233800e+002	  5.0425458131836223e+002	
  1.3710000000000000e+004	 -5.0833043979768956e+002	  5.0648834167648550e+002	
  1.3740000000000000e+004	 -5.0833666827878739e+002	  5.0787276978967265e+002	
  1.3770000000000000e+004	 -5.0824323572333503e+002	  5.0936979607187584e+002	
  1.3800000000000000e+004	 -5.0814980316788274e+002	  5.1086682235407909e+002	
  1.3830000000000000e+004	 -5.0810198669177890e+002	  5.1214369791655167e+002	
  1.3860000000000000e+004	 -5.0598972731511520e+002	  5.0584827309299590e+002	
  1.3890000000000000e+004	 -5.1586541391108904e+002	  5.0191905060936404e+002	
  1.3920000000000000e+004	 -5.1344837245072745e+002	  5.0428426892534168e+002	
  1.3950000000000000e+004	 -5.1390748713428775e+002	  5.0619150907553183e+002	
  1.3980000000000000e+004	 -5.0805948503094555e+002	  5.1554213096387514e+002	
  1.4010000000000000e+004	 -5.0799668252615072e+002	  5.0314332497042233e+002	
  1.4040000000000000e+004	 -5.0861055354167769e+002	  5.0202145754346242e+002	
  1.4070000000000000e+004	 -5.0922442455720460e+002	  5.0089959011650251e+002	
  1.4100000000000000e+004	 -5.0983829557273157e+002	  4.9977772268954254e+002	
  1.4130000000000000e+004	 -5.1132266175480430e+002	  5.0074180106330942e+002	
  1.4160000000000000e+004	 -5.1243983692489212e+002	  5.0425274020171020e+002	
  1.4190000000000000e+004	 -5.1121864797403981e+002	  5.1031261217311300e+002	
  1.4220000000000000e+004	 -5.1323636101486227e+002	  5.1784427325140689e+002	
  1.4250000000000000e+004	 -5.1654924729208653e+002	  5.3335287897863930e+002	
  1.4280000000000000e+004	 -5.1295270882588215e+002	  5.2928582526196237e+002	
  1.4310000000000000e+004	 -5.1225275616467013e+002	  5.2069453518671116e+002	
  1.4340000000000000e+004	 -5.1627829620726141e+002	  5.3891872396121664e+002	
  1.4370000000000000e+004	 -5.0696873628021280e+002	  5.2806959418021688e+002	
  1.4400000000000000e+004	 -5.1366732417479182e+002	  5.2850553009006740e+002	
  1.4430000000000000e+004	 -5.1271580553053002e+002	  5.1613583813029652e+002	
  1.4460000000000000e+004	 -5.0992602671274540e+002	  5.1385753192481832e+002	
  1.4490000000000000e+004	 -5.0652111304657780e+002	  5.0827983614801485e+002	
  1.4520000000000000e+004	 -5.0840208581214375e+002	  5.0839023538736365e+002	
  1.4550000000000000e+004	 -5.1028305857770977e+002	  5.0850063462671244e+002	
  1.4580000000000000e+004	 -5.1216403134327584e+002	  5.0861103386606129e+002	
  1.4610000000000000e+004	 -5.0961570461808236e+002	  5.0960808420294507e+002	
  1.4640000000000000e+004	 -5.0733694807633373e+002	  5.1125271723069477e+002	
  1.4670000000000000e+004	 -5.0914328012586259e+002	  5.0650318669308552e+002	
  1.4700000000000000e+004	 -5.0847822140576881e+002	  5.0366157130116795e+002	
  1.4730000000000000e+004	 -5.0914327819105637e+002	  5.0852916718101892e+002	
  1.4760000000000000e+004	 -5.0980560083803368e+002	  5.1216552846105935e+002	
  1.4790000000000000e+004	 -5.0941422923173121e+002	  5.0954113935507826e+002	
  1.4820000000000000e+004	 -5.0902715707603102e+002	  5.0589802584592604e+002	
  1.4850000000000000e+004	 -5.0788888107113974e+002	  5.0199855217037396e+002	
  1.4880000000000000e+004	 -5.0249597842270686e+002	  5.0300782812755642e+002	
  1.4910000000000000e+004	 -5.0404386189804302e+002	  5.0397371510743113e+002	
  1.4940000000000000e+004	 -5.0462744627078581e+002	  4.9764394073683991e+002	
  1.4970000000000000e+004	 -5.0160655836125272e+002	  4.9534889633762907e+002	
  1.5000000000000000e+004	 -5.0286020585340503e+002	  5.0108089453038679e+002	
  1.5030000000000000e+004	 -5.0387795196825084e+002	  5.0624799996036541e+002	
  1.5060000000000000e+004	 -5.0371619119656378e+002	  5.0859064157644775e+002	
  1.5090000000000000e+004	 -5.0355443042487667e+002	  5.1093328319253021e+002	
  1.5120000000000000e+004	 -4.9708823357916600e+002	  5.0597068569372351e+002	
  1.5150000000000000e+004	 -4.9988656794348543e+002	  5.0159099784294483e+002	
  1.5180000000000000e+004	 -5.0268490230780492e+002	  4.9721130999216615e+002	
  1.5210000000000000e+004	 -5.0548323667212429e+002	  4.9283162214138747e+002	
  1.5240000000000000e+004	 -5.0567459898773137e+002	  4.9512593620296155e+002	
  1.5270000000000000e+004	 -5.0288656467623872e+002	  5.0504768102151053e+002	
  1.5300000000000000e+004	 -5.0158679006016632e+002	  5.1168315208708299e+002	
  1.5330000000000000e+004	 -5.0535901150403095e+002	  5.0079262058796337e+002	
  1.5360000000000000e+004	 -5.1158747142839252e+002	  5.0631673895487245e+002	
  1.5390000000000000e+004	 -5.1287310908885149e+002	  4.9808039560629095e+002	
  1.5420000000000000e+004	 -5.0562337104570167e+002	  4.8400029222655064e+002	
  1.5450000000000000e+004	 -5.0579419155799843e+002	  4.8494357253128214e+002	
  1.5480000000000000e+004	 -5.0678951857645592e+002	  4.8755611768984380e+002	
  1.5510000000000000e+004	 -5.0778484559491324e+002	  4.9016866284840552e+002	
  1.5540000000000000e+004	 -5.0878017261337072e+002	  4.9278120800696723e+002	
  1.5570000000000000e+004	 -5.0977549963182815e+002	  4.9539375316552889e+002	
  1.5600000000000000e+004	 -5.0624620097242740e+002	  4.9976079704935688e+002	
