  0.0000000000000000e+000	 -1.5242122489116789e+003	  1.7710877009241433e+003	
  3.0000000000000000e+001	 -1.5189625935635627e+003	  1.7582514478678027e+003	
  6.0000000000000000e+001	 -1.5137129382154462e+003	  1.7454151948114622e+003	
  9.0000000000000000e+001	 -1.5127914517167362e+003	  1.7440859524527930e+003	
  1.2000000000000000e+002	 -1.5127222754572076e+003	  1.7444307329017661e+003	
  1.5000000000000000e+002	 -1.5141439050441677e+003	  1.7439481073081690e+003	
  1.8000000000000000e+002	 -1.5101385578598088e+003	  1.7446014909305015e+003	
  2.1000000000000000e+002	 -1.5135125481219375e+003	  1.7408059709300533e+003	
  2.4000000000000000e+002	 -1.5311376019317208e+003	  1.7332915680164372e+003	
  2.7000000000000000e+002	 -1.5283039867678804e+003	  1.7368359128178461e+003	
  3.0000000000000000e+002	 -1.5099422176002499e+003	  1.7445811342142081e+003	
  3.3000000000000000e+002	 -1.5143075230644197e+003	  1.7457197700013976e+003	
  3.6000000000000000e+002	 -1.5109244109612955e+003	  1.7476415360087158e+003	
  3.9000000000000000e+002	 -1.5070295040459871e+003	  1.7486851337718729e+003	
  4.2000000000000000e+002	 -1.5072633905184493e+003	  1.7471860281212141e+003	
  4.5000000000000000e+002	 -1.5076972030852880e+003	  1.7456119857644278e+003	
  4.8000000000000000e+002	 -1.5042135596569092e+003	  1.7468841793177733e+003	
  5.1000000000000000e+002	 -1.5037008592876211e+003	  1.7471017919442729e+003	
  5.4000000000000000e+002	 -1.5044614202293724e+003	  1.7468674413164099e+003	
  5.7000000000000000e+002	 -1.5069588062521771e+003	  1.7465139938233240e+003	
  6.0000000000000000e+002	 -1.5098903985452455e+003	  1.7461307721139324e+003	
  6.3000000000000000e+002	 -1.5108382180033052e+003	  1.7460007133341919e+003	
  6.6000000000000000e+002	 -1.5111822805115794e+003	  1.7459477041417367e+003	
  6.9000000000000000e+002	 -1.5113571772048563e+003	  1.7460784554186346e+003	
  7.2000000000000000e+002	 -1.5128187163770660e+003	  1.7448924735254939e+003	
  7.5000000000000000e+002	 -1.5149658682424913e+003	  1.7430021849299953e+003	
  7.8000000000000000e+002	 -1.5137174546875665e+003	  1.7447166800745460e+003	
  8.1000000000000000e+002	 -1.5139852170460786e+003	  1.7448692483921532e+003	
  8.4000000000000000e+002	 -1.5142825790904260e+003	  1.7448931943603534e+003	
  8.7000000000000000e+002	 -1.5138568016736083e+003	  1.7452748546436449e+003	
  9.0000000000000000e+002	 -1.5134310242567906e+003	  1.7456565149269361e+003	
  9.3000000000000000e+002	 -1.5135187583809720e+003	  1.7461526702551600e+003	
  9.6000000000000000e+002	 -1.5136854942806915e+003	  1.7466664402056811e+003	
  9.9000000000000000e+002	 -1.5147976400659288e+003	  1.7463842090834510e+003	
  1.0200000000000000e+003	 -1.5163149615163877e+003	  1.7457608346443278e+003	
  1.0500000000000000e+003	 -1.5175468817170852e+003	  1.7454291106460405e+003	
  1.0800000000000000e+003	 -1.5176371969187362e+003	  1.7462639884110956e+003	
  1.1100000000000000e+003	 -1.5172509185123467e+003	  1.7468548247606616e+003	
  1.1400000000000000e+003	 -1.5149582656737948e+003	  1.7464694954482686e+003	
  1.1700000000000000e+003	 -1.5126656128352427e+003	  1.7460841661358754e+003	
  1.2000000000000000e+003	 -1.5115937231626383e+003	  1.7458346204789709e+003	
  1.2300000000000000e+003	 -1.5113356756006656e+003	  1.7456755972590588e+003	
  1.2600000000000000e+003	 -1.5116037334745024e+003	  1.7456392686786478e+003	
  1.2900000000000000e+003	 -1.5123978967841490e+003	  1.7457256347377381e+003	
  1.3200000000000000e+003	 -1.5131920600937958e+003	  1.7458120007968280e+003	
  1.3500000000000000e+003	 -1.5139862234034426e+003	  1.7458983668559183e+003	
  1.3800000000000000e+003	 -1.5126517173983584e+003	  1.7465979358973475e+003	
  1.4100000000000000e+003	 -1.5102312313631867e+003	  1.7491025698933904e+003	
  1.4400000000000000e+003	 -1.5080636309544132e+003	  1.7541118403741546e+003	
  1.4700000000000000e+003	 -1.5077384909227007e+003	  1.7658836233531188e+003	
  1.5000000000000000e+003	 -1.5104945387960956e+003	  1.7625077177173382e+003	
  1.5300000000000000e+003	 -1.5133097374944939e+003	  1.7508438902739576e+003	
  1.5600000000000000e+003	 -1.5080835954709326e+003	  1.7602342819522523e+003	
  1.5900000000000000e+003	 -1.5152138571299056e+003	  1.7518855022087373e+003	
  1.6200000000000000e+003	 -1.5154749180473802e+003	  1.7497337021984499e+003	
  1.6500000000000000e+003	 -1.5154991099737688e+003	  1.7477955911444806e+003	
  1.6800000000000000e+003	 -1.5155233019001573e+003	  1.7458574800905112e+003	
  1.7100000000000000e+003	 -1.5159552213595935e+003	  1.7441018658546377e+003	
  1.7400000000000000e+003	 -1.5153741185322854e+003	  1.7449003521312768e+003	
  1.7700000000000000e+003	 -1.5129174764204929e+003	  1.7469664335932055e+003	
  1.8000000000000000e+003	 -1.5133223431098465e+003	  1.7462755017688098e+003	
  1.8300000000000000e+003	 -1.5137272097992004e+003	  1.7455845699444139e+003	
  1.8600000000000000e+003	 -1.5138129296560910e+003	  1.7456119877675653e+003	
  1.8900000000000000e+003	 -1.5136193960345754e+003	  1.7462679615323207e+003	
  1.9200000000000000e+003	 -1.5142523793034118e+003	  1.7458032867424954e+003	
  1.9500000000000000e+003	 -1.5152986210174236e+003	  1.7447782876753797e+003	
  1.9800000000000000e+003	 -1.5163448627314358e+003	  1.7437532886082645e+003	
  2.0100000000000000e+003	 -1.5167097796216710e+003	  1.7431593057930613e+003	
  2.0400000000000000e+003	 -1.5154849385897598e+003	  1.7435710275656529e+003	
  2.0700000000000000e+003	 -1.5142600975578491e+003	  1.7439827493382447e+003	
  2.1000000000000000e+003	 -1.5116569811733129e+003	  1.7437578068801504e+003	
  2.1300000000000000e+003	 -1.5116381648167874e+003	  1.7445694940231579e+003	
  2.1600000000000000e+003	 -1.5116193484602620e+003	  1.7453811811661658e+003	
  2.1900000000000000e+003	 -1.5116005321037364e+003	  1.7461928683091730e+003	
  2.2200000000000000e+003	 -1.5115817157472113e+003	  1.7470045554521805e+003	
  2.2500000000000000e+003	 -1.5122768177761195e+003	  1.7468100711208074e+003	
  2.2800000000000000e+003	 -1.5149351953649698e+003	  1.7438486152348873e+003	
  2.3100000000000000e+003	 -1.5168801793550779e+003	  1.7419630978466660e+003	
  2.3400000000000000e+003	 -1.5119969222954787e+003	  1.7458187156659208e+003	
  2.3700000000000000e+003	 -1.5107789746844553e+003	  1.7452654060659138e+003	
  2.4000000000000000e+003	 -1.5115360394772815e+003	  1.7429572160837643e+003	
  2.4300000000000000e+003	 -1.5081168709089818e+003	  1.7435689412564614e+003	
  2.4600000000000000e+003	 -1.5090067961902580e+003	  1.7437434498008558e+003	
  2.4900000000000000e+003	 -1.5086326239993025e+003	  1.7478947808874141e+003	
  2.5200000000000000e+003	 -1.5123672219112559e+003	  1.7472101813310060e+003	
  2.5500000000000000e+003	 -1.5092196837049607e+003	  1.7420339400909043e+003	
  2.5800000000000000e+003	 -1.5107189420785526e+003	  1.7486684367611933e+003	
  2.6100000000000000e+003	 -1.5113386513000810e+003	  1.7435409993712815e+003	
  2.6400000000000000e+003	 -1.5167993376663353e+003	  1.7442089014747382e+003	
  2.6700000000000000e+003	 -1.5344481369225161e+003	  1.7378409931757444e+003	
  2.7000000000000000e+003	 -1.5540167482747431e+003	  1.7298113190167664e+003	
  2.7300000000000000e+003	 -1.5808272516710454e+003	  1.7280525083659563e+003	
  2.7600000000000000e+003	 -1.5619646160596974e+003	  1.7262269100124952e+003	
  2.7900000000000000e+003	 -1.5602866825102717e+003	  1.7196323736826969e+003	
  2.8200000000000000e+003	 -1.5664401852362307e+003	  1.7162526252851414e+003	
  2.8500000000000000e+003	 -1.5725936879621897e+003	  1.7128728768875862e+003	
  2.8800000000000000e+003	 -1.5787471906881487e+003	  1.7094931284900308e+003	
  2.9100000000000000e+003	 -1.5849006934141080e+003	  1.7061133800924754e+003	
  2.9400000000000000e+003	 -1.5763742264449588e+003	  1.7148826826770724e+003	
  2.9700000000000000e+003	 -1.5314792692667806e+003	  1.7417342374804512e+003	
  3.0000000000000000e+003	 -1.5232007035387271e+003	  1.7303456427310534e+003	
  3.0300000000000000e+003	 -1.5221437063621695e+003	  1.7434379666520888e+003	
  3.0600000000000000e+003	 -1.5128184538759351e+003	  1.7477967352575142e+003	
  3.0900000000000000e+003	 -1.5089694639541781e+003	  1.7491929054646216e+003	
  3.1200000000000000e+003	 -1.5106351395022639e+003	  1.7480432362469633e+003	
  3.1500000000000000e+003	 -1.5123008150503495e+003	  1.7468935670293047e+003	
  3.1800000000000000e+003	 -1.5139664905984350e+003	  1.7457438978116463e+003	
  3.2100000000000000e+003	 -1.5156321661465211e+003	  1.7445942285939877e+003	
  3.2400000000000000e+003	 -1.5152007179531504e+003	  1.7447005822383821e+003	
  3.2700000000000000e+003	 -1.5147692697597797e+003	  1.7448069358827763e+003	
  3.3000000000000000e+003	 -1.5143378215664093e+003	  1.7449132895271705e+003	
  3.3300000000000000e+003	 -1.5139063733730386e+003	  1.7450196431715647e+003	
  3.3600000000000000e+003	 -1.5134749251796682e+003	  1.7451259968159591e+003	
  3.3900000000000000e+003	 -1.5128331127974516e+003	  1.7450647525517759e+003	
  3.4200000000000000e+003	 -1.5121272765316735e+003	  1.7449525002284604e+003	
  3.4500000000000000e+003	 -1.5114214402658952e+003	  1.7448402479051451e+003	
  3.4800000000000000e+003	 -1.5107156040001173e+003	  1.7447279955818301e+003	
  3.5100000000000000e+003	 -1.5098519029240890e+003	  1.7426901197007121e+003	
  3.5400000000000000e+003	 -1.5089487356454981e+003	  1.7401708379301438e+003	
  3.5700000000000000e+003	 -1.5071370887001885e+003	  1.7397617558943766e+003	
  3.6000000000000000e+003	 -1.5136296289575287e+003	  1.7371244694904135e+003	
  3.6300000000000000e+003	 -1.5120587702546738e+003	  1.7389073766488825e+003	
  3.6600000000000000e+003	 -1.5093840312367251e+003	  1.7430595123187200e+003	
  3.6900000000000000e+003	 -1.5090286865404412e+003	  1.7472202176783728e+003	
  3.7200000000000000e+003	 -1.5104272512873019e+003	  1.7511949216714609e+003	
  3.7500000000000000e+003	 -1.5115859810296977e+003	  1.7516739981473593e+003	
  3.7800000000000000e+003	 -1.5081368349245522e+003	  1.7484985309460403e+003	
  3.8100000000000000e+003	 -1.5083079614803519e+003	  1.7466354341631225e+003	
  3.8400000000000000e+003	 -1.5084790880361518e+003	  1.7447723373802050e+003	
  3.8700000000000000e+003	 -1.5089918949669466e+003	  1.7438416078385119e+003	
  3.9000000000000000e+003	 -1.5100948770909149e+003	  1.7445213308043888e+003	
  3.9300000000000000e+003	 -1.5111978592148835e+003	  1.7452010537702652e+003	
  3.9600000000000000e+003	 -1.5123008413388523e+003	  1.7458807767361423e+003	
  3.9900000000000000e+003	 -1.5129169511739694e+003	  1.7458736691672157e+003	
  4.0200000000000000e+003	 -1.5132084794831858e+003	  1.7454086745750874e+003	
  4.0500000000000000e+003	 -1.5135000077924024e+003	  1.7449436799829591e+003	
  4.0800000000000000e+003	 -1.5137915361016189e+003	  1.7444786853908304e+003	
  4.1100000000000000e+003	 -1.5140830644108355e+003	  1.7440136907987026e+003	
  4.1400000000000000e+003	 -1.5114675649991914e+003	  1.7445694947867719e+003	
  4.1700000000000000e+003	 -1.5087229421646543e+003	  1.7432476542067518e+003	
  4.2000000000000000e+003	 -1.5080455673369636e+003	  1.7405006348163738e+003	
  4.2300000000000000e+003	 -1.5073681925092726e+003	  1.7377536154259953e+003	
  4.2600000000000000e+003	 -1.5066908176815821e+003	  1.7350065960356169e+003	
  4.2900000000000000e+003	 -1.5073389743958944e+003	  1.7261221416199817e+003	
  4.3200000000000000e+003	 -1.5063508031828144e+003	  1.7288330385369077e+003	
  4.3500000000000000e+003	 -1.5053626319697341e+003	  1.7315439354538341e+003	
  4.3800000000000000e+003	 -1.5060782343499823e+003	  1.7288985169927560e+003	
  4.4100000000000000e+003	 -1.5076843028808421e+003	  1.7288985194307224e+003	
  4.4400000000000000e+003	 -1.5084337386490104e+003	  1.7389881102944107e+003	
  4.4700000000000000e+003	 -1.5093764108633075e+003	  1.7424497367489364e+003	
  4.5000000000000000e+003	 -1.5101983882291777e+003	  1.7394068510496797e+003	
  4.5300000000000000e+003	 -1.5101491253823265e+003	  1.7414105591631458e+003	
  4.5600000000000000e+003	 -1.5105021815902865e+003	  1.7428354183577387e+003	
  4.5900000000000000e+003	 -1.5113150310037454e+003	  1.7435987359307630e+003	
  4.6200000000000000e+003	 -1.5124557471087874e+003	  1.7440922523378385e+003	
  4.6500000000000000e+003	 -1.5157275967091193e+003	  1.7428320611662464e+003	
  4.6800000000000000e+003	 -1.5152778477376339e+003	  1.7430700439015650e+003	
  4.7100000000000000e+003	 -1.5131936146508167e+003	  1.7446281077665992e+003	
  4.7400000000000000e+003	 -1.5139956279796536e+003	  1.7471545229337871e+003	
  4.7700000000000000e+003	 -1.5142422935510804e+003	  1.7427142080903557e+003	
  4.8000000000000000e+003	 -1.5123172637681957e+003	  1.7373777529284480e+003	
  4.8300000000000000e+003	 -1.5104968191100079e+003	  1.7388909688410190e+003	
  4.8600000000000000e+003	 -1.5088420683945913e+003	  1.7404889322009931e+003	
  4.8900000000000000e+003	 -1.5086785631641135e+003	  1.7428496225875977e+003	
  4.9200000000000000e+003	 -1.5085150579336362e+003	  1.7452103129742027e+003	
  4.9500000000000000e+003	 -1.5083515527031586e+003	  1.7475710033608070e+003	
  4.9800000000000000e+003	 -1.5083816618197541e+003	  1.7485250015556803e+003	
  5.0100000000000000e+003	 -1.5090479323624472e+003	  1.7448570111205784e+003	
  5.0400000000000000e+003	 -1.5103459851153850e+003	  1.7433370007625276e+003	
  5.0700000000000000e+003	 -1.5118398291137732e+003	  1.7455700301808074e+003	
  5.1000000000000000e+003	 -1.5119839513463276e+003	  1.7450016024490535e+003	
  5.1300000000000000e+003	 -1.5121280735788821e+003	  1.7444331747172998e+003	
  5.1600000000000000e+003	 -1.5122721958114366e+003	  1.7438647469855459e+003	
  5.1900000000000000e+003	 -1.5124163180439912e+003	  1.7432963192537923e+003	
  5.2200000000000000e+003	 -1.5125604402765457e+003	  1.7427278915220384e+003	
  5.2500000000000000e+003	 -1.5126322374818458e+003	  1.7426399955594848e+003	
  5.2800000000000000e+003	 -1.5125791096400701e+003	  1.7433821090164577e+003	
  5.3100000000000000e+003	 -1.5125259817982944e+003	  1.7441242224734317e+003	
  5.3400000000000000e+003	 -1.5124728539565187e+003	  1.7448663359304055e+003	
  5.3700000000000000e+003	 -1.5124197261147433e+003	  1.7456084493873789e+003	
  5.4000000000000000e+003	 -1.5115034046521635e+003	  1.7441171556494457e+003	
  5.4300000000000000e+003	 -1.5068395731442465e+003	  1.7434941534761674e+003	
  5.4600000000000000e+003	 -1.5107763181418004e+003	  1.7460740892390340e+003	
  5.4900000000000000e+003	 -1.5111399544025646e+003	  1.7440016787477557e+003	
  5.5200000000000000e+003	 -1.5142871427237881e+003	  1.7422548568421710e+003	
  5.5500000000000000e+003	 -1.5174343310450120e+003	  1.7405080349365865e+003	
  5.5800000000000000e+003	 -1.5205815193662352e+003	  1.7387612130310019e+003	
  5.6100000000000000e+003	 -1.5231528591291308e+003	  1.7374318263553187e+003	
  5.6400000000000000e+003	 -1.5219811832628943e+003	  1.7388157686739939e+003	
  5.6700000000000000e+003	 -1.5208095073966579e+003	  1.7401997109926695e+003	
  5.7000000000000000e+003	 -1.5196378315304214e+003	  1.7415836533113447e+003	
  5.7300000000000000e+003	 -1.5171675492219802e+003	  1.7405311567468368e+003	
  5.7600000000000000e+003	 -1.5129185602640996e+003	  1.7503928394619952e+003	
  5.7900000000000000e+003	 -1.5101349645892822e+003	  1.7563789094013273e+003	
  5.8200000000000000e+003	 -1.5076567637701974e+003	  1.7594333415896144e+003	
  5.8500000000000000e+003	 -1.5080681447578129e+003	  1.7508279887391327e+003	
  5.8800000000000000e+003	 -1.5099647967483022e+003	  1.7556269917803713e+003	
  5.9100000000000000e+003	 -1.5155644298000077e+003	  1.7559485729663138e+003	
  5.9400000000000000e+003	 -1.5020470352302727e+003	  1.7749930748057038e+003	
  5.9700000000000000e+003	 -1.5161601711238595e+003	  1.7492695471562486e+003	
  6.0000000000000000e+003	 -1.5142064540945723e+003	  1.7522592077510583e+003	
  6.0300000000000000e+003	 -1.5141871022207979e+003	  1.7567277976361377e+003	
  6.0600000000000000e+003	 -1.5076747946537323e+003	  1.7676251525485825e+003	
  6.0900000000000000e+003	 -1.5025964620568020e+003	  1.7756888046154083e+003	
  6.1200000000000000e+003	 -1.5131241444015568e+003	  1.7552977950834077e+003	
  6.1500000000000000e+003	 -1.5078614611262176e+003	  1.7612703863805245e+003	
  6.1800000000000000e+003	 -1.5047038511610142e+003	  1.7648539411587947e+003	
  6.2100000000000000e+003	 -1.5047038511610142e+003	  1.7648539411587947e+003	
  6.2400000000000000e+003	 -1.5047038511610142e+003	  1.7648539411587947e+003	
  6.2700000000000000e+003	 -1.5047038511610142e+003	  1.7648539411587947e+003	
  6.3000000000000000e+003	 -1.5047038511610142e+003	  1.7648539411587947e+003	
  6.3300000000000000e+003	 -1.5047038511610142e+003	  1.7648539411587947e+003	
  6.3600000000000000e+003	 -1.5047038511610142e+003	  1.7648539411587947e+003	
  6.3900000000000000e+003	 -1.5047038511610142e+003	  1.7648539411587947e+003	
  6.4200000000000000e+003	 -1.5047038511610142e+003	  1.7648539411587947e+003	
  6.4500000000000000e+003	 -1.5047038511610142e+003	  1.7648539411587947e+003	
  6.4800000000000000e+003	 -1.5047038511610142e+003	  1.7648539411587947e+003	
  6.5100000000000000e+003	 -1.5047038511610142e+003	  1.7648539411587947e+003	
  6.5400000000000000e+003	 -1.5052528625707803e+003	  1.7634654545519059e+003	
  6.5700000000000000e+003	 -1.5118192495768685e+003	  1.7471099101314871e+003	
  6.6000000000000000e+003	 -1.5121033918941400e+003	  1.7468347443921521e+003	
  6.6300000000000000e+003	 -1.5123875342114115e+003	  1.7465595786528172e+003	
  6.6600000000000000e+003	 -1.5126716765286833e+003	  1.7462844129134821e+003	
  6.6900000000000000e+003	 -1.5129558188459546e+003	  1.7460092471741468e+003	
  6.7200000000000000e+003	 -1.5132399611632263e+003	  1.7457340814348120e+003	
  6.7500000000000000e+003	 -1.5135241034804978e+003	  1.7454589156954767e+003	
  6.7800000000000000e+003	 -1.5138082457977691e+003	  1.7451837499561418e+003	
  6.8100000000000000e+003	 -1.5140923881150406e+003	  1.7449085842168070e+003	
  6.8400000000000000e+003	 -1.5141871022207979e+003	  1.7448168623036952e+003	
  6.8700000000000000e+003	 -1.5141871022207979e+003	  1.7448168623036952e+003	
  6.9000000000000000e+003	 -1.5141871022207979e+003	  1.7448168623036952e+003	
  6.9300000000000000e+003	 -1.5141871022207979e+003	  1.7448168623036952e+003	
  6.9600000000000000e+003	 -1.5141871022207979e+003	  1.7448168623036952e+003	
  6.9900000000000000e+003	 -1.5141871022207979e+003	  1.7448168623036952e+003	
  7.0200000000000000e+003	 -1.5141871022207979e+003	  1.7448168623036952e+003	
  7.0500000000000000e+003	 -1.5141871022207979e+003	  1.7448168623036952e+003	
  7.0800000000000000e+003	 -1.5141871022207979e+003	  1.7448168623036952e+003	
  7.1100000000000000e+003	 -1.5141871022207979e+003	  1.7448168623036952e+003	
  7.1400000000000000e+003	 -1.5141871022207979e+003	  1.7448168623036952e+003	
  7.1700000000000000e+003	 -1.5141871022207979e+003	  1.7448168623036952e+003	
  7.2000000000000000e+003	 -1.5141871022207979e+003	  1.7448168623036952e+003	
  7.2300000000000000e+003	 -1.5141871022207979e+003	  1.7448168623036952e+003	
  7.2600000000000000e+003	 -1.5141871022207979e+003	  1.7448168623036952e+003	
  7.2900000000000000e+003	 -1.5141871022207979e+003	  1.7448168623036952e+003	
  7.3200000000000000e+003	 -1.5141871022207979e+003	  1.7448168623036952e+003	
  7.3500000000000000e+003	 -1.5141871022207979e+003	  1.7448168623036952e+003	
  7.3800000000000000e+003	 -1.5141871022207979e+003	  1.7448168623036952e+003	
  7.4100000000000000e+003	 -1.5141871022207979e+003	  1.7448168623036952e+003	
  7.4400000000000000e+003	 -1.5141871022207979e+003	  1.7448168623036952e+003	
  7.4700000000000000e+003	 -1.5141871022207979e+003	  1.7448168623036952e+003	
  7.5000000000000000e+003	 -1.5141871022207979e+003	  1.7448168623036952e+003	
  7.5300000000000000e+003	 -1.5141871022207979e+003	  1.7448168623036952e+003	
  7.5600000000000000e+003	 -1.5141871022207979e+003	  1.7448168623036952e+003	
  7.5900000000000000e+003	 -1.5141871022207979e+003	  1.7448168623036952e+003	
  7.6200000000000000e+003	 -1.5141871022207979e+003	  1.7448168623036952e+003	
  7.6500000000000000e+003	 -1.5141871022207979e+003	  1.7448168623036952e+003	
  7.6800000000000000e+003	 -1.5141871022207979e+003	  1.7448168623036952e+003	
  7.7100000000000000e+003	 -1.5141871022207979e+003	  1.7448168623036952e+003	
  7.7400000000000000e+003	 -1.5141871022207979e+003	  1.7448168623036952e+003	
  7.7700000000000000e+003	 -1.5141871022207979e+003	  1.7448168623036952e+003	
  7.8000000000000000e+003	 -1.5141871022207979e+003	  1.7448168623036952e+003	
  7.8300000000000000e+003	 -1.5141871022207979e+003	  1.7448168623036952e+003	
  7.8600000000000000e+003	 -1.5141871022207979e+003	  1.7448168623036952e+003	
  7.8900000000000000e+003	 -1.5141871022207979e+003	  1.7448168623036952e+003	
  7.9200000000000000e+003	 -1.5141871022207979e+003	  1.7448168623036952e+003	
  7.9500000000000000e+003	 -1.5141871022207979e+003	  1.7448168623036952e+003	
  7.9800000000000000e+003	 -1.5141871022207979e+003	  1.7448168623036952e+003	
  8.0100000000000000e+003	 -1.5141871022207979e+003	  1.7448168623036952e+003	
  8.0400000000000000e+003	 -1.5141871022207979e+003	  1.7448168623036952e+003	
  8.0700000000000000e+003	 -1.5141871022207979e+003	  1.7448168623036952e+003	
  8.1000000000000000e+003	 -1.5141871022207979e+003	  1.7448168623036952e+003	
  8.1300000000000000e+003	 -1.5141871022207979e+003	  1.7448168623036952e+003	
  8.1600000000000000e+003	 -1.5141871022207979e+003	  1.7448168623036952e+003	
  8.1900000000000000e+003	 -1.5141871022207979e+003	  1.7448168623036952e+003	
  8.2200000000000000e+003	 -1.5141871022207979e+003	  1.7448168623036952e+003	
  8.2500000000000000e+003	 -1.5108819968418188e+003	  1.7438571323344356e+003	
  8.2800000000000000e+003	 -1.5042913213583147e+003	  1.7462940738730242e+003	
  8.3100000000000000e+003	 -1.5090051804316336e+003	  1.7340608497756264e+003	
  8.3400000000000000e+003	 -1.5088481911063564e+003	  1.7438192096228995e+003	
  8.3700000000000000e+003	 -1.5084903332035130e+003	  1.7467491604801480e+003	
  8.4000000000000000e+003	 -1.5081324753006693e+003	  1.7496791113373961e+003	
  8.4300000000000000e+003	 -1.5077746173978258e+003	  1.7526090621946441e+003	
  8.4600000000000000e+003	 -1.5023556171209109e+003	  1.7464056615892600e+003	
  8.4900000000000000e+003	 -1.5195609421616814e+003	  1.7565608189396323e+003	
  8.5200000000000000e+003	 -1.5269164395807306e+003	  1.7610757090912573e+003	
  8.5500000000000000e+003	 -1.5169967709422672e+003	  1.7486380762398276e+003	
  8.5800000000000000e+003	 -1.5063940617846163e+003	  1.7347983239150687e+003	
  8.6100000000000000e+003	 -1.5102174679779635e+003	  1.7444723104017428e+003	
  8.6400000000000000e+003	 -1.5109849633039389e+003	  1.7452924912364849e+003	
  8.6700000000000000e+003	 -1.5042108723865656e+003	  1.7468576790416057e+003	
  8.7000000000000000e+003	 -1.5117543783530457e+003	  1.7446409113077586e+003	
  8.7300000000000000e+003	 -1.5161740659938378e+003	  1.7369133518663921e+003	
  8.7600000000000000e+003	 -1.5490493336045472e+003	  1.7293437855346669e+003	
  8.7900000000000000e+003	 -1.5548933499925324e+003	  1.7176423949733846e+003	
  8.8200000000000000e+003	 -1.5573842693763775e+003	  1.7160652481602858e+003	
  8.8500000000000000e+003	 -1.5574690569112058e+003	  1.7199295415708764e+003	
  8.8800000000000000e+003	 -1.5573201233456662e+003	  1.7231478355298646e+003	
  8.9100000000000000e+003	 -1.5583170146990583e+003	  1.7228327866311940e+003	
  8.9400000000000000e+003	 -1.5593139060524504e+003	  1.7225177377325238e+003	
  8.9700000000000000e+003	 -1.5603107974058428e+003	  1.7222026888338532e+003	
  9.0000000000000000e+003	 -1.5596376328773320e+003	  1.7253101789017519e+003	
  9.0300000000000000e+003	 -1.5204258966383893e+003	  1.7395763967006012e+003	
  9.0600000000000000e+003	 -1.5196888892047457e+003	  1.7475905148309002e+003	
  9.0900000000000000e+003	 -1.5209874138996011e+003	  1.7450394986662902e+003	
  9.1200000000000000e+003	 -1.5364953136583481e+003	  1.7321823761955845e+003	
  9.1500000000000000e+003	 -1.5531830578058034e+003	  1.7280079824411780e+003	
  9.1800000000000000e+003	 -1.5810259455837611e+003	  1.7138039200448743e+003	
  9.2100000000000000e+003	 -1.5809569164187467e+003	  1.6758532702988773e+003	
  9.2400000000000000e+003	 -1.5918802718405855e+003	  1.6502315846141892e+003	
  9.2700000000000000e+003	 -1.6504297852246593e+003	  1.6319413240652732e+003	
  9.3000000000000000e+003	 -1.8382703809762763e+003	  1.5141233055013167e+003	
  9.3300000000000000e+003	 -1.8685535567406523e+003	  1.3381309720885577e+003	
  9.3600000000000000e+003	 -1.8603756205857644e+003	  1.3429679952812430e+003	
  9.3900000000000000e+003	 -1.8669639840826419e+003	  1.3359352399983952e+003	
  9.4200000000000000e+003	 -1.8697637998650509e+003	  1.3168644629609093e+003	
  9.4500000000000000e+003	 -1.8761355522837557e+003	  1.3235624069064340e+003	
  9.4800000000000000e+003	 -1.8789513067299054e+003	  1.3368549771664343e+003	
  9.5100000000000000e+003	 -1.8783388650787244e+003	  1.3394689010551519e+003	
  9.5400000000000000e+003	 -1.8766830593979216e+003	  1.3388328021352183e+003	
  9.5700000000000000e+003	 -1.8750272537171184e+003	  1.3381967032152847e+003	
  9.6000000000000000e+003	 -1.8733714480363155e+003	  1.3375606042953509e+003	
  9.6300000000000000e+003	 -1.9095547419790639e+003	  1.3109982231464012e+003	
  9.6600000000000000e+003	 -2.4388232830462148e+003	  1.3061479779357510e+003	
  9.6900000000000000e+003	 -2.8404872828576167e+003	  1.4638525055599080e+003	
  9.7200000000000000e+003	 -2.9614212934574120e+003	  1.2732776273078830e+003	
  9.7500000000000000e+003	 -3.1390741670583816e+003	  9.4662873632489971e+002	
  9.7800000000000000e+003	 -3.1742976651078466e+003	  6.1038430674303345e+002	
  9.8100000000000000e+003	 -3.1367259335741501e+003	  4.5008768723990221e+002	
  9.8400000000000000e+003	 -2.8832973811799047e+003	  5.5333429398162923e+002	
  9.8700000000000000e+003	 -2.4359589561392327e+003	  5.2812097167655213e+002	
  9.9000000000000000e+003	 -1.9258655006250819e+003	  5.0101526137827409e+002	
  9.9300000000000000e+003	 -1.6707058779884985e+003	  3.3103406636878185e+002	
  9.9600000000000000e+003	 -1.6869003485247786e+003	  1.0080894451854793e+002	
  9.9900000000000000e+003	 -1.4324505221862728e+003	  1.9316785326925938e+002	
  1.0020000000000000e+004	 -1.2897255627433490e+003	  5.1427717419759585e+002	
  1.0050000000000000e+004	 -1.1250728131886860e+003	  7.7042118719243956e+002	
  1.0080000000000000e+004	 -8.9531152280191520e+002	  6.3156636006093936e+002	
  1.0110000000000000e+004	 -6.1056889250343590e+002	  3.0826969047534021e+002	
  1.0140000000000000e+004	 -2.9163818334239221e+002	  1.2125700443003561e+002	
  1.0170000000000000e+004	 -8.1674529296339898e+001	  7.2054940340977225e+001	
  1.0200000000000000e+004	  8.9024010457421653e+001	  2.9001369672587839e+002	
  1.0230000000000000e+004	  4.8923429201545048e+001	  8.6402377508989986e+001	
  1.0260000000000000e+004	  3.0432249677752161e+001	  9.6931667038545140e+000	
  1.0290000000000000e+004	  2.6525077510050103e+001	  6.4266514803809383e-001	
  1.0320000000000000e+004	  2.1235236719175798e+001	 -2.0195676987426314e+001	
  1.0350000000000000e+004	  1.3088029465255071e+001	 -2.7660877162658966e+001	
  1.0380000000000000e+004	 -2.3322015047963003e+000	 -3.0023137575801393e+001	
  1.0410000000000000e+004	 -1.0149533665336563e+001	 -2.6521871507413170e+001	
  1.0440000000000000e+004	 -1.8091798654790555e+001	 -2.9869491756514769e+001	
  1.0470000000000000e+004	 -1.5236875323375823e+001	 -6.6138218133759551e+001	
  1.0500000000000000e+004	 -1.2943891928289043e+001	 -6.7982222859812140e+001	
  1.0530000000000000e+004	 -1.2943891928289043e+001	 -6.7982222859812140e+001	
  1.0560000000000000e+004	 -1.2943891928289043e+001	 -6.7982222859812140e+001	
  1.0590000000000000e+004	 -1.2943891928289043e+001	 -6.7982222859812140e+001	
  1.0620000000000000e+004	 -1.2943891928289043e+001	 -6.7982222859812140e+001	
  1.0650000000000000e+004	 -1.2943891928289043e+001	 -6.7982222859812140e+001	
  1.0680000000000000e+004	 -1.2943891928289043e+001	 -6.7982222859812140e+001	
  1.0710000000000000e+004	 -1.2943891928289043e+001	 -6.7982222859812140e+001	
  1.0740000000000000e+004	 -1.2943891928289043e+001	 -6.7982222859812140e+001	
  1.0770000000000000e+004	 -1.2943891928289043e+001	 -6.7982222859812140e+001	
  1.0800000000000000e+004	 -1.2943891928289043e+001	 -6.7982222859812140e+001	
  1.0830000000000000e+004	 -1.2943891928289043e+001	 -6.7982222859812140e+001	
  1.0860000000000000e+004	 -1.2943891928289043e+001	 -6.7982222859812140e+001	
  1.0890000000000000e+004	 -1.2943891928289043e+001	 -6.7982222859812140e+001	
  1.0920000000000000e+004	 -1.2943891928289043e+001	 -6.7982222859812140e+001	
  1.0950000000000000e+004	 -1.2943891928289043e+001	 -6.7982222859812140e+001	
  1.0980000000000000e+004	 -1.2943891928289043e+001	 -6.7982222859812140e+001	
  1.1010000000000000e+004	 -1.2943891928289043e+001	 -6.7982222859812140e+001	
  1.1040000000000000e+004	 -1.2943891928289043e+001	 -6.7982222859812140e+001	
  1.1070000000000000e+004	 -1.2943891928289043e+001	 -6.7982222859812140e+001	
  1.1100000000000000e+004	 -1.2943891928289043e+001	 -6.7982222859812140e+001	
  1.1130000000000000e+004	 -1.2943891928289043e+001	 -6.7982222859812140e+001	
  1.1160000000000000e+004	 -1.2943891928289043e+001	 -6.7982222859812140e+001	
  1.1190000000000000e+004	 -1.2943891928289043e+001	 -6.7982222859812140e+001	
  1.1220000000000000e+004	 -1.2943891928289043e+001	 -6.7982222859812140e+001	
  1.1250000000000000e+004	 -1.2943891928289043e+001	 -6.7982222859812140e+001	
  1.1280000000000000e+004	 -1.2943891928289043e+001	 -6.7982222859812140e+001	
  1.1310000000000000e+004	 -1.2943891928289043e+001	 -6.7982222859812140e+001	
  1.1340000000000000e+004	 -1.2943891928289043e+001	 -6.7982222859812140e+001	
  1.1370000000000000e+004	 -1.2943891928289043e+001	 -6.7982222859812140e+001	
  1.1400000000000000e+004	 -1.2943891928289043e+001	 -6.7982222859812140e+001	
  1.1430000000000000e+004	 -1.2943891928289043e+001	 -6.7982222859812140e+001	
  1.1460000000000000e+004	 -1.2943891928289043e+001	 -6.7982222859812140e+001	
  1.1490000000000000e+004	 -1.2943891928289043e+001	 -6.7982222859812140e+001	
  1.1520000000000000e+004	 -1.2943891928289043e+001	 -6.7982222859812140e+001	
  1.1550000000000000e+004	 -1.2943891928289043e+001	 -6.7982222859812140e+001	
  1.1580000000000000e+004	 -1.2943891928289043e+001	 -6.7982222859812140e+001	
  1.1610000000000000e+004	 -1.2943891928289043e+001	 -6.7982222859812140e+001	
  1.1640000000000000e+004	 -1.2943891928289043e+001	 -6.7982222859812140e+001	
  1.1670000000000000e+004	 -1.2943891928289043e+001	 -6.7982222859812140e+001	
  1.1700000000000000e+004	 -1.2943891928289043e+001	 -6.7982222859812140e+001	
  1.1730000000000000e+004	 -1.2943891928289043e+001	 -6.7982222859812140e+001	
  1.1760000000000000e+004	 -1.2943891928289043e+001	 -6.7982222859812140e+001	
  1.1790000000000000e+004	 -1.2943891928289043e+001	 -6.7982222859812140e+001	
  1.1820000000000000e+004	 -1.2943891928289043e+001	 -6.7982222859812140e+001	
  1.1850000000000000e+004	 -1.2943891928289043e+001	 -6.7982222859812140e+001	
  1.1880000000000000e+004	 -1.2943891928289043e+001	 -6.7982222859812140e+001	
  1.1910000000000000e+004	 -1.2943891928289043e+001	 -6.7982222859812140e+001	
  1.1940000000000000e+004	 -1.2943891928289043e+001	 -6.7982222859812140e+001	
  1.1970000000000000e+004	 -1.2943891928289043e+001	 -6.7982222859812140e+001	
  1.2000000000000000e+004	 -1.2943891928289043e+001	 -6.7982222859812140e+001	
  1.2030000000000000e+004	 -1.2943891928289043e+001	 -6.7982222859812140e+001	
  1.2060000000000000e+004	 -1.2943891928289043e+001	 -6.7982222859812140e+001	
  1.2090000000000000e+004	 -1.2943891928289043e+001	 -6.7982222859812140e+001	
  1.2120000000000000e+004	 -1.2943891928289043e+001	 -6.7982222859812140e+001	
  1.2150000000000000e+004	 -1.2943891928289043e+001	 -6.7982222859812140e+001	
  1.2180000000000000e+004	 -1.2943891928289043e+001	 -6.7982222859812140e+001	
  1.2210000000000000e+004	 -1.2943891928289043e+001	 -6.7982222859812140e+001	
  1.2240000000000000e+004	 -1.2943891928289043e+001	 -6.7982222859812140e+001	
  1.2270000000000000e+004	 -1.2943891928289043e+001	 -6.7982222859812140e+001	
  1.2300000000000000e+004	 -1.2943891928289043e+001	 -6.7982222859812140e+001	
  1.2330000000000000e+004	 -1.2943891928289043e+001	 -6.7982222859812140e+001	
  1.2360000000000000e+004	 -1.2943891928289043e+001	 -6.7982222859812140e+001	
  1.2390000000000000e+004	 -1.2943891928289043e+001	 -6.7982222859812140e+001	
  1.2420000000000000e+004	 -1.2943891928289043e+001	 -6.7982222859812140e+001	
  1.2450000000000000e+004	 -1.2943891928289043e+001	 -6.7982222859812140e+001	
  1.2480000000000000e+004	 -1.2943891928289043e+001	 -6.7982222859812140e+001	
  1.2510000000000000e+004	 -1.2943891928289043e+001	 -6.7982222859812140e+001	
  1.2540000000000000e+004	 -1.2943891928289043e+001	 -6.7982222859812140e+001	
  1.2570000000000000e+004	 -1.2943891928289043e+001	 -6.7982222859812140e+001	
  1.2600000000000000e+004	 -1.2943891928289043e+001	 -6.7982222859812140e+001	
  1.2630000000000000e+004	 -1.2943891928289043e+001	 -6.7982222859812140e+001	
  1.2660000000000000e+004	 -1.2943891928289043e+001	 -6.7982222859812140e+001	
  1.2690000000000000e+004	 -1.2943891928289043e+001	 -6.7982222859812140e+001	
  1.2720000000000000e+004	 -1.2943891928289043e+001	 -6.7982222859812140e+001	
  1.2750000000000000e+004	 -1.2943891928289043e+001	 -6.7982222859812140e+001	
  1.2780000000000000e+004	 -1.2943891928289043e+001	 -6.7982222859812140e+001	
  1.2810000000000000e+004	 -1.2943891928289043e+001	 -6.7982222859812140e+001	
  1.2840000000000000e+004	 -1.2943891928289043e+001	 -6.7982222859812140e+001	
  1.2870000000000000e+004	 -1.2943891928289043e+001	 -6.7982222859812140e+001	
  1.2900000000000000e+004	 -1.2943891928289043e+001	 -6.7982222859812140e+001	
  1.2930000000000000e+004	 -1.2943891928289043e+001	 -6.7982222859812140e+001	
  1.2960000000000000e+004	 -1.2943891928289043e+001	 -6.7982222859812140e+001	
  1.2990000000000000e+004	 -1.2943891928289043e+001	 -6.7982222859812140e+001	
  1.3020000000000000e+004	 -1.2943891928289043e+001	 -6.7982222859812140e+001	
  1.3050000000000000e+004	 -1.2943891928289043e+001	 -6.7982222859812140e+001	
  1.3080000000000000e+004	 -1.2943891928289043e+001	 -6.7982222859812140e+001	
  1.3110000000000000e+004	 -1.2943891928289043e+001	 -6.7982222859812140e+001	
  1.3140000000000000e+004	 -1.2943891928289043e+001	 -6.7982222859812140e+001	
  1.3170000000000000e+004	 -1.2943891928289043e+001	 -6.7982222859812140e+001	
  1.3200000000000000e+004	 -1.2943891928289043e+001	 -6.7982222859812140e+001	
  1.3230000000000000e+004	 -1.2943891928289043e+001	 -6.7982222859812140e+001	
  1.3260000000000000e+004	 -1.2943891928289043e+001	 -6.7982222859812140e+001	
  1.3290000000000000e+004	 -1.2943891928289043e+001	 -6.7982222859812140e+001	
  1.3320000000000000e+004	 -1.2943891928289043e+001	 -6.7982222859812140e+001	
  1.3350000000000000e+004	 -1.2943891928289043e+001	 -6.7982222859812140e+001	
  1.3380000000000000e+004	 -1.2943891928289043e+001	 -6.7982222859812140e+001	
  1.3410000000000000e+004	 -1.2943891928289043e+001	 -6.7982222859812140e+001	
  1.3440000000000000e+004	 -1.2943891928289043e+001	 -6.7982222859812140e+001	
  1.3470000000000000e+004	 -1.2943891928289043e+001	 -6.7982222859812140e+001	
  1.3500000000000000e+004	 -1.2943891928289043e+001	 -6.7982222859812140e+001	
  1.3530000000000000e+004	 -1.2943891928289043e+001	 -6.7982222859812140e+001	
  1.3560000000000000e+004	 -1.2943891928289043e+001	 -6.7982222859812140e+001	
  1.3590000000000000e+004	 -1.2943891928289043e+001	 -6.7982222859812140e+001	
  1.3620000000000000e+004	 -1.2943891928289043e+001	 -6.7982222859812140e+001	
  1.3650000000000000e+004	 -1.2943891928289043e+001	 -6.7982222859812140e+001	
  1.3680000000000000e+004	 -1.2943891928289043e+001	 -6.7982222859812140e+001	
  1.3710000000000000e+004	 -1.2943891928289043e+001	 -6.7982222859812140e+001	
  1.3740000000000000e+004	 -1.2943891928289043e+001	 -6.7982222859812140e+001	
  1.3770000000000000e+004	 -1.2943891928289043e+001	 -6.7982222859812140e+001	
  1.3800000000000000e+004	 -1.2943891928289043e+001	 -6.7982222859812140e+001	
  1.3830000000000000e+004	 -1.2943891928289043e+001	 -6.7982222859812140e+001	
  1.3860000000000000e+004	 -1.2943891928289043e+001	 -6.7982222859812140e+001	
  1.3890000000000000e+004	 -1.2943891928289043e+001	 -6.7982222859812140e+001	
  1.3920000000000000e+004	 -1.2943891928289043e+001	 -6.7982222859812140e+001	
  1.3950000000000000e+004	 -1.2943891928289043e+001	 -6.7982222859812140e+001	
  1.3980000000000000e+004	 -1.2943891928289043e+001	 -6.7982222859812140e+001	
  1.4010000000000000e+004	 -1.2943891928289043e+001	 -6.7982222859812140e+001	
  1.4040000000000000e+004	 -1.2943891928289043e+001	 -6.7982222859812140e+001	
  1.4070000000000000e+004	 -1.2943891928289043e+001	 -6.7982222859812140e+001	
  1.4100000000000000e+004	 -1.2943891928289043e+001	 -6.7982222859812140e+001	
  1.4130000000000000e+004	 -1.2943891928289043e+001	 -6.7982222859812140e+001	
  1.4160000000000000e+004	 -1.2943891928289043e+001	 -6.7982222859812140e+001	
  1.4190000000000000e+004	 -1.2943891928289043e+001	 -6.7982222859812140e+001	
  1.4220000000000000e+004	 -1.2943891928289043e+001	 -6.7982222859812140e+001	
  1.4250000000000000e+004	 -1.2943891928289043e+001	 -6.7982222859812140e+001	
  1.4280000000000000e+004	 -1.2943891928289043e+001	 -6.7982222859812140e+001	
  1.4310000000000000e+004	 -1.2943891928289043e+001	 -6.7982222859812140e+001	
  1.4340000000000000e+004	 -1.2943891928289043e+001	 -6.7982222859812140e+001	
  1.4370000000000000e+004	 -1.2943891928289043e+001	 -6.7982222859812140e+001	
  1.4400000000000000e+004	 -1.2943891928289043e+001	 -6.7982222859812140e+001	
  1.4430000000000000e+004	 -1.2943891928289043e+001	 -6.7982222859812140e+001	
  1.4460000000000000e+004	 -1.2943891928289043e+001	 -6.7982222859812140e+001	
  1.4490000000000000e+004	 -1.2943891928289043e+001	 -6.7982222859812140e+001	
  1.4520000000000000e+004	 -1.2943891928289043e+001	 -6.7982222859812140e+001	
  1.4550000000000000e+004	 -1.2943891928289043e+001	 -6.7982222859812140e+001	
  1.4580000000000000e+004	 -1.2943891928289043e+001	 -6.7982222859812140e+001	
  1.4610000000000000e+004	 -1.2943891928289043e+001	 -6.7982222859812140e+001	
  1.4640000000000000e+004	 -1.2943891928289043e+001	 -6.7982222859812140e+001	
  1.4670000000000000e+004	 -1.2943891928289043e+001	 -6.7982222859812140e+001	
  1.4700000000000000e+004	 -1.2943891928289043e+001	 -6.7982222859812140e+001	
  1.4730000000000000e+004	 -1.2943891928289043e+001	 -6.7982222859812140e+001	
  1.4760000000000000e+004	 -1.2943891928289043e+001	 -6.7982222859812140e+001	
  1.4790000000000000e+004	 -1.2943891928289043e+001	 -6.7982222859812140e+001	
  1.4820000000000000e+004	 -1.2943891928289043e+001	 -6.7982222859812140e+001	
  1.4850000000000000e+004	 -1.2943891928289043e+001	 -6.7982222859812140e+001	
  1.4880000000000000e+004	 -1.2943891928289043e+001	 -6.7982222859812140e+001	
  1.4910000000000000e+004	 -1.2943891928289043e+001	 -6.7982222859812140e+001	
  1.4940000000000000e+004	 -1.2943891928289043e+001	 -6.7982222859812140e+001	
  1.4970000000000000e+004	 -1.2943891928289043e+001	 -6.7982222859812140e+001	
  1.5000000000000000e+004	 -1.2943891928289043e+001	 -6.7982222859812140e+001	
  1.5030000000000000e+004	 -1.2943891928289043e+001	 -6.7982222859812140e+001	
  1.5060000000000000e+004	 -1.2943891928289043e+001	 -6.7982222859812140e+001	
  1.5090000000000000e+004	 -1.2943891928289043e+001	 -6.7982222859812140e+001	
  1.5120000000000000e+004	 -1.2943891928289043e+001	 -6.7982222859812140e+001	
  1.5150000000000000e+004	 -1.2943891928289043e+001	 -6.7982222859812140e+001	
  1.5180000000000000e+004	 -1.2943891928289043e+001	 -6.7982222859812140e+001	
  1.5210000000000000e+004	 -1.2943891928289043e+001	 -6.7982222859812140e+001	
  1.5240000000000000e+004	 -1.2943891928289043e+001	 -6.7982222859812140e+001	
  1.5270000000000000e+004	 -1.2943891928289043e+001	 -6.7982222859812140e+001	
  1.5300000000000000e+004	 -1.2943891928289043e+001	 -6.7982222859812140e+001	
  1.5330000000000000e+004	 -1.2943891928289043e+001	 -6.7982222859812140e+001	
  1.5360000000000000e+004	 -1.2943891928289043e+001	 -6.7982222859812140e+001	
  1.5390000000000000e+004	 -1.2943891928289043e+001	 -6.7982222859812140e+001	
  1.5420000000000000e+004	 -1.2943891928289043e+001	 -6.7982222859812140e+001	
  1.5450000000000000e+004	 -1.2943891928289043e+001	 -6.7982222859812140e+001	
  1.5480000000000000e+004	 -1.2943891928289043e+001	 -6.7982222859812140e+001	
  1.5510000000000000e+004	 -1.2943891928289043e+001	 -6.7982222859812140e+001	
  1.5540000000000000e+004	 -1.2943891928289043e+001	 -6.7982222859812140e+001	
  1.5570000000000000e+004	 -1.2943891928289043e+001	 -6.7982222859812140e+001	
  1.5600000000000000e+004	 -1.2943891928289043e+001	 -6.7982222859812140e+001	
  1.5630000000000000e+004	 -1.2943891928289043e+001	 -6.7982222859812140e+001	
  1.5660000000000000e+004	 -1.2943891928289043e+001	 -6.7982222859812140e+001	
  1.5690000000000000e+004	 -1.2943891928289043e+001	 -6.7982222859812140e+001	
  1.5720000000000000e+004	 -1.2943891928289043e+001	 -6.7982222859812140e+001	
  1.5750000000000000e+004	 -1.2943891928289043e+001	 -6.7982222859812140e+001	
  1.5780000000000000e+004	 -1.2943891928289043e+001	 -6.7982222859812140e+001	
  1.5810000000000000e+004	 -1.2943891928289043e+001	 -6.7982222859812140e+001	
  1.5840000000000000e+004	 -1.2943891928289043e+001	 -6.7982222859812140e+001	
  1.5870000000000000e+004	 -1.2943891928289043e+001	 -6.7982222859812140e+001	
  1.5900000000000000e+004	 -1.2943891928289043e+001	 -6.7982222859812140e+001	
  1.5930000000000000e+004	 -1.2943891928289043e+001	 -6.7982222859812140e+001	
  1.5960000000000000e+004	 -1.2943891928289043e+001	 -6.7982222859812140e+001	
  1.5990000000000000e+004	 -1.2943891928289043e+001	 -6.7982222859812140e+001	
  1.6020000000000000e+004	 -1.2943891928289043e+001	 -6.7982222859812140e+001	
  1.6050000000000000e+004	 -1.2943891928289043e+001	 -6.7982222859812140e+001	
  1.6080000000000000e+004	 -1.2943891928289043e+001	 -6.7982222859812140e+001	
  1.6110000000000000e+004	 -1.2943891928289043e+001	 -6.7982222859812140e+001	
  1.6140000000000000e+004	 -1.2943891928289043e+001	 -6.7982222859812140e+001	
  1.6170000000000000e+004	 -1.2943891928289043e+001	 -6.7982222859812140e+001	
  1.6200000000000000e+004	 -1.2943891928289043e+001	 -6.7982222859812140e+001	
  1.6230000000000000e+004	 -4.5457588867748186e+001	 -5.9366258310302328e+001	
  1.6260000000000000e+004	 -5.0756207307333298e+001	 -7.3919104553581960e+001	
  1.6290000000000000e+004	 -5.7113733952546305e+001	 -7.3534877227907700e+001	
  1.6320000000000000e+004	 -6.2497303686138871e+001	 -7.0208516748562701e+001	
  1.6350000000000000e+004	 -6.6887541367280832e+001	 -7.1241119497370448e+001	
  1.6380000000000000e+004	 -6.0052094736206193e+001	 -7.1433060245296147e+001	
  1.6410000000000000e+004	 -4.8717214819140189e+001	 -7.5804736991688245e+001	
  1.6440000000000000e+004	 -4.0369727405774938e+001	 -7.2805976046483508e+001	
  1.6470000000000000e+004	 -3.5771131637786574e+001	 -5.9076888916977040e+001	
  1.6500000000000000e+004	 -4.5969468299954784e+001	 -4.1733780955748252e+001	
  1.6530000000000000e+004	 -3.8593570153798055e+001	 -5.3733614835835439e+001	
  1.6560000000000000e+004	 -3.8593570153798055e+001	 -5.3733614835835439e+001	
  1.6590000000000000e+004	 -3.8593570153798055e+001	 -5.3733614835835439e+001	
  1.6620000000000000e+004	 -3.8593570153798055e+001	 -5.3733614835835439e+001	
  1.6650000000000000e+004	 -3.8593570153798055e+001	 -5.3733614835835439e+001	
  1.6680000000000000e+004	 -3.8593570153798055e+001	 -5.3733614835835439e+001	
  1.6710000000000000e+004	 -3.8593570153798055e+001	 -5.3733614835835439e+001	
  1.6740000000000000e+004	 -3.8593570153798055e+001	 -5.3733614835835439e+001	
  1.6770000000000000e+004	 -3.8593570153798055e+001	 -5.3733614835835439e+001	
  1.6800000000000000e+004	 -3.8593570153798055e+001	 -5.3733614835835439e+001	
  1.6830000000000000e+004	 -3.8593570153798055e+001	 -5.3733614835835439e+001	
  1.6860000000000000e+004	 -3.8593570153798055e+001	 -5.3733614835835439e+001	
  1.6890000000000000e+004	 -3.8593570153798055e+001	 -5.3733614835835439e+001	
  1.6920000000000000e+004	 -3.8593570153798055e+001	 -5.3733614835835439e+001	
  1.6950000000000000e+004	 -3.8593570153798055e+001	 -5.3733614835835439e+001	
  1.6980000000000000e+004	 -3.8593570153798055e+001	 -5.3733614835835439e+001	
  1.7010000000000000e+004	 -3.8593570153798055e+001	 -5.3733614835835439e+001	
  1.7040000000000000e+004	 -3.8593570153798055e+001	 -5.3733614835835439e+001	
  1.7070000000000000e+004	 -3.8593570153798055e+001	 -5.3733614835835439e+001	
  1.7100000000000000e+004	 -3.8593570153798055e+001	 -5.3733614835835439e+001	
  1.7130000000000000e+004	 -3.8593570153798055e+001	 -5.3733614835835439e+001	
  1.7160000000000000e+004	 -3.8593570153798055e+001	 -5.3733614835835439e+001	
  1.7190000000000000e+004	 -3.8593570153798055e+001	 -5.3733614835835439e+001	
  1.7220000000000000e+004	 -3.8593570153798055e+001	 -5.3733614835835439e+001	
  1.7250000000000000e+004	 -3.8593570153798055e+001	 -5.3733614835835439e+001	
  1.7280000000000000e+004	 -3.8593570153798055e+001	 -5.3733614835835439e+001	
  1.7310000000000000e+004	 -3.8593570153798055e+001	 -5.3733614835835439e+001	
  1.7340000000000000e+004	 -3.8593570153798055e+001	 -5.3733614835835439e+001	
  1.7370000000000000e+004	 -3.8593570153798055e+001	 -5.3733614835835439e+001	
  1.7400000000000000e+004	 -3.8593570153798055e+001	 -5.3733614835835439e+001	
  1.7430000000000000e+004	 -3.8593570153798055e+001	 -5.3733614835835439e+001	
  1.7460000000000000e+004	 -3.8593570153798055e+001	 -5.3733614835835439e+001	
  1.7490000000000000e+004	 -3.8593570153798055e+001	 -5.3733614835835439e+001	
  1.7520000000000000e+004	 -3.8593570153798055e+001	 -5.3733614835835439e+001	
  1.7550000000000000e+004	 -3.8593570153798055e+001	 -5.3733614835835439e+001	
  1.7580000000000000e+004	 -3.8593570153798055e+001	 -5.3733614835835439e+001	
  1.7610000000000000e+004	 -3.8593570153798055e+001	 -5.3733614835835439e+001	
  1.7640000000000000e+004	 -3.8593570153798055e+001	 -5.3733614835835439e+001	
  1.7670000000000000e+004	 -3.8593570153798055e+001	 -5.3733614835835439e+001	
  1.7700000000000000e+004	 -3.8593570153798055e+001	 -5.3733614835835439e+001	
  1.7730000000000000e+004	 -3.8593570153798055e+001	 -5.3733614835835439e+001	
  1.7760000000000000e+004	 -3.8593570153798055e+001	 -5.3733614835835439e+001	
  1.7790000000000000e+004	 -3.8593570153798055e+001	 -5.3733614835835439e+001	
  1.7820000000000000e+004	 -3.8593570153798055e+001	 -5.3733614835835439e+001	
  1.7850000000000000e+004	 -3.8593570153798055e+001	 -5.3733614835835439e+001	
  1.7880000000000000e+004	 -3.8593570153798055e+001	 -5.3733614835835439e+001	
  1.7910000000000000e+004	 -3.8593570153798055e+001	 -5.3733614835835439e+001	
  1.7940000000000000e+004	 -3.8593570153798055e+001	 -5.3733614835835439e+001	
  1.7970000000000000e+004	 -3.8593570153798055e+001	 -5.3733614835835439e+001	
  1.8000000000000000e+004	 -3.8593570153798055e+001	 -5.3733614835835439e+001	
  1.8030000000000000e+004	 -3.8593570153798055e+001	 -5.3733614835835439e+001	
  1.8060000000000000e+004	 -3.8593570153798055e+001	 -5.3733614835835439e+001	
  1.8090000000000000e+004	 -3.8593570153798055e+001	 -5.3733614835835439e+001	
  1.8120000000000000e+004	 -3.8593570153798055e+001	 -5.3733614835835439e+001	
  1.8150000000000000e+004	 -3.8593570153798055e+001	 -5.3733614835835439e+001	
  1.8180000000000000e+004	 -3.8593570153798055e+001	 -5.3733614835835439e+001	
  1.8210000000000000e+004	 -3.8593570153798055e+001	 -5.3733614835835439e+001	
  1.8240000000000000e+004	 -3.8593570153798055e+001	 -5.3733614835835439e+001	
  1.8270000000000000e+004	 -3.8593570153798055e+001	 -5.3733614835835439e+001	
  1.8300000000000000e+004	 -3.8593570153798055e+001	 -5.3733614835835439e+001	
  1.8330000000000000e+004	 -3.8593570153798055e+001	 -5.3733614835835439e+001	
  1.8360000000000000e+004	 -3.8593570153798055e+001	 -5.3733614835835439e+001	
  1.8390000000000000e+004	 -3.8593570153798055e+001	 -5.3733614835835439e+001	
  1.8420000000000000e+004	 -3.8593570153798055e+001	 -5.3733614835835439e+001	
  1.8450000000000000e+004	 -3.8593570153798055e+001	 -5.3733614835835439e+001	
  1.8480000000000000e+004	 -3.8593570153798055e+001	 -5.3733614835835439e+001	
  1.8510000000000000e+004	 -3.8593570153798055e+001	 -5.3733614835835439e+001	
  1.8540000000000000e+004	 -3.8593570153798055e+001	 -5.3733614835835439e+001	
  1.8570000000000000e+004	 -3.8593570153798055e+001	 -5.3733614835835439e+001	
  1.8600000000000000e+004	 -3.8593570153798055e+001	 -5.3733614835835439e+001	
  1.8630000000000000e+004	 -3.8593570153798055e+001	 -5.3733614835835439e+001	
  1.8660000000000000e+004	 -3.8593570153798055e+001	 -5.3733614835835439e+001	
  1.8690000000000000e+004	 -3.8593570153798055e+001	 -5.3733614835835439e+001	
  1.8720000000000000e+004	 -3.8593570153798055e+001	 -5.3733614835835439e+001	
  1.8750000000000000e+004	 -3.8593570153798055e+001	 -5.3733614835835439e+001	
  1.8780000000000000e+004	 -3.8593570153798055e+001	 -5.3733614835835439e+001	
  1.8810000000000000e+004	 -3.8593570153798055e+001	 -5.3733614835835439e+001	
  1.8840000000000000e+004	 -3.8593570153798055e+001	 -5.3733614835835439e+001	
  1.8870000000000000e+004	 -3.8593570153798055e+001	 -5.3733614835835439e+001	
  1.8900000000000000e+004	 -3.8593570153798055e+001	 -5.3733614835835439e+001	
  1.8930000000000000e+004	 -3.8593570153798055e+001	 -5.3733614835835439e+001	
  1.8960000000000000e+004	 -3.8593570153798055e+001	 -5.3733614835835439e+001	
  1.8990000000000000e+004	 -3.8593570153798055e+001	 -5.3733614835835439e+001	
  1.9020000000000000e+004	 -3.8593570153798055e+001	 -5.3733614835835439e+001	
  1.9050000000000000e+004	 -3.8593570153798055e+001	 -5.3733614835835439e+001	
  1.9080000000000000e+004	 -3.8593570153798055e+001	 -5.3733614835835439e+001	
  1.9110000000000000e+004	 -3.8593570153798055e+001	 -5.3733614835835439e+001	
  1.9140000000000000e+004	 -3.8593570153798055e+001	 -5.3733614835835439e+001	
  1.9170000000000000e+004	 -3.8593570153798055e+001	 -5.3733614835835439e+001	
  1.9200000000000000e+004	 -3.8593570153798055e+001	 -5.3733614835835439e+001	
  1.9230000000000000e+004	 -3.8593570153798055e+001	 -5.3733614835835439e+001	
  1.9260000000000000e+004	 -3.8593570153798055e+001	 -5.3733614835835439e+001	
  1.9290000000000000e+004	 -3.8593570153798055e+001	 -5.3733614835835439e+001	
  1.9320000000000000e+004	 -3.8593570153798055e+001	 -5.3733614835835439e+001	
  1.9350000000000000e+004	 -3.8593570153798055e+001	 -5.3733614835835439e+001	
  1.9380000000000000e+004	 -3.8593570153798055e+001	 -5.3733614835835439e+001	
  1.9410000000000000e+004	 -3.8593570153798055e+001	 -5.3733614835835439e+001	
  1.9440000000000000e+004	 -3.8593570153798055e+001	 -5.3733614835835439e+001	
  1.9470000000000000e+004	 -3.8593570153798055e+001	 -5.3733614835835439e+001	
  1.9500000000000000e+004	 -3.8593570153798055e+001	 -5.3733614835835439e+001	
  1.9530000000000000e+004	 -3.8593570153798055e+001	 -5.3733614835835439e+001	
  1.9560000000000000e+004	 -3.8593570153798055e+001	 -5.3733614835835439e+001	
  1.9590000000000000e+004	 -3.8593570153798055e+001	 -5.3733614835835439e+001	
  1.9620000000000000e+004	 -3.8593570153798055e+001	 -5.3733614835835439e+001	
  1.9650000000000000e+004	 -3.8593570153798055e+001	 -5.3733614835835439e+001	
  1.9680000000000000e+004	 -3.8593570153798055e+001	 -5.3733614835835439e+001	
  1.9710000000000000e+004	 -3.8593570153798055e+001	 -5.3733614835835439e+001	
  1.9740000000000000e+004	 -3.8593570153798055e+001	 -5.3733614835835439e+001	
  1.9770000000000000e+004	 -3.8593570153798055e+001	 -5.3733614835835439e+001	
  1.9800000000000000e+004	 -3.8593570153798055e+001	 -5.3733614835835439e+001	
  1.9830000000000000e+004	 -3.8593570153798055e+001	 -5.3733614835835439e+001	
  1.9860000000000000e+004	 -3.8593570153798055e+001	 -5.3733614835835439e+001	
  1.9890000000000000e+004	 -3.8593570153798055e+001	 -5.3733614835835439e+001	
  1.9920000000000000e+004	 -3.8593570153798055e+001	 -5.3733614835835439e+001	
  1.9950000000000000e+004	 -3.8593570153798055e+001	 -5.3733614835835439e+001	
  1.9980000000000000e+004	 -3.8593570153798055e+001	 -5.3733614835835439e+001	
  2.0010000000000000e+004	 -3.8593570153798055e+001	 -5.3733614835835439e+001	
  2.0040000000000000e+004	 -3.8593570153798055e+001	 -5.3733614835835439e+001	
  2.0070000000000000e+004	 -3.8593570153798055e+001	 -5.3733614835835439e+001	
  2.0100000000000000e+004	 -3.8593570153798055e+001	 -5.3733614835835439e+001	
  2.0130000000000000e+004	 -3.8593570153798055e+001	 -5.3733614835835439e+001	
  2.0160000000000000e+004	 -3.8593570153798055e+001	 -5.3733614835835439e+001	
  2.0190000000000000e+004	 -3.8593570153798055e+001	 -5.3733614835835439e+001	
  2.0220000000000000e+004	 -3.8593570153798055e+001	 -5.3733614835835439e+001	
  2.0250000000000000e+004	 -3.8593570153798055e+001	 -5.3733614835835439e+001	
  2.0280000000000000e+004	 -3.8593570153798055e+001	 -5.3733614835835439e+001	
  2.0310000000000000e+004	 -3.8593570153798055e+001	 -5.3733614835835439e+001	
  2.0340000000000000e+004	 -3.8593570153798055e+001	 -5.3733614835835439e+001	
  2.0370000000000000e+004	 -3.8593570153798055e+001	 -5.3733614835835439e+001	
  2.0400000000000000e+004	 -3.8593570153798055e+001	 -5.3733614835835439e+001	
  2.0430000000000000e+004	 -3.8593570153798055e+001	 -5.3733614835835439e+001	
  2.0460000000000000e+004	 -3.8593570153798055e+001	 -5.3733614835835439e+001	
  2.0490000000000000e+004	 -3.8593570153798055e+001	 -5.3733614835835439e+001	
  2.0520000000000000e+004	 -3.8593570153798055e+001	 -5.3733614835835439e+001	
  2.0550000000000000e+004	 -3.8593570153798055e+001	 -5.3733614835835439e+001	
  2.0580000000000000e+004	 -3.8593570153798055e+001	 -5.3733614835835439e+001	
  2.0610000000000000e+004	 -3.8593570153798055e+001	 -5.3733614835835439e+001	
  2.0640000000000000e+004	 -3.8593570153798055e+001	 -5.3733614835835439e+001	
  2.0670000000000000e+004	 -3.8593570153798055e+001	 -5.3733614835835439e+001	
  2.0700000000000000e+004	 -3.8593570153798055e+001	 -5.3733614835835439e+001	
  2.0730000000000000e+004	 -3.8593570153798055e+001	 -5.3733614835835439e+001	
  2.0760000000000000e+004	 -3.8593570153798055e+001	 -5.3733614835835439e+001	
  2.0790000000000000e+004	 -3.8593570153798055e+001	 -5.3733614835835439e+001	
  2.0820000000000000e+004	 -3.8593570153798055e+001	 -5.3733614835835439e+001	
  2.0850000000000000e+004	 -3.8593570153798055e+001	 -5.3733614835835439e+001	
  2.0880000000000000e+004	 -3.8593570153798055e+001	 -5.3733614835835439e+001	
  2.0910000000000000e+004	 -3.8593570153798055e+001	 -5.3733614835835439e+001	
  2.0940000000000000e+004	 -3.8593570153798055e+001	 -5.3733614835835439e+001	
  2.0970000000000000e+004	 -3.8593570153798055e+001	 -5.3733614835835439e+001	
  2.1000000000000000e+004	 -3.8593570153798055e+001	 -5.3733614835835439e+001	
  2.1030000000000000e+004	 -3.8593570153798055e+001	 -5.3733614835835439e+001	
  2.1060000000000000e+004	 -3.8593570153798055e+001	 -5.3733614835835439e+001	
  2.1090000000000000e+004	 -3.8593570153798055e+001	 -5.3733614835835439e+001	
  2.1120000000000000e+004	 -3.8593570153798055e+001	 -5.3733614835835439e+001	
  2.1150000000000000e+004	 -3.8593570153798055e+001	 -5.3733614835835439e+001	
  2.1180000000000000e+004	 -3.8593570153798055e+001	 -5.3733614835835439e+001	
  2.1210000000000000e+004	 -3.8593570153798055e+001	 -5.3733614835835439e+001	
  2.1240000000000000e+004	 -3.8593570153798055e+001	 -5.3733614835835439e+001	
  2.1270000000000000e+004	 -3.8593570153798055e+001	 -5.3733614835835439e+001	
  2.1300000000000000e+004	 -3.8593570153798055e+001	 -5.3733614835835439e+001	
  2.1330000000000000e+004	 -3.8593570153798055e+001	 -5.3733614835835439e+001	
  2.1360000000000000e+004	 -3.8593570153798055e+001	 -5.3733614835835439e+001	
  2.1390000000000000e+004	 -3.8593570153798055e+001	 -5.3733614835835439e+001	
  2.1420000000000000e+004	 -3.8593570153798055e+001	 -5.3733614835835439e+001	
  2.1450000000000000e+004	 -3.8593570153798055e+001	 -5.3733614835835439e+001	
  2.1480000000000000e+004	 -3.8593570153798055e+001	 -5.3733614835835439e+001	
  2.1510000000000000e+004	 -3.8593570153798055e+001	 -5.3733614835835439e+001	
  2.1540000000000000e+004	 -3.8593570153798055e+001	 -5.3733614835835439e+001	
  2.1570000000000000e+004	 -3.8593570153798055e+001	 -5.3733614835835439e+001	
  2.1600000000000000e+004	 -3.8593570153798055e+001	 -5.3733614835835439e+001	
  2.1630000000000000e+004	 -3.8593570153798055e+001	 -5.3733614835835439e+001	
  2.1660000000000000e+004	 -3.8593570153798055e+001	 -5.3733614835835439e+001	
  2.1690000000000000e+004	 -3.8593570153798055e+001	 -5.3733614835835439e+001	
  2.1720000000000000e+004	 -3.8593570153798055e+001	 -5.3733614835835439e+001	
  2.1750000000000000e+004	 -3.8593570153798055e+001	 -5.3733614835835439e+001	
  2.1780000000000000e+004	 -3.8593570153798055e+001	 -5.3733614835835439e+001	
  2.1810000000000000e+004	 -3.8593570153798055e+001	 -5.3733614835835439e+001	
  2.1840000000000000e+004	 -3.8593570153798055e+001	 -5.3733614835835439e+001	
  2.1870000000000000e+004	 -3.8593570153798055e+001	 -5.3733614835835439e+001	
  2.1900000000000000e+004	 -3.8593570153798055e+001	 -5.3733614835835439e+001	
  2.1930000000000000e+004	 -3.8593570153798055e+001	 -5.3733614835835439e+001	
  2.1960000000000000e+004	 -3.8593570153798055e+001	 -5.3733614835835439e+001	
  2.1990000000000000e+004	 -3.8593570153798055e+001	 -5.3733614835835439e+001	
  2.2020000000000000e+004	 -3.8593570153798055e+001	 -5.3733614835835439e+001	
  2.2050000000000000e+004	 -3.8593570153798055e+001	 -5.3733614835835439e+001	
  2.2080000000000000e+004	 -3.8593570153798055e+001	 -5.3733614835835439e+001	
  2.2110000000000000e+004	 -3.8593570153798055e+001	 -5.3733614835835439e+001	
  2.2140000000000000e+004	 -3.8593570153798055e+001	 -5.3733614835835439e+001	
  2.2170000000000000e+004	 -3.8593570153798055e+001	 -5.3733614835835439e+001	
  2.2200000000000000e+004	 -3.8593570153798055e+001	 -5.3733614835835439e+001	
  2.2230000000000000e+004	 -3.8593570153798055e+001	 -5.3733614835835439e+001	
  2.2260000000000000e+004	 -3.8593570153798055e+001	 -5.3733614835835439e+001	
  2.2290000000000000e+004	 -3.8593570153798055e+001	 -5.3733614835835439e+001	
  2.2320000000000000e+004	 -3.8593570153798055e+001	 -5.3733614835835439e+001	
  2.2350000000000000e+004	 -3.8593570153798055e+001	 -5.3733614835835439e+001	
  2.2380000000000000e+004	 -3.8593570153798055e+001	 -5.3733614835835439e+001	
  2.2410000000000000e+004	 -3.8593570153798055e+001	 -5.3733614835835439e+001	
  2.2440000000000000e+004	 -3.8593570153798055e+001	 -5.3733614835835439e+001	
  2.2470000000000000e+004	 -3.8593570153798055e+001	 -5.3733614835835439e+001	
  2.2500000000000000e+004	 -3.8593570153798055e+001	 -5.3733614835835439e+001	
  2.2530000000000000e+004	 -3.8593570153798055e+001	 -5.3733614835835439e+001	
  2.2560000000000000e+004	 -3.8593570153798055e+001	 -5.3733614835835439e+001	
  2.2590000000000000e+004	 -3.8593570153798055e+001	 -5.3733614835835439e+001	
  2.2620000000000000e+004	 -3.8593570153798055e+001	 -5.3733614835835439e+001	
  2.2650000000000000e+004	 -3.8593570153798055e+001	 -5.3733614835835439e+001	
  2.2680000000000000e+004	 -3.8593570153798055e+001	 -5.3733614835835439e+001	
  2.2710000000000000e+004	 -3.8593570153798055e+001	 -5.3733614835835439e+001	
  2.2740000000000000e+004	 -3.8593570153798055e+001	 -5.3733614835835439e+001	
  2.2770000000000000e+004	 -3.8593570153798055e+001	 -5.3733614835835439e+001	
  2.2800000000000000e+004	 -3.8593570153798055e+001	 -5.3733614835835439e+001	
  2.2830000000000000e+004	 -3.8593570153798055e+001	 -5.3733614835835439e+001	
  2.2860000000000000e+004	 -3.8593570153798055e+001	 -5.3733614835835439e+001	
  2.2890000000000000e+004	 -3.8593570153798055e+001	 -5.3733614835835439e+001	
  2.2920000000000000e+004	 -3.8593570153798055e+001	 -5.3733614835835439e+001	
  2.2950000000000000e+004	 -3.8593570153798055e+001	 -5.3733614835835439e+001	
  2.2980000000000000e+004	 -3.8593570153798055e+001	 -5.3733614835835439e+001	
  2.3010000000000000e+004	 -3.8593570153798055e+001	 -5.3733614835835439e+001	
  2.3040000000000000e+004	 -3.8593570153798055e+001	 -5.3733614835835439e+001	
  2.3070000000000000e+004	 -3.8593570153798055e+001	 -5.3733614835835439e+001	
  2.3100000000000000e+004	 -3.8593570153798055e+001	 -5.3733614835835439e+001	
  2.3130000000000000e+004	 -3.8593570153798055e+001	 -5.3733614835835439e+001	
  2.3160000000000000e+004	 -3.8593570153798055e+001	 -5.3733614835835439e+001	
  2.3190000000000000e+004	 -3.8593570153798055e+001	 -5.3733614835835439e+001	
  2.3220000000000000e+004	 -3.8593570153798055e+001	 -5.3733614835835439e+001	
  2.3250000000000000e+004	 -3.8593570153798055e+001	 -5.3733614835835439e+001	
  2.3280000000000000e+004	 -3.8593570153798055e+001	 -5.3733614835835439e+001	
  2.3310000000000000e+004	 -3.8593570153798055e+001	 -5.3733614835835439e+001	
  2.3340000000000000e+004	 -3.8593570153798055e+001	 -5.3733614835835439e+001	
  2.3370000000000000e+004	 -3.8593570153798055e+001	 -5.3733614835835439e+001	
  2.3400000000000000e+004	 -3.8593570153798055e+001	 -5.3733614835835439e+001	
  2.3430000000000000e+004	 -3.8593570153798055e+001	 -5.3733614835835439e+001	
  2.3460000000000000e+004	 -3.8593570153798055e+001	 -5.3733614835835439e+001	
  2.3490000000000000e+004	 -3.8593570153798055e+001	 -5.3733614835835439e+001	
  2.3520000000000000e+004	 -3.8593570153798055e+001	 -5.3733614835835439e+001	
  2.3550000000000000e+004	 -3.8593570153798055e+001	 -5.3733614835835439e+001	
  2.3580000000000000e+004	 -3.8593570153798055e+001	 -5.3733614835835439e+001	
  2.3610000000000000e+004	 -3.8593570153798055e+001	 -5.3733614835835439e+001	
  2.3640000000000000e+004	 -3.8593570153798055e+001	 -5.3733614835835439e+001	
  2.3670000000000000e+004	 -3.8593570153798055e+001	 -5.3733614835835439e+001	
  2.3700000000000000e+004	 -3.8593570153798055e+001	 -5.3733614835835439e+001	
  2.3730000000000000e+004	 -3.8593570153798055e+001	 -5.3733614835835439e+001	
  2.3760000000000000e+004	 -3.8593570153798055e+001	 -5.3733614835835439e+001	
  2.3790000000000000e+004	 -3.8593570153798055e+001	 -5.3733614835835439e+001	
  2.3820000000000000e+004	 -3.8593570153798055e+001	 -5.3733614835835439e+001	
  2.3850000000000000e+004	 -3.8593570153798055e+001	 -5.3733614835835439e+001	
  2.3880000000000000e+004	 -3.8593570153798055e+001	 -5.3733614835835439e+001	
  2.3910000000000000e+004	 -3.8593570153798055e+001	 -5.3733614835835439e+001	
  2.3940000000000000e+004	 -3.8593570153798055e+001	 -5.3733614835835439e+001	
  2.3970000000000000e+004	 -3.8593570153798055e+001	 -5.3733614835835439e+001	
  2.4000000000000000e+004	 -3.8593570153798055e+001	 -5.3733614835835439e+001	
  2.4030000000000000e+004	 -3.8593570153798055e+001	 -5.3733614835835439e+001	
  2.4060000000000000e+004	 -3.8593570153798055e+001	 -5.3733614835835439e+001	
  2.4090000000000000e+004	 -3.8593570153798055e+001	 -5.3733614835835439e+001	
  2.4120000000000000e+004	 -3.8593570153798055e+001	 -5.3733614835835439e+001	
  2.4150000000000000e+004	 -3.8593570153798055e+001	 -5.3733614835835439e+001	
  2.4180000000000000e+004	 -3.8593570153798055e+001	 -5.3733614835835439e+001	
  2.4210000000000000e+004	 -3.8593570153798055e+001	 -5.3733614835835439e+001	
  2.4240000000000000e+004	 -3.8593570153798055e+001	 -5.3733614835835439e+001	
  2.4270000000000000e+004	 -3.8593570153798055e+001	 -5.3733614835835439e+001	
  2.4300000000000000e+004	 -3.8593570153798055e+001	 -5.3733614835835439e+001	
  2.4330000000000000e+004	 -3.8593570153798055e+001	 -5.3733614835835439e+001	
  2.4360000000000000e+004	 -3.8593570153798055e+001	 -5.3733614835835439e+001	
  2.4390000000000000e+004	 -3.8593570153798055e+001	 -5.3733614835835439e+001	
  2.4420000000000000e+004	 -3.8593570153798055e+001	 -5.3733614835835439e+001	
  2.4450000000000000e+004	 -3.8593570153798055e+001	 -5.3733614835835439e+001	
  2.4480000000000000e+004	 -3.8593570153798055e+001	 -5.3733614835835439e+001	
  2.4510000000000000e+004	 -3.8593570153798055e+001	 -5.3733614835835439e+001	
  2.4540000000000000e+004	 -3.8593570153798055e+001	 -5.3733614835835439e+001	
  2.4570000000000000e+004	 -3.8593570153798055e+001	 -5.3733614835835439e+001	
  2.4600000000000000e+004	 -3.8593570153798055e+001	 -5.3733614835835439e+001	
  2.4630000000000000e+004	 -3.8593570153798055e+001	 -5.3733614835835439e+001	
  2.4660000000000000e+004	 -3.8593570153798055e+001	 -5.3733614835835439e+001	
  2.4690000000000000e+004	 -3.8593570153798055e+001	 -5.3733614835835439e+001	
  2.4720000000000000e+004	 -3.8593570153798055e+001	 -5.3733614835835439e+001	
  2.4750000000000000e+004	 -3.8593570153798055e+001	 -5.3733614835835439e+001	
  2.4780000000000000e+004	 -3.8593570153798055e+001	 -5.3733614835835439e+001	
  2.4810000000000000e+004	 -3.8593570153798055e+001	 -5.3733614835835439e+001	
  2.4840000000000000e+004	 -3.8593570153798055e+001	 -5.3733614835835439e+001	
  2.4870000000000000e+004	 -8.5539908933952482e+000	 -4.1647441820452379e+001	
  2.4900000000000000e+004	  4.5530046802258326e+000	 -2.2151373539652933e+001	
  2.4930000000000000e+004	  2.3306381348362152e+001	 -8.3982081922430680e+000	
  2.4960000000000000e+004	  3.0737007744744663e+001	  1.1908472342200964e+001	
  2.4990000000000000e+004	  3.2308414340864282e+001	  1.2235983934384448e+001	
  2.5020000000000000e+004	  3.2395543139591105e+001	  1.2045529185627164e+001	
  2.5050000000000000e+004	  4.0835141837517348e+001	  3.3514611812842624e+001	
  2.5080000000000000e+004	  1.6512224859258660e+002	  2.4677496736533277e+002	
  2.5110000000000000e+004	  2.5665173188658395e+002	  4.1257382125428984e+002	
  2.5140000000000000e+004	 -1.9827332457457643e+002	  5.4348273906058046e+002	
  2.5170000000000000e+004	 -3.7335218451939113e+002	  6.3415050806992099e+002	
  2.5200000000000000e+004	 -1.7682313507033953e+002	  9.5134857997908114e+002	
  2.5230000000000000e+004	 -4.4014135771723869e+002	  1.0870759273630167e+003	
  2.5260000000000000e+004	 -4.4139473123232284e+002	  1.0836387297541869e+003	
  2.5290000000000000e+004	 -5.2797430871547033e+002	  1.1285097399601782e+003	
  2.5320000000000000e+004	 -1.0214555173175916e+003	  1.3841494645719426e+003	
  2.5350000000000000e+004	 -1.2099303334080405e+003	  1.4908407183112959e+003	
  2.5380000000000000e+004	 -1.3417854940035966e+003	  1.6393518636573770e+003	
  2.5410000000000000e+004	 -1.4553186996861177e+003	  1.6743976649436065e+003	
  2.5440000000000000e+004	 -1.4744090628209058e+003	  1.6878384112546007e+003	
  2.5470000000000000e+004	 -1.5045517364441278e+003	  1.7162318028258182e+003	
  2.5500000000000000e+004	 -1.5100079028784342e+003	  1.7306391120896008e+003	
  2.5530000000000000e+004	 -1.5157641678150756e+003	  1.7472144609953937e+003	
  2.5560000000000000e+004	 -1.5085814453887549e+003	  1.7445497046015555e+003	
  2.5590000000000000e+004	 -1.4976591513341059e+003	  1.7493252050037345e+003	
  2.5620000000000000e+004	 -1.5012964513276013e+003	  1.7394534048982061e+003	
  2.5650000000000000e+004	 -1.5078256665994645e+003	  1.7411482388399099e+003	
  2.5680000000000000e+004	 -1.5078799877705071e+003	  1.7456517446925889e+003	
  2.5710000000000000e+004	 -1.5064069652878939e+003	  1.7447532537272637e+003	
  2.5740000000000000e+004	 -1.5022653001418994e+003	  1.7364680798997035e+003	
  2.5770000000000000e+004	 -1.5084068352741431e+003	  1.7370246692155149e+003	
  2.5800000000000000e+004	 -1.5115597076755548e+003	  1.7499576920188151e+003	
  2.5830000000000000e+004	 -1.5136780428108091e+003	  1.7540865436569145e+003	
  2.5860000000000000e+004	 -1.5101228504710407e+003	  1.7516211206813809e+003	
  2.5890000000000000e+004	 -1.5162361600081804e+003	  1.7442602782242695e+003	
  2.5920000000000000e+004	 -1.5113270729262063e+003	  1.7533882817094725e+003	
  2.5950000000000000e+004	 -1.5077055506913196e+003	  1.7453079673478746e+003	
  2.5980000000000000e+004	 -1.5072628245894514e+003	  1.7423307806396142e+003	
  2.6010000000000000e+004	 -1.5111371765095346e+003	  1.7397990313772598e+003	
  2.6040000000000000e+004	 -1.5109357007343033e+003	  1.7442602778273845e+003	
  2.6070000000000000e+004	 -1.5068262916755505e+003	  1.7453734487388119e+003	
  2.6100000000000000e+004	 -1.5110999109840520e+003	  1.7466687725124661e+003	
  2.6130000000000000e+004	 -1.5069166074299969e+003	  1.7453177919930090e+003	
  2.6160000000000000e+004	 -1.5139884010562191e+003	  1.7483047969450568e+003	
  2.6190000000000000e+004	 -1.5128858704701884e+003	  1.7505558789731253e+003	
  2.6220000000000000e+004	 -1.5089219720692297e+003	  1.7479584777183768e+003	
  2.6250000000000000e+004	 -1.5039813174934679e+003	  1.7442602794130125e+003	
  2.6280000000000000e+004	 -1.5057635670066318e+003	  1.7416294863340593e+003	
  2.6310000000000000e+004	 -1.5047576123824247e+003	  1.7421452545759753e+003	
  2.6340000000000000e+004	 -1.5077896710785449e+003	  1.7454847669889609e+003	
  2.6370000000000000e+004	 -1.5110005438305043e+003	  1.7436380436200207e+003	
  2.6400000000000000e+004	 -1.5119606427831743e+003	  1.7437024409295923e+003	
  2.6430000000000000e+004	 -1.5102862326290349e+003	  1.7477548842555241e+003	
  2.6460000000000000e+004	 -1.5086118224748955e+003	  1.7518073275814554e+003	
  2.6490000000000000e+004	 -1.5069815927033774e+003	  1.7500460535521074e+003	
  2.6520000000000000e+004	 -1.5067269436170022e+003	  1.7443270706159037e+003	
  2.6550000000000000e+004	 -1.5095973732625346e+003	  1.7491278716523086e+003	
  2.6580000000000000e+004	 -1.5122377643463478e+003	  1.7491211239798058e+003	
  2.6610000000000000e+004	 -1.5037501071246265e+003	  1.7534639769252049e+003	
  2.6640000000000000e+004	 -1.5070972430355282e+003	  1.7527203792338764e+003	
  2.6670000000000000e+004	 -1.5052239501626873e+003	  1.7488549860891251e+003	
  2.6700000000000000e+004	 -1.5077181687797852e+003	  1.7460552653116724e+003	
  2.6730000000000000e+004	 -1.5044630066092552e+003	  1.7432584253666093e+003	
  2.6760000000000000e+004	 -1.5132283538623685e+003	  1.7739562540660977e+003	
  2.6790000000000000e+004	 -1.5159482748441108e+003	  1.7486109223412686e+003	
  2.6820000000000000e+004	 -1.5162643841115687e+003	  1.7432027669208085e+003	
  2.6850000000000000e+004	 -1.5263831530607629e+003	  1.7327457454644459e+003	
  2.6880000000000000e+004	 -1.5188163787684000e+003	  1.7411352538262763e+003	
  2.6910000000000000e+004	 -1.5112496044760373e+003	  1.7495247621881072e+003	
  2.6940000000000000e+004	 -1.5061612326701040e+003	  1.7541143715827327e+003	
  2.6970000000000000e+004	 -1.5043138487310403e+003	  1.7537348823279369e+003	
  2.7000000000000000e+004	 -1.5083450391957722e+003	  1.7530133197293617e+003	
  2.7030000000000000e+004	 -1.5054083211836241e+003	  1.7495255751167474e+003	
  2.7060000000000000e+004	 -1.5057723856966625e+003	  1.7487302074121080e+003	
  2.7090000000000000e+004	 -1.5071080538662231e+003	  1.7469428629432632e+003	
  2.7120000000000000e+004	 -1.5087063833232132e+003	  1.7487760418511491e+003	
  2.7150000000000000e+004	 -1.5106481929253039e+003	  1.7553437513286049e+003	
  2.7180000000000000e+004	 -1.5123010759756016e+003	  1.7602572003066734e+003	
  2.7210000000000000e+004	 -1.5075889698213296e+003	  1.7507290384291944e+003	
  2.7240000000000000e+004	 -1.5020947046797758e+003	  1.7475750548615897e+003	
  2.7270000000000000e+004	 -1.5068093568588333e+003	  1.7497078585415825e+003	
  2.7300000000000000e+004	 -1.5222252835319714e+003	  1.7549467227929604e+003	
  2.7330000000000000e+004	 -1.5190724112617329e+003	  1.7541877419138277e+003	
  2.7360000000000000e+004	 -1.5159195389914946e+003	  1.7534287610346951e+003	
  2.7390000000000000e+004	 -1.5127666667212561e+003	  1.7526697801555626e+003	
  2.7420000000000000e+004	 -1.5115317914230175e+003	  1.7522083190523970e+003	
  2.7450000000000000e+004	 -1.5141329100687790e+003	  1.7523418975011652e+003	
  2.7480000000000000e+004	 -1.5139019819001717e+003	  1.7519498869608367e+003	
  2.7510000000000000e+004	 -1.5122550303243793e+003	  1.7512950819259593e+003	
  2.7540000000000000e+004	 -1.5032437304625164e+003	  1.7509578569346090e+003	
  2.7570000000000000e+004	 -1.5036764986003091e+003	  1.7475023899375035e+003	
  2.7600000000000000e+004	 -1.5156321658913605e+003	  1.7418113024061645e+003	
  2.7630000000000000e+004	 -1.5290667707586072e+003	  1.7467649106000347e+003	
  2.7660000000000000e+004	 -1.5140709793504120e+003	  1.7454211545401683e+003	
  2.7690000000000000e+004	 -1.5042841436888284e+003	  1.7464735232352182e+003	
  2.7720000000000000e+004	 -1.5040114226622240e+003	  1.7417618292920545e+003	
  2.7750000000000000e+004	 -1.5011875210603141e+003	  1.7442454363635625e+003	
  2.7780000000000000e+004	 -1.5008530771714761e+003	  1.7471039274871853e+003	
  2.7810000000000000e+004	 -1.5032362049770811e+003	  1.7486294755898143e+003	
  2.7840000000000000e+004	 -1.4950700723205227e+003	  1.7415144567759496e+003	
  2.7870000000000000e+004	 -1.4914273023213595e+003	  1.7394736400648592e+003	
  2.7900000000000000e+004	 -1.4940739722050323e+003	  1.7396285201742592e+003	
  2.7930000000000000e+004	 -1.4892958282515717e+003	  1.7266387839777949e+003	
  2.7960000000000000e+004	 -1.5242703109547206e+003	  1.7485380363023710e+003	
  2.7990000000000000e+004	 -1.5219747279641954e+003	  1.7485477804182219e+003	
  2.8020000000000000e+004	 -1.5016201824347081e+003	  1.7408730584224847e+003	
  2.8050000000000000e+004	 -1.5028613921534102e+003	  1.7430970158974983e+003	
  2.8080000000000000e+004	 -1.5063282798221749e+003	  1.7455804065702011e+003	
  2.8110000000000000e+004	 -1.5102207996142438e+003	  1.7468033262486995e+003	
  2.8140000000000000e+004	 -1.5134569125336441e+003	  1.7480488335819691e+003	
  2.8170000000000000e+004	 -1.5134109910897018e+003	  1.7494072791890933e+003	
  2.8200000000000000e+004	 -1.5133742539345481e+003	  1.7508057237282878e+003	
  2.8230000000000000e+004	 -1.5131268641804857e+003	  1.7515733279336089e+003	
  2.8260000000000000e+004	 -1.5118899154101737e+003	  1.7491775878903127e+003	
  2.8290000000000000e+004	 -1.5103780930054290e+003	  1.7491533924004470e+003	
  2.8320000000000000e+004	 -1.5070972432449621e+003	  1.7503827198904198e+003	
  2.8350000000000000e+004	 -1.5093711818679217e+003	  1.7505802173977415e+003	
  2.8380000000000000e+004	 -1.5077617165892202e+003	  1.7558690650888791e+003	
  2.8410000000000000e+004	 -1.5096634129973165e+003	  1.7494099045425578e+003	
  2.8440000000000000e+004	 -1.5119141308004230e+003	  1.7478595299510223e+003	
  2.8470000000000000e+004	 -1.5088985586418873e+003	  1.7479749716432852e+003	
  2.8500000000000000e+004	 -1.5074246417271033e+003	  1.7464170463235321e+003	
  2.8530000000000000e+004	 -1.5159619283792483e+003	  1.7492643710768461e+003	
  2.8560000000000000e+004	 -1.5103538945937673e+003	  1.7519049166961604e+003	
  2.8590000000000000e+004	 -1.5036697254718656e+003	  1.7349875642653139e+003	
  2.8620000000000000e+004	 -1.5003310188302112e+003	  1.7236666148727174e+003	
  2.8650000000000000e+004	 -1.5106716984000404e+003	  1.7382748419522272e+003	
  2.8680000000000000e+004	 -1.5132658715359585e+003	  1.7343753169588565e+003	
  2.8710000000000000e+004	 -1.5132791815094504e+003	  1.7399833566093389e+003	
  2.8740000000000000e+004	 -1.5129847579459213e+003	  1.7440446011476506e+003	
  2.8770000000000000e+004	 -1.5125737171017834e+003	  1.7524623246045580e+003	
  2.8800000000000000e+004	 -1.5145622619956362e+003	  1.7555375576730135e+003	
  2.8830000000000000e+004	 -1.5109723922405126e+003	  1.7428235920259508e+003	
  2.8860000000000000e+004	 -1.5083052293788851e+003	  1.7302482374180747e+003	
  2.8890000000000000e+004	 -1.5123321373198123e+003	  1.7482762569981664e+003	
  2.8920000000000000e+004	 -1.5124593022624126e+003	  1.7572456606705837e+003	
  2.8950000000000000e+004	 -1.5091293658897580e+003	  1.7514958881584380e+003	
  2.8980000000000000e+004	 -1.5065359905976707e+003	  1.7502554984870178e+003	
  2.9010000000000000e+004	 -1.5108855250093029e+003	  1.7549838273695800e+003	
  2.9040000000000000e+004	 -1.5060586000760736e+003	  1.7428131560704455e+003	
  2.9070000000000000e+004	 -1.5032242525074330e+003	  1.7329779629418010e+003	
  2.9100000000000000e+004	 -1.5067811326005008e+003	  1.7454291066031146e+003	
  2.9130000000000000e+004	 -1.5077576836618541e+003	  1.7516246005320704e+003	
  2.9160000000000000e+004	 -1.5077482756637055e+003	  1.7548864248505718e+003	
  2.9190000000000000e+004	 -1.5095195345896070e+003	  1.7571418973133725e+003	
  2.9220000000000000e+004	 -1.5061188119671560e+003	  1.7488613847822858e+003	
  2.9250000000000000e+004	 -1.5061360153646081e+003	  1.7494126697645490e+003	
  2.9280000000000000e+004	 -1.5067811329484246e+003	  1.7500858729758795e+003	
  2.9310000000000000e+004	 -1.5082261986931258e+003	  1.7503827183112014e+003	
  2.9340000000000000e+004	 -1.5094660029038052e+003	  1.7527810993869075e+003	
  2.9370000000000000e+004	 -1.5088846917508456e+003	  1.7516517356262223e+003	
  2.9400000000000000e+004	 -1.5065200348813025e+003	  1.7476443168110104e+003	
  2.9430000000000000e+004	 -1.5037442364529511e+003	  1.7494921828833517e+003	
  2.9460000000000000e+004	 -1.5071091264114978e+003	  1.7525563307792600e+003	
  2.9490000000000000e+004	 -1.5029652556414296e+003	  1.7526925499030010e+003	
  2.9520000000000000e+004	 -1.5104651037815649e+003	  1.7494628870891218e+003	
  2.9550000000000000e+004	 -1.5107961219369697e+003	  1.7485004477385262e+003	
  2.9580000000000000e+004	 -1.5063090254484725e+003	  1.7472759604463834e+003	
  2.9610000000000000e+004	 -1.5024554418211567e+003	  1.7437505641022649e+003	
  2.9640000000000000e+004	 -1.5021702318380565e+003	  1.7400595248619138e+003	
  2.9670000000000000e+004	 -1.5003385436339538e+003	  1.7453363447522477e+003	
  2.9700000000000000e+004	 -1.5000149082561093e+003	  1.7467579555118136e+003	
  2.9730000000000000e+004	 -1.5011438681211050e+003	  1.7448794782136345e+003	
  2.9760000000000000e+004	 -1.5013922389906381e+003	  1.7492509922653019e+003	
  2.9790000000000000e+004	 -1.5089874429034003e+003	  1.7551375513900309e+003	
  2.9820000000000000e+004	 -1.5136287800886018e+003	  1.7568897091666411e+003	
  2.9850000000000000e+004	 -1.4880219809061891e+003	  1.7420260979373691e+003	
  2.9880000000000000e+004	 -1.4916092057015892e+003	  1.7444719381688017e+003	
  2.9910000000000000e+004	 -1.4951964304969897e+003	  1.7469177784002343e+003	
  2.9940000000000000e+004	 -1.5002044388586930e+003	  1.7493606256704675e+003	
  2.9970000000000000e+004	 -1.5031082545004936e+003	  1.7471651246807673e+003	
  3.0000000000000000e+004	 -1.5071424014269139e+003	  1.7546572972722620e+003	
  3.0030000000000000e+004	 -1.5087096603024422e+003	  1.7562235952352580e+003	
  3.0060000000000000e+004	 -1.5018137173716902e+003	  1.7459300365761164e+003	
  3.0090000000000000e+004	 -1.5031297606427399e+003	  1.7453098403744116e+003	
  3.0120000000000000e+004	 -1.5094906346456103e+003	  1.7513845751625436e+003	
  3.0150000000000000e+004	 -1.5034394176883131e+003	  1.7438150107971683e+003	
  3.0180000000000000e+004	 -1.5092767257197365e+003	  1.7582628000705292e+003	
  3.0210000000000000e+004	 -1.5100540386523314e+003	  1.7540720865407452e+003	
  3.0240000000000000e+004	 -1.5111464410193894e+003	  1.7565422653660974e+003	
  3.0270000000000000e+004	 -1.5137355150506075e+003	  1.7626276004870076e+003	
  3.0300000000000000e+004	 -1.5141870990082687e+003	  1.7560598915253020e+003	
  3.0330000000000000e+004	 -1.5146386829659300e+003	  1.7494921825635963e+003	
  3.0360000000000000e+004	 -1.5075939859491177e+003	  1.7509393040003679e+003	
  3.0390000000000000e+004	 -1.5125932768294888e+003	  1.7451901034643038e+003	
  3.0420000000000000e+004	 -1.5088674508494660e+003	  1.7539559997853194e+003	
  3.0450000000000000e+004	 -1.5059037721757156e+003	  1.7560598902302791e+003	
  3.0480000000000000e+004	 -1.5095188572391994e+003	  1.7694736017014982e+003	
  3.0510000000000000e+004	 -1.5084068352741431e+003	  1.7609578424609786e+003	
  3.0540000000000000e+004	 -1.5123599263517922e+003	  1.7499117615501596e+003	
  3.0570000000000000e+004	 -1.5105202450580805e+003	  1.7453289208760689e+003	
