  0.0000000000000000e+000	 -1.4859179846697334e+003	  1.6979523659039680e+003	
  3.0000000000000000e+001	 -1.4605992148990481e+003	  1.6815145421216473e+003	
  6.0000000000000000e+001	 -1.4487978390987241e+003	  1.6703457244019742e+003	
  9.0000000000000000e+001	 -1.4519040215452683e+003	  1.6703348130155400e+003	
  1.2000000000000000e+002	 -1.4533915888582703e+003	  1.6698764474906579e+003	
  1.5000000000000000e+002	 -1.4483914118434070e+003	  1.6698633506990654e+003	
  1.8000000000000000e+002	 -1.2705127453276395e+003	  1.6321083019843911e+003	
  2.1000000000000000e+002	 -1.2134439026654309e+003	  1.4298729611173035e+003	
  2.4000000000000000e+002	 -1.2152518489331203e+003	  1.4287876212704000e+003	
  2.7000000000000000e+002	 -1.2173162313570563e+003	  1.4287876212704000e+003	
  3.0000000000000000e+002	 -1.2159072914998651e+003	  1.4033405281397911e+003	
  3.3000000000000000e+002	 -1.2293283464534670e+003	  8.8133012966470881e+002	
  3.6000000000000000e+002	 -9.3688299242042626e+002	  7.6522639014183790e+002	
  3.9000000000000000e+002	 -7.6202993869693967e+002	  4.1379831947340654e+002	
  4.2000000000000000e+002	 -4.1894704301871479e+002	  1.9071886272741810e+002	
  4.5000000000000000e+002	 -1.7818198254170349e+002	  5.0044568956510560e+001	
  4.8000000000000000e+002	 -8.2659005560449174e+001	  8.6804385153201096e+001	
  5.1000000000000000e+002	 -4.8498861197137501e+001	  6.8367968299768279e+001	
  5.4000000000000000e+002	 -7.6228943168422267e+000	  4.4358030981163267e+001	
  5.7000000000000000e+002	 -5.8518394139345801e+001	  6.1318953074090686e+001	
  6.0000000000000000e+002	 -9.7936307126101838e+001	  3.6990073468200549e+001	
  6.3000000000000000e+002	 -1.0227807078077186e+002	 -2.0591255812891118e-001	
  6.6000000000000000e+002	 -9.8145014555473708e+001	 -2.3010190242392746e+001	
  6.9000000000000000e+002	 -7.1107538321986283e+001	 -5.7518437580864685e+001	
  7.2000000000000000e+002	 -9.3111952482992351e+001	 -8.4659530200244035e+001	
  7.5000000000000000e+002	 -9.3618385683966665e+001	 -8.7408376516904681e+001	
  7.8000000000000000e+002	 -9.4364045766682139e+001	 -8.3232599870796719e+001	
  8.1000000000000000e+002	 -5.7486135531170582e+001	 -6.3327056394068137e+001	
  8.4000000000000000e+002	 -4.5958471644869903e+001	 -6.5189046506434693e+001	
  8.7000000000000000e+002	 -7.4343816851097504e+000	 -6.8316092501038838e+001	
  9.0000000000000000e+002	 -1.9186579033002687e+001	 -5.9424219204184411e+001	
  9.3000000000000000e+002	 -1.9807950321755005e+001	 -6.0190091479084785e+001	
  9.6000000000000000e+002	 -1.9807950321755005e+001	 -6.0190091479084785e+001	
  9.9000000000000000e+002	 -1.9807950321755005e+001	 -6.0190091479084785e+001	
  1.0200000000000000e+003	 -1.9807950321755005e+001	 -6.0190091479084785e+001	
  1.0500000000000000e+003	 -1.9807950321755005e+001	 -6.0190091479084785e+001	
  1.0800000000000000e+003	 -1.9807950321755005e+001	 -6.0190091479084785e+001	
  1.1100000000000000e+003	 -1.9807950321755005e+001	 -6.0190091479084785e+001	
  1.1400000000000000e+003	 -1.9807950321755005e+001	 -6.0190091479084785e+001	
  1.1700000000000000e+003	 -1.9807950321755005e+001	 -6.0190091479084785e+001	
  1.2000000000000000e+003	 -1.9807950321755005e+001	 -6.0190091479084785e+001	
  1.2300000000000000e+003	 -1.9807950321755005e+001	 -6.0190091479084785e+001	
  1.2600000000000000e+003	 -1.9807950321755005e+001	 -6.0190091479084785e+001	
  1.2900000000000000e+003	 -1.9807950321755005e+001	 -6.0190091479084785e+001	
  1.3200000000000000e+003	 -1.9807950321755005e+001	 -6.0190091479084785e+001	
  1.3500000000000000e+003	 -1.9807950321755005e+001	 -6.0190091479084785e+001	
  1.3800000000000000e+003	 -1.9807950321755005e+001	 -6.0190091479084785e+001	
  1.4100000000000000e+003	 -1.9807950321755005e+001	 -6.0190091479084785e+001	
  1.4400000000000000e+003	 -1.9807950321755005e+001	 -6.0190091479084785e+001	
  1.4700000000000000e+003	 -1.9807950321755005e+001	 -6.0190091479084785e+001	
  1.5000000000000000e+003	 -1.9807950321755005e+001	 -6.0190091479084785e+001	
  1.5300000000000000e+003	 -1.9807950321755005e+001	 -6.0190091479084785e+001	
  1.5600000000000000e+003	 -1.9807950321755005e+001	 -6.0190091479084785e+001	
  1.5900000000000000e+003	 -1.9807950321755005e+001	 -6.0190091479084785e+001	
  1.6200000000000000e+003	 -1.9807950321755005e+001	 -6.0190091479084785e+001	
  1.6500000000000000e+003	 -1.9807950321755005e+001	 -6.0190091479084785e+001	
  1.6800000000000000e+003	 -1.9807950321755005e+001	 -6.0190091479084785e+001	
  1.7100000000000000e+003	 -1.9807950321755005e+001	 -6.0190091479084785e+001	
  1.7400000000000000e+003	 -1.9807950321755005e+001	 -6.0190091479084785e+001	
  1.7700000000000000e+003	 -1.9807950321755005e+001	 -6.0190091479084785e+001	
  1.8000000000000000e+003	 -1.9807950321755005e+001	 -6.0190091479084785e+001	
  1.8300000000000000e+003	 -1.9807950321755005e+001	 -6.0190091479084785e+001	
  1.8600000000000000e+003	 -1.9807950321755005e+001	 -6.0190091479084785e+001	
  1.8900000000000000e+003	 -1.9807950321755005e+001	 -6.0190091479084785e+001	
  1.9200000000000000e+003	 -1.9807950321755005e+001	 -6.0190091479084785e+001	
  1.9500000000000000e+003	 -1.9807950321755005e+001	 -6.0190091479084785e+001	
  1.9800000000000000e+003	 -1.9807950321755005e+001	 -6.0190091479084785e+001	
  2.0100000000000000e+003	 -1.9807950321755005e+001	 -6.0190091479084785e+001	
  2.0400000000000000e+003	 -1.9807950321755005e+001	 -6.0190091479084785e+001	
  2.0700000000000000e+003	 -1.9807950321755005e+001	 -6.0190091479084785e+001	
  2.1000000000000000e+003	 -1.9807950321755005e+001	 -6.0190091479084785e+001	
  2.1300000000000000e+003	 -1.9807950321755005e+001	 -6.0190091479084785e+001	
  2.1600000000000000e+003	 -1.9807950321755005e+001	 -6.0190091479084785e+001	
  2.1900000000000000e+003	 -1.9807950321755005e+001	 -6.0190091479084785e+001	
  2.2200000000000000e+003	 -1.9807950321755005e+001	 -6.0190091479084785e+001	
  2.2500000000000000e+003	 -1.9807950321755005e+001	 -6.0190091479084785e+001	
  2.2800000000000000e+003	 -1.9807950321755005e+001	 -6.0190091479084785e+001	
  2.3100000000000000e+003	 -1.9807950321755005e+001	 -6.0190091479084785e+001	
  2.3400000000000000e+003	 -1.9807950321755005e+001	 -6.0190091479084785e+001	
  2.3700000000000000e+003	 -1.9807950321755005e+001	 -6.0190091479084785e+001	
  2.4000000000000000e+003	 -1.9807950321755005e+001	 -6.0190091479084785e+001	
  2.4300000000000000e+003	 -1.9807950321755005e+001	 -6.0190091479084785e+001	
  2.4600000000000000e+003	 -1.9807950321755005e+001	 -6.0190091479084785e+001	
  2.4900000000000000e+003	 -1.9807950321755005e+001	 -6.0190091479084785e+001	
  2.5200000000000000e+003	 -1.9807950321755005e+001	 -6.0190091479084785e+001	
  2.5500000000000000e+003	 -1.9807950321755005e+001	 -6.0190091479084785e+001	
  2.5800000000000000e+003	 -1.9807950321755005e+001	 -6.0190091479084785e+001	
  2.6100000000000000e+003	 -1.9807950321755005e+001	 -6.0190091479084785e+001	
  2.6400000000000000e+003	 -1.9807950321755005e+001	 -6.0190091479084785e+001	
  2.6700000000000000e+003	 -1.9807950321755005e+001	 -6.0190091479084785e+001	
  2.7000000000000000e+003	 -1.9807950321755005e+001	 -6.0190091479084785e+001	
  2.7300000000000000e+003	 -1.9807950321755005e+001	 -6.0190091479084785e+001	
  2.7600000000000000e+003	 -1.9807950321755005e+001	 -6.0190091479084785e+001	
  2.7900000000000000e+003	 -1.9807950321755005e+001	 -6.0190091479084785e+001	
  2.8200000000000000e+003	 -1.9807950321755005e+001	 -6.0190091479084785e+001	
  2.8500000000000000e+003	 -1.9807950321755005e+001	 -6.0190091479084785e+001	
  2.8800000000000000e+003	 -1.9807950321755005e+001	 -6.0190091479084785e+001	
  2.9100000000000000e+003	 -1.9807950321755005e+001	 -6.0190091479084785e+001	
  2.9400000000000000e+003	 -1.9807950321755005e+001	 -6.0190091479084785e+001	
  2.9700000000000000e+003	 -1.9807950321755005e+001	 -6.0190091479084785e+001	
  3.0000000000000000e+003	 -1.9807950321755005e+001	 -6.0190091479084785e+001	
  3.0300000000000000e+003	 -1.9807950321755005e+001	 -6.0190091479084785e+001	
  3.0600000000000000e+003	 -1.9807950321755005e+001	 -6.0190091479084785e+001	
  3.0900000000000000e+003	 -1.9807950321755005e+001	 -6.0190091479084785e+001	
  3.1200000000000000e+003	 -1.9807950321755005e+001	 -6.0190091479084785e+001	
  3.1500000000000000e+003	 -1.9807950321755005e+001	 -6.0190091479084785e+001	
  3.1800000000000000e+003	 -1.9807950321755005e+001	 -6.0190091479084785e+001	
  3.2100000000000000e+003	 -1.9807950321755005e+001	 -6.0190091479084785e+001	
  3.2400000000000000e+003	 -1.9807950321755005e+001	 -6.0190091479084785e+001	
  3.2700000000000000e+003	 -1.9807950321755005e+001	 -6.0190091479084785e+001	
  3.3000000000000000e+003	 -1.9807950321755005e+001	 -6.0190091479084785e+001	
  3.3300000000000000e+003	 -1.9807950321755005e+001	 -6.0190091479084785e+001	
  3.3600000000000000e+003	 -1.9807950321755005e+001	 -6.0190091479084785e+001	
  3.3900000000000000e+003	 -1.9807950321755005e+001	 -6.0190091479084785e+001	
  3.4200000000000000e+003	 -1.9807950321755005e+001	 -6.0190091479084785e+001	
  3.4500000000000000e+003	 -1.9807950321755005e+001	 -6.0190091479084785e+001	
  3.4800000000000000e+003	 -1.9807950321755005e+001	 -6.0190091479084785e+001	
  3.5100000000000000e+003	 -1.9807950321755005e+001	 -6.0190091479084785e+001	
  3.5400000000000000e+003	 -1.9807950321755005e+001	 -6.0190091479084785e+001	
  3.5700000000000000e+003	 -1.9807950321755005e+001	 -6.0190091479084785e+001	
  3.6000000000000000e+003	 -1.9807950321755005e+001	 -6.0190091479084785e+001	
  3.6300000000000000e+003	 -1.9807950321755005e+001	 -6.0190091479084785e+001	
  3.6600000000000000e+003	 -1.9807950321755005e+001	 -6.0190091479084785e+001	
  3.6900000000000000e+003	 -1.9807950321755005e+001	 -6.0190091479084785e+001	
  3.7200000000000000e+003	 -1.9807950321755005e+001	 -6.0190091479084785e+001	
  3.7500000000000000e+003	 -1.9807950321755005e+001	 -6.0190091479084785e+001	
  3.7800000000000000e+003	 -1.9807950321755005e+001	 -6.0190091479084785e+001	
  3.8100000000000000e+003	 -1.9807950321755005e+001	 -6.0190091479084785e+001	
  3.8400000000000000e+003	 -1.9807950321755005e+001	 -6.0190091479084785e+001	
  3.8700000000000000e+003	 -1.9807950321755005e+001	 -6.0190091479084785e+001	
  3.9000000000000000e+003	 -1.9807950321755005e+001	 -6.0190091479084785e+001	
  3.9300000000000000e+003	 -1.9807950321755005e+001	 -6.0190091479084785e+001	
  3.9600000000000000e+003	 -1.9807950321755005e+001	 -6.0190091479084785e+001	
  3.9900000000000000e+003	 -1.9807950321755005e+001	 -6.0190091479084785e+001	
  4.0200000000000000e+003	 -1.9807950321755005e+001	 -6.0190091479084785e+001	
  4.0500000000000000e+003	 -1.9807950321755005e+001	 -6.0190091479084785e+001	
  4.0800000000000000e+003	 -1.9807950321755005e+001	 -6.0190091479084785e+001	
  4.1100000000000000e+003	 -1.9807950321755005e+001	 -6.0190091479084785e+001	
  4.1400000000000000e+003	 -1.9807950321755005e+001	 -6.0190091479084785e+001	
  4.1700000000000000e+003	 -1.9807950321755005e+001	 -6.0190091479084785e+001	
  4.2000000000000000e+003	 -1.9807950321755005e+001	 -6.0190091479084785e+001	
  4.2300000000000000e+003	 -1.9807950321755005e+001	 -6.0190091479084785e+001	
  4.2600000000000000e+003	 -1.9807950321755005e+001	 -6.0190091479084785e+001	
  4.2900000000000000e+003	 -1.9807950321755005e+001	 -6.0190091479084785e+001	
  4.3200000000000000e+003	 -1.9807950321755005e+001	 -6.0190091479084785e+001	
  4.3500000000000000e+003	 -1.9807950321755005e+001	 -6.0190091479084785e+001	
  4.3800000000000000e+003	 -1.9807950321755005e+001	 -6.0190091479084785e+001	
  4.4100000000000000e+003	 -1.9807950321755005e+001	 -6.0190091479084785e+001	
  4.4400000000000000e+003	 -1.9807950321755005e+001	 -6.0190091479084785e+001	
  4.4700000000000000e+003	 -1.9807950321755005e+001	 -6.0190091479084785e+001	
  4.5000000000000000e+003	 -1.9807950321755005e+001	 -6.0190091479084785e+001	
  4.5300000000000000e+003	 -1.9807950321755005e+001	 -6.0190091479084785e+001	
  4.5600000000000000e+003	 -1.9807950321755005e+001	 -6.0190091479084785e+001	
  4.5900000000000000e+003	 -5.6566484626625723e+001	 -7.4215945975218403e+001	
  4.6200000000000000e+003	 -8.6551647095799908e+001	 -7.7984839743715284e+001	
  4.6500000000000000e+003	 -1.0434856751030038e+002	 -8.7106485981890074e+001	
  4.6800000000000000e+003	 -1.3063581672550896e+002	 -8.1777054375935663e+001	
  4.7100000000000000e+003	 -1.7878631300698711e+002	 -7.1350640362816563e+001	
  4.7400000000000000e+003	 -2.2693680928846524e+002	 -6.0924226349697491e+001	
  4.7700000000000000e+003	 -2.7508730556994334e+002	 -5.0497812336578413e+001	
  4.8000000000000000e+003	 -2.9598540034917369e+002	 -4.5045140722186432e+001	
  4.8300000000000000e+003	 -2.0787388911941284e+002	 -5.9487438702702804e+001	
  4.8600000000000000e+003	 -1.1976237788965194e+002	 -7.3929736683219161e+001	
  4.8900000000000000e+003	 -9.1220512122495052e+001	 -8.0047744985021964e+001	
  4.9200000000000000e+003	 -9.3885358731632920e+001	 -8.1748375704350337e+001	
  4.9500000000000000e+003	 -9.8443889500725135e+001	 -7.8971825594883640e+001	
  4.9800000000000000e+003	 -1.0316215562152014e+002	 -7.7014221174905600e+001	
  5.0100000000000000e+003	 -1.0819254781166465e+002	 -7.4005684613119740e+001	
  5.0400000000000000e+003	 -1.0780994151004101e+002	 -7.3408870213301000e+001	
  5.0700000000000000e+003	 -9.7479970106232727e+001	 -8.6349431715120303e+001	
  5.1000000000000000e+003	 -1.0496117545630104e+002	 -7.6312474724111382e+001	
  5.1300000000000000e+003	 -9.9924288851555531e+001	 -8.2177979322088078e+001	
  5.1600000000000000e+003	 -9.4887402246810026e+001	 -8.8043483920064787e+001	
  5.1900000000000000e+003	 -1.0064926609493746e+002	 -8.3693021335187211e+001	
  5.2200000000000000e+003	 -1.0850014938375851e+002	 -7.8245987887001448e+001	
  5.2500000000000000e+003	 -1.0597434597466786e+002	 -7.8736536904628920e+001	
  5.2800000000000000e+003	 -1.0344854256557720e+002	 -7.9227085922256379e+001	
  5.3100000000000000e+003	 -1.0092273915648654e+002	 -7.9717634939883851e+001	
  5.3400000000000000e+003	 -9.8396935747395887e+001	 -8.0208183957511324e+001	
  5.3700000000000000e+003	 -9.5871132338305245e+001	 -8.0698732975138796e+001	
  5.4000000000000000e+003	 -9.8292818163560284e+001	 -8.1112713278757070e+001	
  5.4300000000000000e+003	 -9.7344487029738389e+001	 -7.8223370992206284e+001	
  5.4600000000000000e+003	 -1.0048051606949304e+002	 -8.0431125734071031e+001	
  5.4900000000000000e+003	 -1.1445949653816585e+002	 -6.9145291527236253e+001	
  5.5200000000000000e+003	 -1.1175000297734540e+002	 -7.0192443972625881e+001	
  5.5500000000000000e+003	 -1.0904050941652497e+002	 -7.1239596418015509e+001	
  5.5800000000000000e+003	 -1.0633101585570455e+002	 -7.2286748863405165e+001	
  5.6100000000000000e+003	 -9.4970120185902587e+001	 -8.0268029020308745e+001	
  5.6400000000000000e+003	 -8.7096885378309608e+001	 -8.7367825130401343e+001	
  5.6700000000000000e+003	 -7.9673343493432327e+001	 -9.3725679322221197e+001	
  5.7000000000000000e+003	 -1.0340135844570895e+002	 -7.7235417053930988e+001	
  5.7300000000000000e+003	 -9.6623899321526849e+001	 -8.1325676688424196e+001	
  5.7600000000000000e+003	 -1.1073845624861845e+002	 -7.2175126017397787e+001	
  5.7900000000000000e+003	 -1.0826173941741582e+002	 -7.1383593772742387e+001	
  5.8200000000000000e+003	 -1.0371182353311131e+002	 -7.2045208587893782e+001	
  5.8500000000000000e+003	 -9.9161907648806817e+001	 -7.2706823403045178e+001	
  5.8800000000000000e+003	 -1.0430152363767638e+002	 -6.8905465005450012e+001	
  5.9100000000000000e+003	 -1.1411277854178333e+002	 -6.8441749118468252e+001	
  5.9400000000000000e+003	 -1.3622580769029631e+002	 -5.8854153754714268e+001	
  5.9700000000000000e+003	 -1.0958238937801798e+002	 -7.2536874322916091e+001	
  6.0000000000000000e+003	 -8.2938971065739651e+001	 -8.6219594891117922e+001	
  6.0300000000000000e+003	 -7.2101010613873854e+001	 -7.1811464622012465e+001	
  6.0600000000000000e+003	 -4.0802926946466229e+001	 -7.0662297347613801e+001	
  6.0900000000000000e+003	 -3.5131444119235141e+001	 -5.7703960023208339e+001	
  6.1200000000000000e+003	 -2.8658814616946376e+001	 -3.7147479566305520e+001	
  6.1500000000000000e+003	 -2.8658814616946376e+001	 -3.7147479566305520e+001	
  6.1800000000000000e+003	 -2.8658814616946376e+001	 -3.7147479566305520e+001	
  6.2100000000000000e+003	 -2.8658814616946376e+001	 -3.7147479566305520e+001	
  6.2400000000000000e+003	 -2.8658814616946376e+001	 -3.7147479566305520e+001	
  6.2700000000000000e+003	 -2.8658814616946376e+001	 -3.7147479566305520e+001	
  6.3000000000000000e+003	 -2.8658814616946376e+001	 -3.7147479566305520e+001	
  6.3300000000000000e+003	 -2.8658814616946376e+001	 -3.7147479566305520e+001	
  6.3600000000000000e+003	 -2.8658814616946376e+001	 -3.7147479566305520e+001	
  6.3900000000000000e+003	 -2.8658814616946376e+001	 -3.7147479566305520e+001	
  6.4200000000000000e+003	 -2.8658814616946376e+001	 -3.7147479566305520e+001	
  6.4500000000000000e+003	 -2.8658814616946376e+001	 -3.7147479566305520e+001	
  6.4800000000000000e+003	 -2.8658814616946376e+001	 -3.7147479566305520e+001	
  6.5100000000000000e+003	 -2.8658814616946376e+001	 -3.7147479566305520e+001	
  6.5400000000000000e+003	 -2.8658814616946376e+001	 -3.7147479566305520e+001	
  6.5700000000000000e+003	 -2.8658814616946376e+001	 -3.7147479566305520e+001	
  6.6000000000000000e+003	 -2.8658814616946376e+001	 -3.7147479566305520e+001	
  6.6300000000000000e+003	 -2.8658814616946376e+001	 -3.7147479566305520e+001	
  6.6600000000000000e+003	 -2.8658814616946376e+001	 -3.7147479566305520e+001	
  6.6900000000000000e+003	 -2.8658814616946376e+001	 -3.7147479566305520e+001	
  6.7200000000000000e+003	 -2.8658814616946376e+001	 -3.7147479566305520e+001	
  6.7500000000000000e+003	 -2.8658814616946376e+001	 -3.7147479566305520e+001	
  6.7800000000000000e+003	 -2.8658814616946376e+001	 -3.7147479566305520e+001	
  6.8100000000000000e+003	 -2.8658814616946376e+001	 -3.7147479566305520e+001	
  6.8400000000000000e+003	 -2.8658814616946376e+001	 -3.7147479566305520e+001	
  6.8700000000000000e+003	 -2.8658814616946376e+001	 -3.7147479566305520e+001	
  6.9000000000000000e+003	 -2.8658814616946376e+001	 -3.7147479566305520e+001	
  6.9300000000000000e+003	 -2.8658814616946376e+001	 -3.7147479566305520e+001	
  6.9600000000000000e+003	 -2.8658814616946376e+001	 -3.7147479566305520e+001	
  6.9900000000000000e+003	 -2.8658814616946376e+001	 -3.7147479566305520e+001	
  7.0200000000000000e+003	 -2.8658814616946376e+001	 -3.7147479566305520e+001	
  7.0500000000000000e+003	 -2.8658814616946376e+001	 -3.7147479566305520e+001	
  7.0800000000000000e+003	 -2.8658814616946376e+001	 -3.7147479566305520e+001	
  7.1100000000000000e+003	 -2.8658814616946376e+001	 -3.7147479566305520e+001	
  7.1400000000000000e+003	 -2.8658814616946376e+001	 -3.7147479566305520e+001	
  7.1700000000000000e+003	 -2.8658814616946376e+001	 -3.7147479566305520e+001	
  7.2000000000000000e+003	 -2.8658814616946376e+001	 -3.7147479566305520e+001	
  7.2300000000000000e+003	 -2.8658814616946376e+001	 -3.7147479566305520e+001	
  7.2600000000000000e+003	 -2.8658814616946376e+001	 -3.7147479566305520e+001	
  7.2900000000000000e+003	 -2.8658814616946376e+001	 -3.7147479566305520e+001	
  7.3200000000000000e+003	 -2.8658814616946376e+001	 -3.7147479566305520e+001	
  7.3500000000000000e+003	 -2.8658814616946376e+001	 -3.7147479566305520e+001	
  7.3800000000000000e+003	 -2.8658814616946376e+001	 -3.7147479566305520e+001	
  7.4100000000000000e+003	 -2.8658814616946376e+001	 -3.7147479566305520e+001	
  7.4400000000000000e+003	 -2.8658814616946376e+001	 -3.7147479566305520e+001	
  7.4700000000000000e+003	 -2.8658814616946376e+001	 -3.7147479566305520e+001	
  7.5000000000000000e+003	 -2.8658814616946376e+001	 -3.7147479566305520e+001	
  7.5300000000000000e+003	 -2.8658814616946376e+001	 -3.7147479566305520e+001	
  7.5600000000000000e+003	 -2.8658814616946376e+001	 -3.7147479566305520e+001	
  7.5900000000000000e+003	 -2.8658814616946376e+001	 -3.7147479566305520e+001	
  7.6200000000000000e+003	 -2.8658814616946376e+001	 -3.7147479566305520e+001	
  7.6500000000000000e+003	 -2.8658814616946376e+001	 -3.7147479566305520e+001	
  7.6800000000000000e+003	 -2.8658814616946376e+001	 -3.7147479566305520e+001	
  7.7100000000000000e+003	 -2.8658814616946376e+001	 -3.7147479566305520e+001	
  7.7400000000000000e+003	 -2.8658814616946376e+001	 -3.7147479566305520e+001	
  7.7700000000000000e+003	 -2.8658814616946376e+001	 -3.7147479566305520e+001	
  7.8000000000000000e+003	 -2.8658814616946376e+001	 -3.7147479566305520e+001	
  7.8300000000000000e+003	 -2.8658814616946376e+001	 -3.7147479566305520e+001	
  7.8600000000000000e+003	 -2.8658814616946376e+001	 -3.7147479566305520e+001	
  7.8900000000000000e+003	 -2.8658814616946376e+001	 -3.7147479566305520e+001	
  7.9200000000000000e+003	 -2.8658814616946376e+001	 -3.7147479566305520e+001	
  7.9500000000000000e+003	 -2.8658814616946376e+001	 -3.7147479566305520e+001	
  7.9800000000000000e+003	 -2.8658814616946376e+001	 -3.7147479566305520e+001	
  8.0100000000000000e+003	 -2.8658814616946376e+001	 -3.7147479566305520e+001	
  8.0400000000000000e+003	 -2.8658814616946376e+001	 -3.7147479566305520e+001	
  8.0700000000000000e+003	 -2.8658814616946376e+001	 -3.7147479566305520e+001	
  8.1000000000000000e+003	 -2.8658814616946376e+001	 -3.7147479566305520e+001	
  8.1300000000000000e+003	 -2.8658814616946376e+001	 -3.7147479566305520e+001	
  8.1600000000000000e+003	 -2.8658814616946376e+001	 -3.7147479566305520e+001	
  8.1900000000000000e+003	 -2.8658814616946376e+001	 -3.7147479566305520e+001	
  8.2200000000000000e+003	 -2.8658814616946376e+001	 -3.7147479566305520e+001	
  8.2500000000000000e+003	 -2.8658814616946376e+001	 -3.7147479566305520e+001	
  8.2800000000000000e+003	 -2.8658814616946376e+001	 -3.7147479566305520e+001	
  8.3100000000000000e+003	 -2.8658814616946376e+001	 -3.7147479566305520e+001	
  8.3400000000000000e+003	 -2.8658814616946376e+001	 -3.7147479566305520e+001	
  8.3700000000000000e+003	 -2.8658814616946376e+001	 -3.7147479566305520e+001	
  8.4000000000000000e+003	 -2.8658814616946376e+001	 -3.7147479566305520e+001	
  8.4300000000000000e+003	 -2.8658814616946376e+001	 -3.7147479566305520e+001	
  8.4600000000000000e+003	 -2.8658814616946376e+001	 -3.7147479566305520e+001	
  8.4900000000000000e+003	 -2.8658814616946376e+001	 -3.7147479566305520e+001	
  8.5200000000000000e+003	 -2.8658814616946376e+001	 -3.7147479566305520e+001	
  8.5500000000000000e+003	 -2.8658814616946376e+001	 -3.7147479566305520e+001	
  8.5800000000000000e+003	 -2.8658814616946376e+001	 -3.7147479566305520e+001	
  8.6100000000000000e+003	 -2.8658814616946376e+001	 -3.7147479566305520e+001	
  8.6400000000000000e+003	 -2.8658814616946376e+001	 -3.7147479566305520e+001	
  8.6700000000000000e+003	 -2.8658814616946376e+001	 -3.7147479566305520e+001	
  8.7000000000000000e+003	 -2.8658814616946376e+001	 -3.7147479566305520e+001	
  8.7300000000000000e+003	 -2.8658814616946376e+001	 -3.7147479566305520e+001	
  8.7600000000000000e+003	 -2.8658814616946376e+001	 -3.7147479566305520e+001	
  8.7900000000000000e+003	 -2.8658814616946376e+001	 -3.7147479566305520e+001	
  8.8200000000000000e+003	 -2.8658814616946376e+001	 -3.7147479566305520e+001	
  8.8500000000000000e+003	 -2.8658814616946376e+001	 -3.7147479566305520e+001	
  8.8800000000000000e+003	 -2.8658814616946376e+001	 -3.7147479566305520e+001	
  8.9100000000000000e+003	 -2.8658814616946376e+001	 -3.7147479566305520e+001	
  8.9400000000000000e+003	 -2.8658814616946376e+001	 -3.7147479566305520e+001	
  8.9700000000000000e+003	 -2.8658814616946376e+001	 -3.7147479566305520e+001	
  9.0000000000000000e+003	 -2.8658814616946376e+001	 -3.7147479566305520e+001	
  9.0300000000000000e+003	 -2.8658814616946376e+001	 -3.7147479566305520e+001	
  9.0600000000000000e+003	 -2.8658814616946376e+001	 -3.7147479566305520e+001	
  9.0900000000000000e+003	 -2.8658814616946376e+001	 -3.7147479566305520e+001	
  9.1200000000000000e+003	 -2.8658814616946376e+001	 -3.7147479566305520e+001	
  9.1500000000000000e+003	 -2.8658814616946376e+001	 -3.7147479566305520e+001	
  9.1800000000000000e+003	 -2.8658814616946376e+001	 -3.7147479566305520e+001	
  9.2100000000000000e+003	 -2.8658814616946376e+001	 -3.7147479566305520e+001	
  9.2400000000000000e+003	 -2.8658814616946376e+001	 -3.7147479566305520e+001	
  9.2700000000000000e+003	 -2.8658814616946376e+001	 -3.7147479566305520e+001	
  9.3000000000000000e+003	 -2.8658814616946376e+001	 -3.7147479566305520e+001	
  9.3300000000000000e+003	 -2.8658814616946376e+001	 -3.7147479566305520e+001	
  9.3600000000000000e+003	 -2.8658814616946376e+001	 -3.7147479566305520e+001	
  9.3900000000000000e+003	 -2.8658814616946376e+001	 -3.7147479566305520e+001	
  9.4200000000000000e+003	 -2.8658814616946376e+001	 -3.7147479566305520e+001	
  9.4500000000000000e+003	 -2.8658814616946376e+001	 -3.7147479566305520e+001	
  9.4800000000000000e+003	 -2.8658814616946376e+001	 -3.7147479566305520e+001	
  9.5100000000000000e+003	 -2.8658814616946376e+001	 -3.7147479566305520e+001	
  9.5400000000000000e+003	 -2.8658814616946376e+001	 -3.7147479566305520e+001	
  9.5700000000000000e+003	 -2.8658814616946376e+001	 -3.7147479566305520e+001	
  9.6000000000000000e+003	 -2.8658814616946376e+001	 -3.7147479566305520e+001	
  9.6300000000000000e+003	 -2.8658814616946376e+001	 -3.7147479566305520e+001	
  9.6600000000000000e+003	 -2.8658814616946376e+001	 -3.7147479566305520e+001	
  9.6900000000000000e+003	 -2.8658814616946376e+001	 -3.7147479566305520e+001	
  9.7200000000000000e+003	 -2.8658814616946376e+001	 -3.7147479566305520e+001	
  9.7500000000000000e+003	 -2.8658814616946376e+001	 -3.7147479566305520e+001	
  9.7800000000000000e+003	 -2.8658814616946376e+001	 -3.7147479566305520e+001	
  9.8100000000000000e+003	 -2.8658814616946376e+001	 -3.7147479566305520e+001	
  9.8400000000000000e+003	 -2.8658814616946376e+001	 -3.7147479566305520e+001	
  9.8700000000000000e+003	 -2.8658814616946376e+001	 -3.7147479566305520e+001	
  9.9000000000000000e+003	 -2.8658814616946376e+001	 -3.7147479566305520e+001	
  9.9300000000000000e+003	 -2.8658814616946376e+001	 -3.7147479566305520e+001	
  9.9600000000000000e+003	 -2.8658814616946376e+001	 -3.7147479566305520e+001	
  9.9900000000000000e+003	 -2.8658814616946376e+001	 -3.7147479566305520e+001	
  1.0020000000000000e+004	 -2.8658814616946376e+001	 -3.7147479566305520e+001	
  1.0050000000000000e+004	 -2.8658814616946376e+001	 -3.7147479566305520e+001	
  1.0080000000000000e+004	 -2.8658814616946376e+001	 -3.7147479566305520e+001	
  1.0110000000000000e+004	 -2.8658814616946376e+001	 -3.7147479566305520e+001	
  1.0140000000000000e+004	 -2.8658814616946376e+001	 -3.7147479566305520e+001	
  1.0170000000000000e+004	 -2.8658814616946376e+001	 -3.7147479566305520e+001	
  1.0200000000000000e+004	 -2.8658814616946376e+001	 -3.7147479566305520e+001	
  1.0230000000000000e+004	 -2.8658814616946376e+001	 -3.7147479566305520e+001	
  1.0260000000000000e+004	 -2.8658814616946376e+001	 -3.7147479566305520e+001	
  1.0290000000000000e+004	 -2.8658814616946376e+001	 -3.7147479566305520e+001	
  1.0320000000000000e+004	 -3.3051902279354202e+001	 -5.7686824820991021e+001	
  1.0350000000000000e+004	 -4.1459964711283618e+001	 -9.6997694642718045e+001	
  1.0380000000000000e+004	 -4.9868027143213041e+001	 -1.3630856446444506e+002	
  1.0410000000000000e+004	 -5.8335940770003184e+001	 -1.1914758045572322e+002	
  1.0440000000000000e+004	 -8.1351968405013281e+001	 -5.9108644887928058e+001	
  1.0470000000000000e+004	 -9.0676121126928479e+001	 -4.1303243830590098e+001	
  1.0500000000000000e+004	 -1.2017409580750319e+002	 -7.1431454470143754e+000	
  1.0530000000000000e+004	 -9.9258805173548623e+001	  3.1114361357739906e+001	
  1.0560000000000000e+004	 -8.1231982246914669e+001	  6.0544721478820648e+001	
  1.0590000000000000e+004	 -6.3271517247277437e+001	  8.8047393910912277e+001	
  1.0620000000000000e+004	 -4.6561956566731517e+001	  1.1294870107088560e+002	
  1.0650000000000000e+004	 -4.9689586201128698e+001	  1.3608600563599222e+002	
  1.0680000000000000e+004	 -5.7332591944346845e+001	  1.3522523004175716e+002	
  1.0710000000000000e+004	 -7.5268534852537385e+001	  1.2415124454728860e+002	
  1.0740000000000000e+004	 -8.5720754846108605e+001	  1.2838129539047915e+002	
  1.0770000000000000e+004	 -8.3491593368397460e+001	  1.3111516538382031e+002	
  1.0800000000000000e+004	 -7.4260936123361574e+001	  1.3043595319026403e+002	
  1.0830000000000000e+004	 -6.0433737921694572e+001	  1.3573833384818997e+002	
  1.0860000000000000e+004	  4.8351531722102813e+001	  2.7888198895051511e+002	
  1.0890000000000000e+004	  1.3407561701833222e+002	  2.6865093871427297e+002	
  1.0920000000000000e+004	  2.1271266078329259e+002	  3.2290789696726728e+002	
  1.0950000000000000e+004	  2.4177958727623920e+002	  3.8166476425333275e+002	
  1.0980000000000000e+004	 -6.5507908005807749e+001	  5.2233247916829419e+002	
  1.1010000000000000e+004	 -4.0216319562370438e+002	  5.8600586871881433e+002	
  1.1040000000000000e+004	 -1.7768113792563176e+002	  9.2029111050602967e+002	
  1.1070000000000000e+004	 -1.8645816943959679e+002	  9.1617640084236177e+002	
  1.1100000000000000e+004	 -1.8861272008166873e+002	  9.1537169969117906e+002	
  1.1130000000000000e+004	 -1.9076727072374069e+002	  9.1456699853999623e+002	
  1.1160000000000000e+004	 -2.5485672857929967e+002	  9.9038377606185497e+002	
  1.1190000000000000e+004	 -4.1521395368216071e+002	  1.1811070761994949e+003	
  1.1220000000000000e+004	 -2.1009192201672076e+002	  1.3748783343533164e+003	
  1.1250000000000000e+004	 -1.0289894219638416e+002	  1.5912660562537876e+003	
  1.1280000000000000e+004	 -9.2749621502108752e+001	  1.8100208531688720e+003	
  1.1310000000000000e+004	 -8.3827892390534558e+001	  1.8180635134905624e+003	
  1.1340000000000000e+004	  7.5768283535205128e+001	  1.8245969712582576e+003	
  1.1370000000000000e+004	  2.3026636384812332e+002	  1.7933352162181470e+003	
  1.1400000000000000e+004	 -1.3746444207417787e+002	  1.8843767011418838e+003	
  1.1430000000000000e+004	 -1.8746355845361592e+002	  1.8584646633536659e+003	
  1.1460000000000000e+004	 -1.7657078797105703e+002	  1.8600300644510503e+003	
  1.1490000000000000e+004	 -1.6493259083117240e+002	  1.8564786170423961e+003	
  1.1520000000000000e+004	 -1.5972202519199132e+002	  1.8592401381092054e+003	
  1.1550000000000000e+004	 -1.5862235093398249e+002	  1.8607872622220966e+003	
  1.1580000000000000e+004	 -1.5990266642296814e+002	  1.8616313144142987e+003	
  1.1610000000000000e+004	 -1.6118298191195382e+002	  1.8624753666065008e+003	
  1.1640000000000000e+004	 -1.6535289684134983e+002	  1.8619113218030670e+003	
  1.1670000000000000e+004	 -1.6691411713529919e+002	  1.8611273299019024e+003	
  1.1700000000000000e+004	 -1.6671178351998080e+002	  1.8608092805293393e+003	
  1.1730000000000000e+004	 -1.6463039275848962e+002	  1.8573584512851660e+003	
  1.1760000000000000e+004	 -1.6335950217073514e+002	  1.8576083486712946e+003	
  1.1790000000000000e+004	 -1.6761729163862304e+002	  1.8644236799237826e+003	
  1.1820000000000000e+004	 -1.6736862806796736e+002	  1.8706456633956070e+003	
  1.1850000000000000e+004	 -1.6467025543834768e+002	  1.8690860366738923e+003	
  1.1880000000000000e+004	 -1.7030993248525525e+002	  1.8716198835512364e+003	
  1.1910000000000000e+004	 -1.6834466423565840e+002	  1.8669038916826662e+003	
  1.1940000000000000e+004	 -1.6489004193377096e+002	  1.8700764281526353e+003	
  1.1970000000000000e+004	 -1.6469058095328108e+002	  1.8724604727243407e+003	
  1.2000000000000000e+004	 -1.6823988130925443e+002	  1.8739731790134406e+003	
  1.2030000000000000e+004	 -1.6584545278318768e+002	  1.8700123594289410e+003	
  1.2060000000000000e+004	 -1.6455812532330427e+002	  1.8693250399192268e+003	
  1.2090000000000000e+004	 -1.6374526974892802e+002	  1.8700406490129917e+003	
  1.2120000000000000e+004	 -1.6473488249186340e+002	  1.8686046581480041e+003	
  1.2150000000000000e+004	 -1.6724135488438733e+002	  1.8648774152339445e+003	
  1.2180000000000000e+004	 -1.6336184841020301e+002	  1.8668507638386154e+003	
  1.2210000000000000e+004	 -1.6020597278028978e+002	  1.8684358599485886e+003	
  1.2240000000000000e+004	 -1.6179201189575653e+002	  1.8670511834197721e+003	
  1.2270000000000000e+004	 -1.6309152812117358e+002	  1.8730862731384909e+003	
  1.2300000000000000e+004	 -1.6275359707612751e+002	  1.8802541530546337e+003	
  1.2330000000000000e+004	 -1.6481602636081806e+002	  1.8671790935182512e+003	
  1.2360000000000000e+004	 -1.6399226062582753e+002	  1.8714231260491499e+003	
  1.2390000000000000e+004	 -1.5988273240469397e+002	  1.8730170547289365e+003	
  1.2420000000000000e+004	 -1.6394513641321839e+002	  1.8716554365658433e+003	
  1.2450000000000000e+004	 -1.6879536773121319e+002	  1.8624319413672977e+003	
  1.2480000000000000e+004	 -1.6423021679305322e+002	  1.8719371532822208e+003	
  1.2510000000000000e+004	 -1.6931555536702729e+002	  1.8618111353024617e+003	
  1.2540000000000000e+004	 -1.6762851557112563e+002	  1.8671301549811396e+003	
  1.2570000000000000e+004	 -1.6215336493212746e+002	  1.8735159231774389e+003	
  1.2600000000000000e+004	 -1.6146284378638151e+002	  1.8745967024201079e+003	
  1.2630000000000000e+004	 -1.6449491703638776e+002	  1.8707165058033490e+003	
  1.2660000000000000e+004	 -1.5873722794820594e+002	  1.8723862634089153e+003	
  1.2690000000000000e+004	 -1.6129964193354905e+002	  1.8666278586362196e+003	
  1.2720000000000000e+004	 -1.6131576729755699e+002	  1.8661970303628032e+003	
  1.2750000000000000e+004	 -1.6752956023716686e+002	  1.8613436043489044e+003	
  1.2780000000000000e+004	 -1.6055239805351619e+002	  1.8641947747456920e+003	
  1.2810000000000000e+004	 -1.5738157678071491e+002	  1.8669495349641795e+003	
  1.2840000000000000e+004	 -1.6389883661173923e+002	  1.8634474957220032e+003	
  1.2870000000000000e+004	 -1.7173414130278906e+002	  1.8700742898038832e+003	
  1.2900000000000000e+004	 -1.6839938593566927e+002	  1.8752719407703710e+003	
  1.2930000000000000e+004	 -1.7207428083458410e+002	  1.8702267070180883e+003	
  1.2960000000000000e+004	 -1.7191253370482559e+002	  1.8657575076986943e+003	
  1.2990000000000000e+004	 -1.6566510276525665e+002	  1.8648941339380463e+003	
  1.3020000000000000e+004	 -1.6627111977932347e+002	  1.8611203989228025e+003	
  1.3050000000000000e+004	 -1.6227139062690179e+002	  1.8633059641163195e+003	
  1.3080000000000000e+004	 -1.6136391681329962e+002	  1.8654103871452580e+003	
  1.3110000000000000e+004	 -1.7389788412189142e+002	  1.8648166969218546e+003	
  1.3140000000000000e+004	 -1.7750050343821289e+002	  1.8525718178134832e+003	
  1.3170000000000000e+004	 -1.4974044917192762e+002	  1.8882337669081448e+003	
  1.3200000000000000e+004	 -1.4949232884600266e+002	  1.8837133938390416e+003	
  1.3230000000000000e+004	 -1.4467543227759967e+002	  1.8913571689010130e+003	
  1.3260000000000000e+004	 -9.4532362908828418e+001	  1.9014501408702681e+003	
  1.3290000000000000e+004	 -1.2000490383542974e+002	  1.8961858558068786e+003	
  1.3320000000000000e+004	 -1.6035995489733565e+002	  1.8684562799738642e+003	
  1.3350000000000000e+004	 -1.6438592024508631e+002	  1.8646977022031497e+003	
  1.3380000000000000e+004	 -1.6727216035669275e+002	  1.8626274609230584e+003	
  1.3410000000000000e+004	 -1.6912782078714559e+002	  1.8633901899106891e+003	
  1.3440000000000000e+004	 -1.6393708651473460e+002	  1.8703563604190210e+003	
  1.3470000000000000e+004	 -1.6671413395380031e+002	  1.8649121104065864e+003	
  1.3500000000000000e+004	 -1.7640850024919894e+002	  1.8558708535440817e+003	
  1.3530000000000000e+004	 -1.9571867099789978e+002	  1.8543210853858889e+003	
  1.3560000000000000e+004	 -1.8039063355128383e+002	  1.8364122829679873e+003	
  1.3590000000000000e+004	 -1.5649434316858131e+002	  1.8529428710654490e+003	
  1.3620000000000000e+004	 -9.5903525802597201e+001	  1.8674781899584739e+003	
  1.3650000000000000e+004	  1.9078830534778234e+002	  1.7909995482370014e+003	
  1.3680000000000000e+004	  3.6518224133638643e+002	  1.7466350432657025e+003	
  1.3710000000000000e+004	  5.0342695028878717e+002	  1.6870432885540406e+003	
  1.3740000000000000e+004	  4.9340021456486187e+002	  1.6568880728003994e+003	
  1.3770000000000000e+004	  4.9133159892640259e+002	  1.6581401330214896e+003	
  1.3800000000000000e+004	  4.9344910786431780e+002	  1.6567650401486062e+003	
  1.3830000000000000e+004	  4.9556661680223311e+002	  1.6553899472757225e+003	
  1.3860000000000000e+004	  4.9768412574014837e+002	  1.6540148544028389e+003	
  1.3890000000000000e+004	  4.9988383146061739e+002	  1.6574598094710166e+003	
  1.3920000000000000e+004	  4.9788888621748220e+002	  1.6576706420675396e+003	
  1.3950000000000000e+004	  4.9572943478082027e+002	  1.6537536189746588e+003	
  1.3980000000000000e+004	  4.9356998334415846e+002	  1.6498365958817781e+003	
  1.4010000000000000e+004	  4.9141053190749659e+002	  1.6459195727888971e+003	
  1.4040000000000000e+004	  4.8925108047083472e+002	  1.6420025496960161e+003	
  1.4070000000000000e+004	  4.8459388660335145e+002	  1.6432084221252283e+003	
  1.4100000000000000e+004	  4.6564447854246373e+002	  1.6424816659737112e+003	
  1.4130000000000000e+004	  4.3322078918552853e+002	  1.6617965727728956e+003	
  1.4160000000000000e+004	  4.3560515759235557e+002	  1.6943122966543008e+003	
  1.4190000000000000e+004	  4.7720500629100280e+002	  1.6892107004287670e+003	
  1.4220000000000000e+004	  5.8517857641505884e+002	  1.6859301201367412e+003	
  1.4250000000000000e+004	  8.5515766251504351e+002	  1.5698263838126222e+003	
  1.4280000000000000e+004	  8.4822586010980501e+002	  1.3720158977565520e+003	
  1.4310000000000000e+004	  6.9583906661873846e+002	  1.0746600963251708e+003	
  1.4340000000000000e+004	  5.1181886569393026e+002	  8.1417808816069567e+002	
  1.4370000000000000e+004	  6.2561274524029919e+001	  8.5756392404193559e+002	
  1.4400000000000000e+004	  5.4884360146201139e+001	  7.3038413423549719e+002	
  1.4430000000000000e+004	  7.4483043173347227e+001	  5.0207278594583175e+002	
  1.4460000000000000e+004	  2.3127274888314389e+002	  4.1446620765826992e+002	
  1.4490000000000000e+004	  8.9836846774570148e+001	  3.0021036649930051e+002	
  1.4520000000000000e+004	 -5.4895729843081085e+001	  1.3878942408975868e+002	
  1.4550000000000000e+004	 -5.6385965874142386e+001	  1.4107143352509107e+002	
  1.4580000000000000e+004	 -5.6385965874142386e+001	  1.4107143352509107e+002	
  1.4610000000000000e+004	 -5.6385965874142386e+001	  1.4107143352509107e+002	
  1.4640000000000000e+004	 -5.6385965874142386e+001	  1.4107143352509107e+002	
  1.4670000000000000e+004	 -5.6385965874142386e+001	  1.4107143352509107e+002	
  1.4700000000000000e+004	 -5.6385965874142386e+001	  1.4107143352509107e+002	
  1.4730000000000000e+004	 -5.6385965874142386e+001	  1.4107143352509107e+002	
  1.4760000000000000e+004	 -5.6385965874142386e+001	  1.4107143352509107e+002	
  1.4790000000000000e+004	 -5.6385965874142386e+001	  1.4107143352509107e+002	
  1.4820000000000000e+004	 -5.6385965874142386e+001	  1.4107143352509107e+002	
  1.4850000000000000e+004	 -5.6385965874142386e+001	  1.4107143352509107e+002	
  1.4880000000000000e+004	 -5.6385965874142386e+001	  1.4107143352509107e+002	
  1.4910000000000000e+004	 -5.6385965874142386e+001	  1.4107143352509107e+002	
  1.4940000000000000e+004	 -5.6385965874142386e+001	  1.4107143352509107e+002	
  1.4970000000000000e+004	 -5.6385965874142386e+001	  1.4107143352509107e+002	
  1.5000000000000000e+004	 -5.6385965874142386e+001	  1.4107143352509107e+002	
  1.5030000000000000e+004	 -5.6385965874142386e+001	  1.4107143352509107e+002	
  1.5060000000000000e+004	 -5.6385965874142386e+001	  1.4107143352509107e+002	
  1.5090000000000000e+004	 -5.6385965874142386e+001	  1.4107143352509107e+002	
  1.5120000000000000e+004	 -5.6385965874142386e+001	  1.4107143352509107e+002	
  1.5150000000000000e+004	 -5.6385965874142386e+001	  1.4107143352509107e+002	
  1.5180000000000000e+004	 -5.6385965874142386e+001	  1.4107143352509107e+002	
  1.5210000000000000e+004	 -5.6385965874142386e+001	  1.4107143352509107e+002	
  1.5240000000000000e+004	 -5.6385965874142386e+001	  1.4107143352509107e+002	
  1.5270000000000000e+004	 -5.6385965874142386e+001	  1.4107143352509107e+002	
  1.5300000000000000e+004	 -5.6385965874142386e+001	  1.4107143352509107e+002	
  1.5330000000000000e+004	 -5.6385965874142386e+001	  1.4107143352509107e+002	
  1.5360000000000000e+004	 -5.6385965874142386e+001	  1.4107143352509107e+002	
  1.5390000000000000e+004	 -5.6385965874142386e+001	  1.4107143352509107e+002	
  1.5420000000000000e+004	 -5.6385965874142386e+001	  1.4107143352509107e+002	
  1.5450000000000000e+004	 -5.6385965874142386e+001	  1.4107143352509107e+002	
  1.5480000000000000e+004	 -5.6385965874142386e+001	  1.4107143352509107e+002	
  1.5510000000000000e+004	 -5.6385965874142386e+001	  1.4107143352509107e+002	
  1.5540000000000000e+004	 -5.6385965874142386e+001	  1.4107143352509107e+002	
  1.5570000000000000e+004	 -5.6385965874142386e+001	  1.4107143352509107e+002	
  1.5600000000000000e+004	 -5.6385965874142386e+001	  1.4107143352509107e+002	
  1.5630000000000000e+004	 -5.6385965874142386e+001	  1.4107143352509107e+002	
  1.5660000000000000e+004	 -5.6385965874142386e+001	  1.4107143352509107e+002	
  1.5690000000000000e+004	 -5.6385965874142386e+001	  1.4107143352509107e+002	
  1.5720000000000000e+004	 -5.6385965874142386e+001	  1.4107143352509107e+002	
  1.5750000000000000e+004	 -5.6385965874142386e+001	  1.4107143352509107e+002	
  1.5780000000000000e+004	 -5.6385965874142386e+001	  1.4107143352509107e+002	
  1.5810000000000000e+004	 -5.6385965874142386e+001	  1.4107143352509107e+002	
  1.5840000000000000e+004	 -5.6385965874142386e+001	  1.4107143352509107e+002	
  1.5870000000000000e+004	 -5.6385965874142386e+001	  1.4107143352509107e+002	
  1.5900000000000000e+004	 -5.6385965874142386e+001	  1.4107143352509107e+002	
  1.5930000000000000e+004	 -5.6385965874142386e+001	  1.4107143352509107e+002	
  1.5960000000000000e+004	 -5.6385965874142386e+001	  1.4107143352509107e+002	
  1.5990000000000000e+004	 -5.6385965874142386e+001	  1.4107143352509107e+002	
  1.6020000000000000e+004	 -5.6385965874142386e+001	  1.4107143352509107e+002	
  1.6050000000000000e+004	 -5.6385965874142386e+001	  1.4107143352509107e+002	
  1.6080000000000000e+004	 -5.6385965874142386e+001	  1.4107143352509107e+002	
  1.6110000000000000e+004	 -5.6385965874142386e+001	  1.4107143352509107e+002	
  1.6140000000000000e+004	 -5.6385965874142386e+001	  1.4107143352509107e+002	
  1.6170000000000000e+004	 -5.6385965874142386e+001	  1.4107143352509107e+002	
  1.6200000000000000e+004	 -5.6385965874142386e+001	  1.4107143352509107e+002	
  1.6230000000000000e+004	 -5.6385965874142386e+001	  1.4107143352509107e+002	
  1.6260000000000000e+004	 -5.6385965874142386e+001	  1.4107143352509107e+002	
  1.6290000000000000e+004	 -5.6385965874142386e+001	  1.4107143352509107e+002	
  1.6320000000000000e+004	 -5.6385965874142386e+001	  1.4107143352509107e+002	
  1.6350000000000000e+004	 -5.6385965874142386e+001	  1.4107143352509107e+002	
  1.6380000000000000e+004	 -5.6385965874142386e+001	  1.4107143352509107e+002	
  1.6410000000000000e+004	 -5.6385965874142386e+001	  1.4107143352509107e+002	
  1.6440000000000000e+004	 -5.6385965874142386e+001	  1.4107143352509107e+002	
  1.6470000000000000e+004	 -5.6385965874142386e+001	  1.4107143352509107e+002	
  1.6500000000000000e+004	 -5.6385965874142386e+001	  1.4107143352509107e+002	
  1.6530000000000000e+004	 -5.6385965874142386e+001	  1.4107143352509107e+002	
  1.6560000000000000e+004	 -5.6385965874142386e+001	  1.4107143352509107e+002	
  1.6590000000000000e+004	 -5.6385965874142386e+001	  1.4107143352509107e+002	
  1.6620000000000000e+004	 -5.6385965874142386e+001	  1.4107143352509107e+002	
  1.6650000000000000e+004	 -5.6385965874142386e+001	  1.4107143352509107e+002	
  1.6680000000000000e+004	 -5.6385965874142386e+001	  1.4107143352509107e+002	
  1.6710000000000000e+004	 -5.6385965874142386e+001	  1.4107143352509107e+002	
  1.6740000000000000e+004	 -5.6385965874142386e+001	  1.4107143352509107e+002	
  1.6770000000000000e+004	 -5.6385965874142386e+001	  1.4107143352509107e+002	
  1.6800000000000000e+004	 -5.6385965874142386e+001	  1.4107143352509107e+002	
  1.6830000000000000e+004	 -5.6385965874142386e+001	  1.4107143352509107e+002	
  1.6860000000000000e+004	 -5.6385965874142386e+001	  1.4107143352509107e+002	
  1.6890000000000000e+004	 -5.6385965874142386e+001	  1.4107143352509107e+002	
  1.6920000000000000e+004	 -5.6385965874142386e+001	  1.4107143352509107e+002	
  1.6950000000000000e+004	 -5.6385965874142386e+001	  1.4107143352509107e+002	
  1.6980000000000000e+004	 -5.6385965874142386e+001	  1.4107143352509107e+002	
  1.7010000000000000e+004	 -5.6385965874142386e+001	  1.4107143352509107e+002	
  1.7040000000000000e+004	 -5.6385965874142386e+001	  1.4107143352509107e+002	
  1.7070000000000000e+004	 -5.6385965874142386e+001	  1.4107143352509107e+002	
  1.7100000000000000e+004	 -5.6385965874142386e+001	  1.4107143352509107e+002	
  1.7130000000000000e+004	 -5.6385965874142386e+001	  1.4107143352509107e+002	
  1.7160000000000000e+004	 -5.6385965874142386e+001	  1.4107143352509107e+002	
  1.7190000000000000e+004	 -5.6385965874142386e+001	  1.4107143352509107e+002	
  1.7220000000000000e+004	 -5.6385965874142386e+001	  1.4107143352509107e+002	
  1.7250000000000000e+004	 -5.6385965874142386e+001	  1.4107143352509107e+002	
  1.7280000000000000e+004	 -5.6385965874142386e+001	  1.4107143352509107e+002	
  1.7310000000000000e+004	 -5.6385965874142386e+001	  1.4107143352509107e+002	
  1.7340000000000000e+004	 -5.6385965874142386e+001	  1.4107143352509107e+002	
  1.7370000000000000e+004	 -5.6385965874142386e+001	  1.4107143352509107e+002	
  1.7400000000000000e+004	 -5.6385965874142386e+001	  1.4107143352509107e+002	
  1.7430000000000000e+004	 -5.6385965874142386e+001	  1.4107143352509107e+002	
  1.7460000000000000e+004	 -5.6385965874142386e+001	  1.4107143352509107e+002	
  1.7490000000000000e+004	 -5.6385965874142386e+001	  1.4107143352509107e+002	
  1.7520000000000000e+004	 -5.6385965874142386e+001	  1.4107143352509107e+002	
  1.7550000000000000e+004	 -5.6385965874142386e+001	  1.4107143352509107e+002	
  1.7580000000000000e+004	 -5.6385965874142386e+001	  1.4107143352509107e+002	
  1.7610000000000000e+004	 -5.6385965874142386e+001	  1.4107143352509107e+002	
  1.7640000000000000e+004	 -5.6385965874142386e+001	  1.4107143352509107e+002	
  1.7670000000000000e+004	 -5.6385965874142386e+001	  1.4107143352509107e+002	
  1.7700000000000000e+004	 -5.6385965874142386e+001	  1.4107143352509107e+002	
  1.7730000000000000e+004	 -5.6385965874142386e+001	  1.4107143352509107e+002	
  1.7760000000000000e+004	 -5.6385965874142386e+001	  1.4107143352509107e+002	
  1.7790000000000000e+004	 -5.6385965874142386e+001	  1.4107143352509107e+002	
  1.7820000000000000e+004	 -5.6385965874142386e+001	  1.4107143352509107e+002	
  1.7850000000000000e+004	 -5.6385965874142386e+001	  1.4107143352509107e+002	
  1.7880000000000000e+004	 -5.6385965874142386e+001	  1.4107143352509107e+002	
  1.7910000000000000e+004	 -5.6385965874142386e+001	  1.4107143352509107e+002	
  1.7940000000000000e+004	 -5.6385965874142386e+001	  1.4107143352509107e+002	
  1.7970000000000000e+004	 -5.6385965874142386e+001	  1.4107143352509107e+002	
  1.8000000000000000e+004	 -5.6385965874142386e+001	  1.4107143352509107e+002	
  1.8030000000000000e+004	 -5.6385965874142386e+001	  1.4107143352509107e+002	
  1.8060000000000000e+004	 -5.6385965874142386e+001	  1.4107143352509107e+002	
  1.8090000000000000e+004	 -5.6385965874142386e+001	  1.4107143352509107e+002	
  1.8120000000000000e+004	 -5.6385965874142386e+001	  1.4107143352509107e+002	
  1.8150000000000000e+004	 -5.6385965874142386e+001	  1.4107143352509107e+002	
  1.8180000000000000e+004	 -5.6385965874142386e+001	  1.4107143352509107e+002	
  1.8210000000000000e+004	 -5.6385965874142386e+001	  1.4107143352509107e+002	
  1.8240000000000000e+004	 -5.6385965874142386e+001	  1.4107143352509107e+002	
  1.8270000000000000e+004	 -5.6385965874142386e+001	  1.4107143352509107e+002	
  1.8300000000000000e+004	 -4.6239131312501286e+001	  1.0612347174741372e+002	
  1.8330000000000000e+004	 -3.5030297116107839e+001	  6.7517746317657156e+001	
  1.8360000000000000e+004	 -5.7289098843807238e+001	  1.1580247434828891e+002	
  1.8390000000000000e+004	 -3.5342169967243422e+001	  1.3164371333933727e+002	
  1.8420000000000000e+004	 -5.6242916607840129e+001	  1.0105298404786585e+002	
  1.8450000000000000e+004	 -8.3830841464282514e+001	  7.1094752334366632e+001	
  1.8480000000000000e+004	 -1.0172916863282063e+002	  3.2855325113702122e+001	
  1.8510000000000000e+004	 -1.0663204043676451e+002	 -5.4591211718474204e+000	
  1.8540000000000000e+004	 -1.0245557660073692e+002	 -3.6479557279422288e+001	
  1.8570000000000000e+004	 -6.7648961762213858e+001	 -6.2259078036327722e+001	
  1.8600000000000000e+004	 -3.9649577155580943e+001	 -6.0566772639269416e+001	
  1.8630000000000000e+004	 -4.5457553875014973e+001	 -5.7518437580864685e+001	
  1.8660000000000000e+004	 -4.5457553875014973e+001	 -5.7518437580864685e+001	
  1.8690000000000000e+004	 -4.5457553875014973e+001	 -5.7518437580864685e+001	
  1.8720000000000000e+004	 -4.5457553875014973e+001	 -5.7518437580864685e+001	
  1.8750000000000000e+004	 -4.5457553875014973e+001	 -5.7518437580864685e+001	
  1.8780000000000000e+004	 -4.5457553875014973e+001	 -5.7518437580864685e+001	
  1.8810000000000000e+004	 -4.5457553875014973e+001	 -5.7518437580864685e+001	
  1.8840000000000000e+004	 -4.5457553875014973e+001	 -5.7518437580864685e+001	
  1.8870000000000000e+004	 -4.5457553875014973e+001	 -5.7518437580864685e+001	
  1.8900000000000000e+004	 -4.5457553875014973e+001	 -5.7518437580864685e+001	
  1.8930000000000000e+004	 -4.5457553875014973e+001	 -5.7518437580864685e+001	
  1.8960000000000000e+004	 -4.5457553875014973e+001	 -5.7518437580864685e+001	
  1.8990000000000000e+004	 -4.5457553875014973e+001	 -5.7518437580864685e+001	
  1.9020000000000000e+004	 -4.5457553875014973e+001	 -5.7518437580864685e+001	
  1.9050000000000000e+004	 -4.5457553875014973e+001	 -5.7518437580864685e+001	
  1.9080000000000000e+004	 -4.5457553875014973e+001	 -5.7518437580864685e+001	
  1.9110000000000000e+004	 -4.5457553875014973e+001	 -5.7518437580864685e+001	
  1.9140000000000000e+004	 -4.5457553875014973e+001	 -5.7518437580864685e+001	
  1.9170000000000000e+004	 -4.5457553875014973e+001	 -5.7518437580864685e+001	
  1.9200000000000000e+004	 -4.5457553875014973e+001	 -5.7518437580864685e+001	
  1.9230000000000000e+004	 -4.5457553875014973e+001	 -5.7518437580864685e+001	
  1.9260000000000000e+004	 -4.5457553875014973e+001	 -5.7518437580864685e+001	
  1.9290000000000000e+004	 -4.5457553875014973e+001	 -5.7518437580864685e+001	
  1.9320000000000000e+004	 -4.5457553875014973e+001	 -5.7518437580864685e+001	
  1.9350000000000000e+004	 -4.5457553875014973e+001	 -5.7518437580864685e+001	
  1.9380000000000000e+004	 -4.5457553875014973e+001	 -5.7518437580864685e+001	
  1.9410000000000000e+004	 -4.5457553875014973e+001	 -5.7518437580864685e+001	
  1.9440000000000000e+004	 -4.5457553875014973e+001	 -5.7518437580864685e+001	
  1.9470000000000000e+004	 -4.5457553875014973e+001	 -5.7518437580864685e+001	
  1.9500000000000000e+004	 -4.5457553875014973e+001	 -5.7518437580864685e+001	
  1.9530000000000000e+004	 -4.5457553875014973e+001	 -5.7518437580864685e+001	
  1.9560000000000000e+004	 -4.5457553875014973e+001	 -5.7518437580864685e+001	
  1.9590000000000000e+004	 -4.5457553875014973e+001	 -5.7518437580864685e+001	
  1.9620000000000000e+004	 -4.5457553875014973e+001	 -5.7518437580864685e+001	
  1.9650000000000000e+004	 -4.5457553875014973e+001	 -5.7518437580864685e+001	
  1.9680000000000000e+004	 -4.5457553875014973e+001	 -5.7518437580864685e+001	
  1.9710000000000000e+004	 -4.5457553875014973e+001	 -5.7518437580864685e+001	
  1.9740000000000000e+004	 -4.5457553875014973e+001	 -5.7518437580864685e+001	
  1.9770000000000000e+004	 -4.5457553875014973e+001	 -5.7518437580864685e+001	
  1.9800000000000000e+004	 -4.5457553875014973e+001	 -5.7518437580864685e+001	
  1.9830000000000000e+004	 -4.5457553875014973e+001	 -5.7518437580864685e+001	
  1.9860000000000000e+004	 -4.5457553875014973e+001	 -5.7518437580864685e+001	
  1.9890000000000000e+004	 -4.5457553875014973e+001	 -5.7518437580864685e+001	
  1.9920000000000000e+004	 -4.5457553875014973e+001	 -5.7518437580864685e+001	
  1.9950000000000000e+004	 -4.5457553875014973e+001	 -5.7518437580864685e+001	
  1.9980000000000000e+004	 -4.5457553875014973e+001	 -5.7518437580864685e+001	
  2.0010000000000000e+004	 -4.5457553875014973e+001	 -5.7518437580864685e+001	
  2.0040000000000000e+004	 -4.5457553875014973e+001	 -5.7518437580864685e+001	
  2.0070000000000000e+004	 -4.5457553875014973e+001	 -5.7518437580864685e+001	
  2.0100000000000000e+004	 -4.5457553875014973e+001	 -5.7518437580864685e+001	
  2.0130000000000000e+004	 -4.5457553875014973e+001	 -5.7518437580864685e+001	
  2.0160000000000000e+004	 -4.5457553875014973e+001	 -5.7518437580864685e+001	
  2.0190000000000000e+004	 -4.5457553875014973e+001	 -5.7518437580864685e+001	
  2.0220000000000000e+004	 -4.5457553875014973e+001	 -5.7518437580864685e+001	
  2.0250000000000000e+004	 -4.5457553875014973e+001	 -5.7518437580864685e+001	
  2.0280000000000000e+004	 -4.5457553875014973e+001	 -5.7518437580864685e+001	
  2.0310000000000000e+004	 -4.5457553875014973e+001	 -5.7518437580864685e+001	
  2.0340000000000000e+004	 -4.5457553875014973e+001	 -5.7518437580864685e+001	
  2.0370000000000000e+004	 -4.5457553875014973e+001	 -5.7518437580864685e+001	
  2.0400000000000000e+004	 -4.5457553875014973e+001	 -5.7518437580864685e+001	
  2.0430000000000000e+004	 -4.5457553875014973e+001	 -5.7518437580864685e+001	
  2.0460000000000000e+004	 -4.5457553875014973e+001	 -5.7518437580864685e+001	
  2.0490000000000000e+004	 -4.5457553875014973e+001	 -5.7518437580864685e+001	
  2.0520000000000000e+004	 -4.5457553875014973e+001	 -5.7518437580864685e+001	
  2.0550000000000000e+004	 -4.5457553875014973e+001	 -5.7518437580864685e+001	
  2.0580000000000000e+004	 -4.5457553875014973e+001	 -5.7518437580864685e+001	
  2.0610000000000000e+004	 -4.5457553875014973e+001	 -5.7518437580864685e+001	
  2.0640000000000000e+004	 -4.5457553875014973e+001	 -5.7518437580864685e+001	
  2.0670000000000000e+004	 -4.5457553875014973e+001	 -5.7518437580864685e+001	
  2.0700000000000000e+004	 -4.5457553875014973e+001	 -5.7518437580864685e+001	
  2.0730000000000000e+004	 -4.5457553875014973e+001	 -5.7518437580864685e+001	
  2.0760000000000000e+004	 -4.5457553875014973e+001	 -5.7518437580864685e+001	
  2.0790000000000000e+004	 -4.5457553875014973e+001	 -5.7518437580864685e+001	
  2.0820000000000000e+004	 -4.5457553875014973e+001	 -5.7518437580864685e+001	
  2.0850000000000000e+004	 -4.5457553875014973e+001	 -5.7518437580864685e+001	
  2.0880000000000000e+004	 -4.5457553875014973e+001	 -5.7518437580864685e+001	
  2.0910000000000000e+004	 -4.5457553875014973e+001	 -5.7518437580864685e+001	
  2.0940000000000000e+004	 -4.5457553875014973e+001	 -5.7518437580864685e+001	
  2.0970000000000000e+004	 -4.5457553875014973e+001	 -5.7518437580864685e+001	
  2.1000000000000000e+004	 -4.5457553875014973e+001	 -5.7518437580864685e+001	
  2.1030000000000000e+004	 -4.5457553875014973e+001	 -5.7518437580864685e+001	
  2.1060000000000000e+004	 -4.5457553875014973e+001	 -5.7518437580864685e+001	
  2.1090000000000000e+004	 -4.5457553875014973e+001	 -5.7518437580864685e+001	
  2.1120000000000000e+004	 -4.5457553875014973e+001	 -5.7518437580864685e+001	
  2.1150000000000000e+004	 -4.5457553875014973e+001	 -5.7518437580864685e+001	
  2.1180000000000000e+004	 -4.5457553875014973e+001	 -5.7518437580864685e+001	
  2.1210000000000000e+004	 -4.5457553875014973e+001	 -5.7518437580864685e+001	
  2.1240000000000000e+004	 -4.5457553875014973e+001	 -5.7518437580864685e+001	
  2.1270000000000000e+004	 -4.5457553875014973e+001	 -5.7518437580864685e+001	
  2.1300000000000000e+004	 -4.5457553875014973e+001	 -5.7518437580864685e+001	
  2.1330000000000000e+004	 -4.5457553875014973e+001	 -5.7518437580864685e+001	
  2.1360000000000000e+004	 -4.5457553875014973e+001	 -5.7518437580864685e+001	
  2.1390000000000000e+004	 -4.5457553875014973e+001	 -5.7518437580864685e+001	
  2.1420000000000000e+004	 -4.5457553875014973e+001	 -5.7518437580864685e+001	
  2.1450000000000000e+004	 -4.5457553875014973e+001	 -5.7518437580864685e+001	
  2.1480000000000000e+004	 -4.5457553875014973e+001	 -5.7518437580864685e+001	
  2.1510000000000000e+004	 -4.5457553875014973e+001	 -5.7518437580864685e+001	
  2.1540000000000000e+004	 -4.5457553875014973e+001	 -5.7518437580864685e+001	
  2.1570000000000000e+004	 -4.5457553875014973e+001	 -5.7518437580864685e+001	
  2.1600000000000000e+004	 -4.5457553875014973e+001	 -5.7518437580864685e+001	
  2.1630000000000000e+004	 -4.5457553875014973e+001	 -5.7518437580864685e+001	
  2.1660000000000000e+004	 -4.5457553875014973e+001	 -5.7518437580864685e+001	
  2.1690000000000000e+004	 -4.5457553875014973e+001	 -5.7518437580864685e+001	
  2.1720000000000000e+004	 -4.5457553875014973e+001	 -5.7518437580864685e+001	
  2.1750000000000000e+004	 -4.5457553875014973e+001	 -5.7518437580864685e+001	
  2.1780000000000000e+004	 -4.5457553875014973e+001	 -5.7518437580864685e+001	
  2.1810000000000000e+004	 -4.5457553875014973e+001	 -5.7518437580864685e+001	
  2.1840000000000000e+004	 -4.5457553875014973e+001	 -5.7518437580864685e+001	
  2.1870000000000000e+004	 -4.5457553875014973e+001	 -5.7518437580864685e+001	
  2.1900000000000000e+004	 -4.5457553875014973e+001	 -5.7518437580864685e+001	
  2.1930000000000000e+004	 -4.5457553875014973e+001	 -5.7518437580864685e+001	
  2.1960000000000000e+004	 -4.5457553875014973e+001	 -5.7518437580864685e+001	
  2.1990000000000000e+004	 -4.5457553875014973e+001	 -5.7518437580864685e+001	
  2.2020000000000000e+004	 -4.5457553875014973e+001	 -5.7518437580864685e+001	
  2.2050000000000000e+004	 -4.5457553875014973e+001	 -5.7518437580864685e+001	
  2.2080000000000000e+004	 -4.5457553875014973e+001	 -5.7518437580864685e+001	
  2.2110000000000000e+004	 -4.5457553875014973e+001	 -5.7518437580864685e+001	
  2.2140000000000000e+004	 -4.5457553875014973e+001	 -5.7518437580864685e+001	
  2.2170000000000000e+004	 -4.5457553875014973e+001	 -5.7518437580864685e+001	
  2.2200000000000000e+004	 -4.5457553875014973e+001	 -5.7518437580864685e+001	
  2.2230000000000000e+004	 -4.5457553875014973e+001	 -5.7518437580864685e+001	
  2.2260000000000000e+004	 -4.5457553875014973e+001	 -5.7518437580864685e+001	
  2.2290000000000000e+004	 -4.5457553875014973e+001	 -5.7518437580864685e+001	
  2.2320000000000000e+004	 -4.5457553875014973e+001	 -5.7518437580864685e+001	
  2.2350000000000000e+004	 -4.5457553875014973e+001	 -5.7518437580864685e+001	
  2.2380000000000000e+004	 -4.5457553875014973e+001	 -5.7518437580864685e+001	
  2.2410000000000000e+004	 -4.5457553875014973e+001	 -5.7518437580864685e+001	
  2.2440000000000000e+004	 -4.5457553875014973e+001	 -5.7518437580864685e+001	
  2.2470000000000000e+004	 -4.5457553875014973e+001	 -5.7518437580864685e+001	
  2.2500000000000000e+004	 -4.5457553875014973e+001	 -5.7518437580864685e+001	
  2.2530000000000000e+004	 -4.5457553875014973e+001	 -5.7518437580864685e+001	
  2.2560000000000000e+004	 -4.5457553875014973e+001	 -5.7518437580864685e+001	
  2.2590000000000000e+004	 -4.5457553875014973e+001	 -5.7518437580864685e+001	
  2.2620000000000000e+004	 -4.5457553875014973e+001	 -5.7518437580864685e+001	
  2.2650000000000000e+004	 -4.5457553875014973e+001	 -5.7518437580864685e+001	
  2.2680000000000000e+004	 -4.5457553875014973e+001	 -5.7518437580864685e+001	
  2.2710000000000000e+004	 -4.5457553875014973e+001	 -5.7518437580864685e+001	
  2.2740000000000000e+004	 -4.5457553875014973e+001	 -5.7518437580864685e+001	
  2.2770000000000000e+004	 -4.5457553875014973e+001	 -5.7518437580864685e+001	
  2.2800000000000000e+004	 -4.5457553875014973e+001	 -5.7518437580864685e+001	
  2.2830000000000000e+004	 -4.5457553875014973e+001	 -5.7518437580864685e+001	
  2.2860000000000000e+004	 -4.5457553875014973e+001	 -5.7518437580864685e+001	
  2.2890000000000000e+004	 -4.5457553875014973e+001	 -5.7518437580864685e+001	
  2.2920000000000000e+004	 -4.5457553875014973e+001	 -5.7518437580864685e+001	
  2.2950000000000000e+004	 -4.5457553875014973e+001	 -5.7518437580864685e+001	
  2.2980000000000000e+004	 -4.5457553875014973e+001	 -5.7518437580864685e+001	
  2.3010000000000000e+004	 -4.5457553875014973e+001	 -5.7518437580864685e+001	
  2.3040000000000000e+004	 -4.5457553875014973e+001	 -5.7518437580864685e+001	
  2.3070000000000000e+004	 -4.5457553875014973e+001	 -5.7518437580864685e+001	
  2.3100000000000000e+004	 -4.5457553875014973e+001	 -5.7518437580864685e+001	
  2.3130000000000000e+004	 -4.5457553875014973e+001	 -5.7518437580864685e+001	
  2.3160000000000000e+004	 -4.5457553875014973e+001	 -5.7518437580864685e+001	
  2.3190000000000000e+004	 -4.5457553875014973e+001	 -5.7518437580864685e+001	
  2.3220000000000000e+004	 -4.5457553875014973e+001	 -5.7518437580864685e+001	
  2.3250000000000000e+004	 -4.5457553875014973e+001	 -5.7518437580864685e+001	
  2.3280000000000000e+004	 -4.5457553875014973e+001	 -5.7518437580864685e+001	
  2.3310000000000000e+004	 -4.5457553875014973e+001	 -5.7518437580864685e+001	
  2.3340000000000000e+004	 -4.5457553875014973e+001	 -5.7518437580864685e+001	
  2.3370000000000000e+004	 -4.5457553875014973e+001	 -5.7518437580864685e+001	
  2.3400000000000000e+004	 -4.5457553875014973e+001	 -5.7518437580864685e+001	
  2.3430000000000000e+004	 -4.5457553875014973e+001	 -5.7518437580864685e+001	
  2.3460000000000000e+004	 -4.5457553875014973e+001	 -5.7518437580864685e+001	
  2.3490000000000000e+004	 -4.5457553875014973e+001	 -5.7518437580864685e+001	
  2.3520000000000000e+004	 -4.5457553875014973e+001	 -5.7518437580864685e+001	
  2.3550000000000000e+004	 -4.5457553875014973e+001	 -5.7518437580864685e+001	
  2.3580000000000000e+004	 -4.5457553875014973e+001	 -5.7518437580864685e+001	
  2.3610000000000000e+004	 -4.5457553875014973e+001	 -5.7518437580864685e+001	
  2.3640000000000000e+004	 -4.5457553875014973e+001	 -5.7518437580864685e+001	
  2.3670000000000000e+004	 -4.5457553875014973e+001	 -5.7518437580864685e+001	
  2.3700000000000000e+004	 -4.5457553875014973e+001	 -5.7518437580864685e+001	
  2.3730000000000000e+004	 -4.5457553875014973e+001	 -5.7518437580864685e+001	
  2.3760000000000000e+004	 -4.5457553875014973e+001	 -5.7518437580864685e+001	
  2.3790000000000000e+004	 -4.5457553875014973e+001	 -5.7518437580864685e+001	
  2.3820000000000000e+004	 -4.5457553875014973e+001	 -5.7518437580864685e+001	
  2.3850000000000000e+004	 -4.5457553875014973e+001	 -5.7518437580864685e+001	
  2.3880000000000000e+004	 -4.5457553875014973e+001	 -5.7518437580864685e+001	
  2.3910000000000000e+004	 -4.5457553875014973e+001	 -5.7518437580864685e+001	
  2.3940000000000000e+004	 -4.5457553875014973e+001	 -5.7518437580864685e+001	
  2.3970000000000000e+004	 -4.5457553875014973e+001	 -5.7518437580864685e+001	
  2.4000000000000000e+004	 -4.5457553875014973e+001	 -5.7518437580864685e+001	
  2.4030000000000000e+004	 -4.5457553875014973e+001	 -5.7518437580864685e+001	
  2.4060000000000000e+004	 -4.5457553875014973e+001	 -5.7518437580864685e+001	
  2.4090000000000000e+004	 -4.5457553875014973e+001	 -5.7518437580864685e+001	
  2.4120000000000000e+004	 -4.5457553875014973e+001	 -5.7518437580864685e+001	
  2.4150000000000000e+004	 -4.5457553875014973e+001	 -5.7518437580864685e+001	
  2.4180000000000000e+004	 -4.5457553875014973e+001	 -5.7518437580864685e+001	
  2.4210000000000000e+004	 -4.5457553875014973e+001	 -5.7518437580864685e+001	
  2.4240000000000000e+004	 -4.5457553875014973e+001	 -5.7518437580864685e+001	
  2.4270000000000000e+004	 -4.5457553875014973e+001	 -5.7518437580864685e+001	
  2.4300000000000000e+004	 -4.5457553875014973e+001	 -5.7518437580864685e+001	
  2.4330000000000000e+004	 -4.5457553875014973e+001	 -5.7518437580864685e+001	
  2.4360000000000000e+004	 -4.5457553875014973e+001	 -5.7518437580864685e+001	
  2.4390000000000000e+004	 -4.5457553875014973e+001	 -5.7518437580864685e+001	
  2.4420000000000000e+004	 -4.5457553875014973e+001	 -5.7518437580864685e+001	
  2.4450000000000000e+004	 -4.5457553875014973e+001	 -5.7518437580864685e+001	
  2.4480000000000000e+004	 -4.5457553875014973e+001	 -5.7518437580864685e+001	
  2.4510000000000000e+004	 -4.5457553875014973e+001	 -5.7518437580864685e+001	
  2.4540000000000000e+004	 -4.5457553875014973e+001	 -5.7518437580864685e+001	
  2.4570000000000000e+004	 -4.5457553875014973e+001	 -5.7518437580864685e+001	
  2.4600000000000000e+004	 -4.5457553875014973e+001	 -5.7518437580864685e+001	
  2.4630000000000000e+004	 -4.5457553875014973e+001	 -5.7518437580864685e+001	
  2.4660000000000000e+004	 -4.5457553875014973e+001	 -5.7518437580864685e+001	
  2.4690000000000000e+004	 -4.5457553875014973e+001	 -5.7518437580864685e+001	
  2.4720000000000000e+004	 -4.5457553875014973e+001	 -5.7518437580864685e+001	
  2.4750000000000000e+004	 -4.5457553875014973e+001	 -5.7518437580864685e+001	
  2.4780000000000000e+004	 -4.5457553875014973e+001	 -5.7518437580864685e+001	
  2.4810000000000000e+004	 -4.5457553875014973e+001	 -5.7518437580864685e+001	
  2.4840000000000000e+004	 -4.5457553875014973e+001	 -5.7518437580864685e+001	
  2.4870000000000000e+004	 -4.5457553875014973e+001	 -5.7518437580864685e+001	
  2.4900000000000000e+004	 -4.5457553875014973e+001	 -5.7518437580864685e+001	
  2.4930000000000000e+004	 -4.5457553875014973e+001	 -5.7518437580864685e+001	
  2.4960000000000000e+004	 -4.5457553875014973e+001	 -5.7518437580864685e+001	
  2.4990000000000000e+004	 -4.5457553875014973e+001	 -5.7518437580864685e+001	
  2.5020000000000000e+004	 -2.1874420753260498e+001	 -7.9760906823302705e+001	
  2.5050000000000000e+004	 -1.5598052620777845e+000	 -9.5973354038523681e+001	
  2.5080000000000000e+004	  4.0976845729706186e+000	 -8.8353176932673634e+001	
  2.5110000000000000e+004	 -1.2726671854270384e+000	 -8.9605477270128205e+001	
  2.5140000000000000e+004	 -4.6935469296729142e+000	 -9.3061243353619147e+001	
  2.5170000000000000e+004	 -5.5887890058519964e+000	 -8.8860269292288450e+001	
  2.5200000000000000e+004	 -4.5322167899445613e+000	 -8.4727426053069621e+001	
  2.5230000000000000e+004	 -4.9932381310005901e-002	 -9.9698318772748095e+001	
  2.5260000000000000e+004	  7.1070309873386117e+000	 -1.1273159644072356e+002	
  2.5290000000000000e+004	  5.6911156654551220e+000	 -1.0887033065300599e+002	
  2.5320000000000000e+004	  8.0038967265416439e+000	 -1.0809341694505243e+002	
  2.5350000000000000e+004	 -1.3126165531666603e+000	 -8.8415043094860096e+001	
  2.5380000000000000e+004	  1.4814103054049701e+001	 -1.1369638544551931e+002	
  2.5410000000000000e+004	  5.9001071100160951e+000	 -1.0911887525719521e+002	
  2.5440000000000000e+004	 -4.4295587238359524e-001	 -9.2440103933586514e+001	
  2.5470000000000000e+004	  1.3895863175877858e+001	 -1.1501366789499174e+002	
  2.5500000000000000e+004	  1.5687006028520205e+001	 -1.2909523949501997e+002	
  2.5530000000000000e+004	  4.1114503534191826e-001	 -1.1812254795921686e+002	
  2.5560000000000000e+004	 -1.8258661573131430e+001	 -9.3782052158653499e+001	
  2.5590000000000000e+004	 -3.3493081189538678e+001	 -7.6981275614659836e+001	
  2.5620000000000000e+004	 -3.7720468912244449e+001	 -6.4420001885162563e+001	
  2.5650000000000000e+004	 -2.6793187069095563e+001	 -7.1669567112427103e+001	
  2.5680000000000000e+004	 -1.3673340732494994e+001	 -7.5568947675149104e+001	
  2.5710000000000000e+004	 -2.5904064637649309e+001	 -6.5797616064413219e+001	
  2.5740000000000000e+004	 -2.0981977705166532e+001	 -6.9031715494811507e+001	
  2.5770000000000000e+004	 -3.4504757514317355e+001	 -5.8327928634281349e+001	
  2.5800000000000000e+004	 -3.3355300713228814e+001	 -5.9939513165577573e+001	
