  0.0000000000000000e+000	 -4.9181317456606484e+003	 -2.1670886592026714e+003	
  3.0000000000000000e+001	 -4.9166049638991171e+003	 -2.1695853430120069e+003	
  6.0000000000000000e+001	 -4.9158706033229537e+003	 -2.1702691485807859e+003	
  9.0000000000000000e+001	 -4.9152416122552304e+003	 -2.1709847584385620e+003	
  1.2000000000000000e+002	 -4.9146126211875062e+003	 -2.1717003682963386e+003	
  1.5000000000000000e+002	 -4.9140674955954782e+003	 -2.1723205635064114e+003	
  1.8000000000000000e+002	 -4.9140674955954782e+003	 -2.1723205635064114e+003	
  2.1000000000000000e+002	 -4.9140674955954782e+003	 -2.1723205635064114e+003	
  2.4000000000000000e+002	 -4.9140674955954782e+003	 -2.1723205635064114e+003	
  2.7000000000000000e+002	 -4.9140674955954782e+003	 -2.1723205635064114e+003	
  3.0000000000000000e+002	 -4.9140674955954782e+003	 -2.1723205635064114e+003	
  3.3000000000000000e+002	 -4.9140674955954782e+003	 -2.1723205635064114e+003	
  3.6000000000000000e+002	 -4.9140674955954782e+003	 -2.1723205635064114e+003	
  3.9000000000000000e+002	 -4.9140674955954782e+003	 -2.1723205635064114e+003	
  4.2000000000000000e+002	 -4.9140674955954782e+003	 -2.1723205635064114e+003	
  4.5000000000000000e+002	 -4.9137965461113217e+003	 -2.1762484669891005e+003	
  4.8000000000000000e+002	 -4.9176593196611338e+003	 -2.1675596175234245e+003	
  5.1000000000000000e+002	 -4.9202993452524597e+003	 -2.1654189040415376e+003	
  5.4000000000000000e+002	 -4.9229393708437874e+003	 -2.1632781905596503e+003	
  5.7000000000000000e+002	 -4.9232177022849764e+003	 -2.1626846776206007e+003	
  6.0000000000000000e+002	 -4.9225233926777046e+003	 -2.1627612079961577e+003	
  6.3000000000000000e+002	 -4.9228204700439655e+003	 -2.1635455962187407e+003	
  6.6000000000000000e+002	 -4.9246009983482963e+003	 -2.1658355480298474e+003	
  6.9000000000000000e+002	 -4.9263815266526271e+003	 -2.1681254998409540e+003	
  7.2000000000000000e+002	 -4.9889941964469836e+003	 -2.2019977031009867e+003	
  7.5000000000000000e+002	 -5.1648768585248281e+003	 -2.1322464052304949e+003	
  7.8000000000000000e+002	 -5.2539065055971460e+003	 -2.0937306909364333e+003	
  8.1000000000000000e+002	 -5.7495869062883339e+003	 -1.9107624849668728e+003	
  8.4000000000000000e+002	 -6.0688863971839673e+003	 -1.8489072853751268e+003	
  8.7000000000000000e+002	 -6.0694949597193208e+003	 -1.8481770978415075e+003	
  9.0000000000000000e+002	 -6.0692175587647280e+003	 -1.8472917584833267e+003	
  9.3000000000000000e+002	 -6.2893267792624683e+003	 -1.8118850704435536e+003	
  9.6000000000000000e+002	 -6.8171943061407428e+003	 -1.8871738602556902e+003	
  9.9000000000000000e+002	 -7.1261030744138743e+003	 -2.4275706722475652e+003	
  1.0200000000000000e+003	 -7.3039591476590695e+003	 -2.9067072979460218e+003	
  1.0500000000000000e+003	 -7.3322734196032534e+003	 -2.9713547037671360e+003	
  1.0800000000000000e+003	 -7.7836309009393135e+003	 -3.0900743899868030e+003	
  1.1100000000000000e+003	 -7.9252635422152271e+003	 -3.1672155504634547e+003	
  1.1400000000000000e+003	 -7.9723701285045181e+003	 -3.1846382671101542e+003	
  1.1700000000000000e+003	 -8.1118692176782397e+003	 -2.9916391537018394e+003	
  1.2000000000000000e+003	 -8.0487006032546833e+003	 -2.8682114594732438e+003	
  1.2300000000000000e+003	 -8.0558145060677516e+003	 -2.8771095983432369e+003	
  1.2600000000000000e+003	 -8.0596160160762056e+003	 -2.8810765343554863e+003	
  1.2900000000000000e+003	 -8.0555324130427935e+003	 -2.8809175113104179e+003	
  1.3200000000000000e+003	 -8.0466329969660064e+003	 -2.8698335076348858e+003	
  1.3500000000000000e+003	 -8.0781438324180299e+003	 -2.8553940907325182e+003	
  1.3800000000000000e+003	 -8.1049888444236212e+003	 -2.8349147264757626e+003	
  1.4100000000000000e+003	 -8.1324563971033294e+003	 -2.8119486148322662e+003	
  1.4400000000000000e+003	 -8.1538747257621244e+003	 -2.7926383759564942e+003	
  1.4700000000000000e+003	 -8.1726605897640748e+003	 -2.8122563743801611e+003	
  1.5000000000000000e+003	 -8.1784332185187968e+003	 -2.8252927540961336e+003	
  1.5300000000000000e+003	 -8.1781270371552155e+003	 -2.8299743105040125e+003	
  1.5600000000000000e+003	 -8.1792327135311152e+003	 -2.8305955891079097e+003	
  1.5900000000000000e+003	 -8.1805213779975002e+003	 -2.8310842983658376e+003	
  1.6200000000000000e+003	 -8.1816943182371269e+003	 -2.8315242157580151e+003	
  1.6500000000000000e+003	 -8.1812471193021338e+003	 -2.8312810470296818e+003	
  1.6800000000000000e+003	 -8.1807999203671425e+003	 -2.8310378783013480e+003	
  1.7100000000000000e+003	 -8.1803527214321493e+003	 -2.8307947095730146e+003	
  1.7400000000000000e+003	 -8.1799055224971571e+003	 -2.8305515408446804e+003	
  1.7700000000000000e+003	 -8.1794583235621649e+003	 -2.8303083721163471e+003	
  1.8000000000000000e+003	 -8.1790111246271726e+003	 -2.8300652033880137e+003	
  1.8300000000000000e+003	 -8.1787090401162122e+003	 -2.8297288534993213e+003	
  1.8600000000000000e+003	 -8.1789874133013782e+003	 -2.8290197789691942e+003	
  1.8900000000000000e+003	 -8.1792657864865450e+003	 -2.8283107044390667e+003	
  1.9200000000000000e+003	 -8.1795441596717128e+003	 -2.8276016299089392e+003	
  1.9500000000000000e+003	 -8.1798225328568788e+003	 -2.8268925553788122e+003	
  1.9800000000000000e+003	 -8.1780888861858039e+003	 -2.8284142706596199e+003	
  2.0100000000000000e+003	 -8.1748654575759556e+003	 -2.8319424953163780e+003	
  2.0400000000000000e+003	 -8.1744610547644934e+003	 -2.8318428093440530e+003	
  2.0700000000000000e+003	 -8.1765514503583463e+003	 -2.8313380315428672e+003	
  2.1000000000000000e+003	 -8.1992907207112166e+003	 -2.8229133506460589e+003	
  2.1300000000000000e+003	 -8.2032094594482442e+003	 -2.8110828166656115e+003	
  2.1600000000000000e+003	 -8.2026317198159632e+003	 -2.8046158223456855e+003	
  2.1900000000000000e+003	 -8.2020726167292742e+003	 -2.8022834636083635e+003	
  2.2200000000000000e+003	 -8.2019061402704156e+003	 -2.8001629170127612e+003	
  2.2500000000000000e+003	 -8.2021883799576499e+003	 -2.7982844414362662e+003	
  2.2800000000000000e+003	 -8.2032696707260911e+003	 -2.7982483670562224e+003	
  2.3100000000000000e+003	 -8.2041643456510610e+003	 -2.7983165534461050e+003	
  2.3400000000000000e+003	 -8.2015328019176759e+003	 -2.7965984237761500e+003	
  2.3700000000000000e+003	 -8.2021310031771445e+003	 -2.7977694216742061e+003	
  2.4000000000000000e+003	 -8.2027292044366131e+003	 -2.7989404195722623e+003	
  2.4300000000000000e+003	 -8.2023969679591974e+003	 -2.8004272956477494e+003	
  2.4600000000000000e+003	 -8.2032194946845684e+003	 -2.8041842488364450e+003	
  2.4900000000000000e+003	 -8.2037066575040626e+003	 -2.8077522992257927e+003	
  2.5200000000000000e+003	 -8.2040194423084613e+003	 -2.8079571014492253e+003	
  2.5500000000000000e+003	 -8.2038304603902779e+003	 -2.8054463886451358e+003	
  2.5800000000000000e+003	 -8.2038238284030922e+003	 -2.8044694538205677e+003	
  2.6100000000000000e+003	 -8.2040784122343557e+003	 -2.8048056458380338e+003	
  2.6400000000000000e+003	 -8.2043329960656174e+003	 -2.8051418378554995e+003	
  2.6700000000000000e+003	 -8.2045875798968791e+003	 -2.8054780298729652e+003	
  2.7000000000000000e+003	 -8.2048421637281426e+003	 -2.8058142218904304e+003	
  2.7300000000000000e+003	 -8.2049355111329387e+003	 -2.8059374922968345e+003	
  2.7600000000000000e+003	 -8.2049355111329387e+003	 -2.8059374922968345e+003	
  2.7900000000000000e+003	 -8.2049355111329387e+003	 -2.8059374922968345e+003	
  2.8200000000000000e+003	 -8.2049355111329387e+003	 -2.8059374922968345e+003	
  2.8500000000000000e+003	 -8.2049355111329387e+003	 -2.8059374922968345e+003	
  2.8800000000000000e+003	 -8.2049355111329387e+003	 -2.8059374922968345e+003	
  2.9100000000000000e+003	 -8.2049355111329387e+003	 -2.8059374922968345e+003	
  2.9400000000000000e+003	 -8.2049355111329387e+003	 -2.8059374922968345e+003	
  2.9700000000000000e+003	 -8.2049355111329387e+003	 -2.8059374922968345e+003	
  3.0000000000000000e+003	 -8.2049355111329387e+003	 -2.8059374922968345e+003	
  3.0300000000000000e+003	 -8.2049355111329387e+003	 -2.8059374922968345e+003	
  3.0600000000000000e+003	 -8.2049355111329387e+003	 -2.8059374922968345e+003	
  3.0900000000000000e+003	 -8.2040325369653601e+003	 -2.8081221409599616e+003	
  3.1200000000000000e+003	 -8.2024969615345053e+003	 -2.8118373001888722e+003	
  3.1500000000000000e+003	 -8.2024969615345053e+003	 -2.8118373001888722e+003	
  3.1800000000000000e+003	 -8.2024969615345053e+003	 -2.8118373001888722e+003	
  3.2100000000000000e+003	 -8.2024969615345053e+003	 -2.8118373001888722e+003	
  3.2400000000000000e+003	 -8.2024969615345053e+003	 -2.8118373001888722e+003	
  3.2700000000000000e+003	 -8.2024969615345053e+003	 -2.8118373001888722e+003	
  3.3000000000000000e+003	 -8.2024969615345053e+003	 -2.8118373001888722e+003	
  3.3300000000000000e+003	 -8.2024969615345053e+003	 -2.8118373001888722e+003	
  3.3600000000000000e+003	 -8.2024969615345053e+003	 -2.8118373001888722e+003	
  3.3900000000000000e+003	 -8.2024969615345053e+003	 -2.8118373001888722e+003	
  3.4200000000000000e+003	 -8.2024969615345053e+003	 -2.8118373001888722e+003	
  3.4500000000000000e+003	 -8.1983834489897927e+003	 -2.8117259824655212e+003	
  3.4800000000000000e+003	 -8.2039119226260027e+003	 -2.8085348922812586e+003	
  3.5100000000000000e+003	 -8.2029162893271241e+003	 -2.7901145624772694e+003	
  3.5400000000000000e+003	 -8.1982520793498916e+003	 -2.7739523795492073e+003	
  3.5700000000000000e+003	 -8.2017021752526343e+003	 -2.7603642735051044e+003	
  3.6000000000000000e+003	 -8.2063203668457918e+003	 -2.7528206833835720e+003	
  3.6300000000000000e+003	 -8.2081930342655578e+003	 -2.7504261076806788e+003	
  3.6600000000000000e+003	 -8.2087441189871297e+003	 -2.7503129042902888e+003	
  3.6900000000000000e+003	 -8.2046645610583691e+003	 -2.7335813790489492e+003	
  3.7200000000000000e+003	 -8.1949046285732820e+003	 -2.7312719916683263e+003	
  3.7500000000000000e+003	 -8.1963668983067273e+003	 -2.7307419087231237e+003	
  3.7800000000000000e+003	 -8.1973669758125998e+003	 -2.7295516997704726e+003	
  3.8100000000000000e+003	 -8.1972585953646176e+003	 -2.7283494775812192e+003	
  3.8400000000000000e+003	 -8.1972585953646176e+003	 -2.7283494775812192e+003	
  3.8700000000000000e+003	 -8.1972585953646176e+003	 -2.7283494775812192e+003	
  3.9000000000000000e+003	 -8.1972585953646176e+003	 -2.7283494775812192e+003	
  3.9300000000000000e+003	 -8.1972585953646176e+003	 -2.7283494775812192e+003	
  3.9600000000000000e+003	 -8.1972585953646176e+003	 -2.7283494775812192e+003	
  3.9900000000000000e+003	 -8.1972585953646176e+003	 -2.7283494775812192e+003	
  4.0200000000000000e+003	 -8.1972585953646176e+003	 -2.7283494775812192e+003	
  4.0500000000000000e+003	 -8.1972585953646176e+003	 -2.7283494775812192e+003	
  4.0800000000000000e+003	 -8.1972585953646176e+003	 -2.7283494775812192e+003	
  4.1100000000000000e+003	 -8.1972585953646176e+003	 -2.7283494775812192e+003	
  4.1400000000000000e+003	 -8.1972585953646176e+003	 -2.7283494775812192e+003	
  4.1700000000000000e+003	 -8.1897623135036747e+003	 -2.7316889881483271e+003	
  4.2000000000000000e+003	 -8.1847948975639292e+003	 -2.7452696718742159e+003	
  4.2300000000000000e+003	 -8.1801017769025775e+003	 -2.7557582183262530e+003	
  4.2600000000000000e+003	 -8.1713377162849301e+003	 -2.7631917247851320e+003	
  4.2900000000000000e+003	 -8.1588956941309280e+003	 -2.7798269547194850e+003	
  4.3200000000000000e+003	 -8.1597028063328726e+003	 -2.7830781988986455e+003	
  4.3500000000000000e+003	 -8.1620781087380410e+003	 -2.7846547228944223e+003	
  4.3800000000000000e+003	 -8.1607740125247719e+003	 -2.7877268393211539e+003	
  4.4100000000000000e+003	 -8.1674340296976088e+003	 -2.7926536527335975e+003	
  4.4400000000000000e+003	 -8.1684877239174593e+003	 -2.7954365806179430e+003	
  4.4700000000000000e+003	 -8.1679093699115374e+003	 -2.7952760424071575e+003	
  4.5000000000000000e+003	 -8.1642848069062220e+003	 -2.7947703655445221e+003	
  4.5300000000000000e+003	 -8.1486824970860253e+003	 -2.8035705395149398e+003	
  4.5600000000000000e+003	 -8.1212635831367279e+003	 -2.8157811032855834e+003	
  4.5900000000000000e+003	 -8.1100792577560287e+003	 -2.8434103458897121e+003	
  4.6200000000000000e+003	 -8.0820858489511520e+003	 -2.8607640933634962e+003	
  4.6500000000000000e+003	 -8.0554189477317404e+003	 -2.8690542907698800e+003	
  4.6800000000000000e+003	 -8.0557127660432652e+003	 -2.8790728281353563e+003	
  4.7100000000000000e+003	 -8.0569581260700215e+003	 -2.8787547793636627e+003	
  4.7400000000000000e+003	 -8.0592547495590088e+003	 -2.8768464864110792e+003	
  4.7700000000000000e+003	 -8.0582311606641797e+003	 -2.8775143878712643e+003	
  4.8000000000000000e+003	 -8.0563081687001059e+003	 -2.8785092843601856e+003	
  4.8300000000000000e+003	 -8.0534857736667827e+003	 -2.8798311758778450e+003	
  4.8600000000000000e+003	 -8.0244499953550694e+003	 -2.8811473743729975e+003	
  4.8900000000000000e+003	 -8.1387334047510512e+003	 -3.0193959826973469e+003	
  4.9200000000000000e+003	 -8.0708754921667305e+003	 -3.1403711657478912e+003	
  4.9500000000000000e+003	 -7.8220832166493519e+003	 -3.1315400102611129e+003	
  4.9800000000000000e+003	 -7.3708612102916695e+003	 -2.9977368544514429e+003	
  5.0100000000000000e+003	 -7.4298379857928658e+003	 -3.3150740776081921e+003	
  5.0400000000000000e+003	 -7.4547653825593543e+003	 -3.5569939651836962e+003	
  5.0700000000000000e+003	 -7.2831818016215311e+003	 -3.6013204335080445e+003	
  5.1000000000000000e+003	 -7.2715211003705854e+003	 -3.7085370160796042e+003	
  5.1300000000000000e+003	 -7.2287931117331991e+003	 -3.6837498893243205e+003	
  5.1600000000000000e+003	 -7.2651229861406337e+003	 -3.6081163414732669e+003	
  5.1900000000000000e+003	 -7.1976338650798471e+003	 -3.5362889830168206e+003	
  5.2200000000000000e+003	 -7.2759835639536368e+003	 -3.5205932725828220e+003	
  5.2500000000000000e+003	 -7.3794968717441579e+003	 -3.4790719926981296e+003	
  5.2800000000000000e+003	 -7.4322765361175598e+003	 -3.5515394261194660e+003	
  5.3100000000000000e+003	 -7.4370715287069697e+003	 -3.3834404871792281e+003	
  5.3400000000000000e+003	 -7.3424340427634588e+003	 -3.0566514302883975e+003	
  5.3700000000000000e+003	 -7.2411439141539813e+003	 -2.7723475568428257e+003	
  5.4000000000000000e+003	 -7.0278084472998926e+003	 -2.2182945249656009e+003	
  5.4300000000000000e+003	 -6.6024471021295212e+003	 -1.8128498169990503e+003	
  5.4600000000000000e+003	 -6.1896096625631717e+003	 -1.8353637000210044e+003	
  5.4900000000000000e+003	 -5.9284138892477704e+003	 -1.8884174300290713e+003	
  5.5200000000000000e+003	 -5.4001130478366995e+003	 -2.0376745795224826e+003	
  5.5500000000000000e+003	 -4.9706057250370241e+003	 -2.2142871099548775e+003	
  5.5800000000000000e+003	 -4.9177843735587039e+003	 -2.1676880577838556e+003	
  5.6100000000000000e+003	 -4.9139169675328058e+003	 -2.1645840225004922e+003	
  5.6400000000000000e+003	 -4.9027553343789205e+003	 -2.1780209254651077e+003	
  5.6700000000000000e+003	 -4.8952231905583394e+003	 -2.1748546642583278e+003	
  5.7000000000000000e+003	 -4.8930517442217251e+003	 -2.1712995152187023e+003	
  5.7300000000000000e+003	 -4.8904356748220944e+003	 -2.1704934262917291e+003	
  5.7600000000000000e+003	 -4.8878196054224627e+003	 -2.1696873373647554e+003	
  5.7900000000000000e+003	 -4.8888609369970327e+003	 -2.1721788869845495e+003	
  5.8200000000000000e+003	 -4.8921596037729714e+003	 -2.1770650783108349e+003	
  5.8500000000000000e+003	 -4.8920405529859272e+003	 -2.1778291683624639e+003	
  5.8800000000000000e+003	 -4.8917224853094558e+003	 -2.1749674353099044e+003	
  5.9100000000000000e+003	 -4.8968621725394341e+003	 -2.1713743681243805e+003	
  5.9400000000000000e+003	 -4.9011727400065574e+003	 -2.1660615085398663e+003	
  5.9700000000000000e+003	 -4.8987755945909294e+003	 -2.1708034675198378e+003	
  6.0000000000000000e+003	 -4.8780285687756132e+003	 -2.1764329334360327e+003	
  6.0300000000000000e+003	 -4.8885052252195537e+003	 -2.1714267521866509e+003	
  6.0600000000000000e+003	 -4.8907849802017736e+003	 -2.1691898927382899e+003	
  6.0900000000000000e+003	 -4.8895141527303540e+003	 -2.1681555299257902e+003	
  6.1200000000000000e+003	 -4.8882433252589344e+003	 -2.1671211671132910e+003	
  6.1500000000000000e+003	 -4.8869724977875157e+003	 -2.1660868043007918e+003	
  6.1800000000000000e+003	 -4.8880146132697655e+003	 -2.1706593684725390e+003	
  6.2100000000000000e+003	 -4.8890567287520134e+003	 -2.1752319326442857e+003	
  6.2400000000000000e+003	 -4.8900804536192118e+003	 -2.1759612855214536e+003	
  6.2700000000000000e+003	 -4.8911005003633991e+003	 -2.1759219961397057e+003	
  6.3000000000000000e+003	 -4.8921205471075855e+003	 -2.1758827067579573e+003	
  6.3300000000000000e+003	 -4.8905226370110595e+003	 -2.1714300236966910e+003	
  6.3600000000000000e+003	 -4.8908121764888701e+003	 -2.1685779018758308e+003	
  6.3900000000000000e+003	 -4.8927616189663322e+003	 -2.1683393412392106e+003	
  6.4200000000000000e+003	 -4.8956836283457642e+003	 -2.1703037593076469e+003	
  6.4500000000000000e+003	 -4.8892123512130402e+003	 -2.1714300253428892e+003	
  6.4800000000000000e+003	 -4.8909856991117504e+003	 -2.1759940245156949e+003	
  6.5100000000000000e+003	 -4.8935183060038162e+003	 -2.1785225152244266e+003	
  6.5400000000000000e+003	 -4.8897766161026029e+003	 -2.1682654420852068e+003	
  6.5700000000000000e+003	 -4.8922323688113638e+003	 -2.1688538319315367e+003	
  6.6000000000000000e+003	 -4.8947939207696791e+003	 -2.1717862417183574e+003	
  6.6300000000000000e+003	 -4.8931648342555745e+003	 -2.1706090638369060e+003	
  6.6600000000000000e+003	 -4.8948594763207338e+003	 -2.1722592745987004e+003	
  6.6900000000000000e+003	 -4.8959250097630265e+003	 -2.1736100888015194e+003	
  6.7200000000000000e+003	 -4.8969905432053192e+003	 -2.1749609030043389e+003	
  6.7500000000000000e+003	 -4.8960572909453558e+003	 -2.1772119667504357e+003	
  6.7800000000000000e+003	 -4.8921258601320087e+003	 -2.1808134048114480e+003	
  6.8100000000000000e+003	 -4.8877303721972648e+003	 -2.1795561738585761e+003	
  6.8400000000000000e+003	 -4.8913578736155869e+003	 -2.1730626767140939e+003	
  6.8700000000000000e+003	 -4.8958964789419260e+003	 -2.1738618753612141e+003	
  6.9000000000000000e+003	 -4.8975333184345936e+003	 -2.1741198685796162e+003	
  6.9300000000000000e+003	 -4.8998690942351850e+003	 -2.1743789688468378e+003	
  6.9600000000000000e+003	 -4.9022048700357764e+003	 -2.1746380691140594e+003	
  6.9900000000000000e+003	 -4.9045406458363677e+003	 -2.1748971693812800e+003	
  7.0200000000000000e+003	 -4.9026563329928313e+003	 -2.1674825488074721e+003	
  7.0500000000000000e+003	 -4.9092445859050486e+003	 -2.1822277837452739e+003	
  7.0800000000000000e+003	 -4.9068791778706091e+003	 -2.1831803651108376e+003	
  7.1100000000000000e+003	 -4.9027483010517462e+003	 -2.1785269460435225e+003	
  7.1400000000000000e+003	 -4.8986174242328843e+003	 -2.1738735269762074e+003	
  7.1700000000000000e+003	 -4.8944865474140224e+003	 -2.1692201079088923e+003	
  7.2000000000000000e+003	 -4.8933849802623254e+003	 -2.1679791961576079e+003	
  7.2300000000000000e+003	 -4.8933849802623254e+003	 -2.1679791961576079e+003	
  7.2600000000000000e+003	 -4.8933849802623254e+003	 -2.1679791961576079e+003	
  7.2900000000000000e+003	 -4.8933849802623254e+003	 -2.1679791961576079e+003	
  7.3200000000000000e+003	 -4.8933849802623254e+003	 -2.1679791961576079e+003	
  7.3500000000000000e+003	 -4.8933849802623254e+003	 -2.1679791961576079e+003	
  7.3800000000000000e+003	 -4.8933849802623254e+003	 -2.1679791961576079e+003	
  7.4100000000000000e+003	 -4.8933849802623254e+003	 -2.1679791961576079e+003	
  7.4400000000000000e+003	 -4.8933849802623254e+003	 -2.1679791961576079e+003	
  7.4700000000000000e+003	 -4.8933849802623254e+003	 -2.1679791961576079e+003	
  7.5000000000000000e+003	 -4.8933849802623254e+003	 -2.1679791961576079e+003	
  7.5300000000000000e+003	 -4.8933849802623254e+003	 -2.1679791961576079e+003	
  7.5600000000000000e+003	 -4.8933849802623254e+003	 -2.1679791961576079e+003	
  7.5900000000000000e+003	 -4.8884126377655211e+003	 -2.1671939070253793e+003	
  7.6200000000000000e+003	 -4.8897427559869921e+003	 -2.1721728163198445e+003	
  7.6500000000000000e+003	 -4.8907040425130899e+003	 -2.1752110025488082e+003	
  7.6800000000000000e+003	 -4.8910282561108124e+003	 -2.1748970307555423e+003	
  7.7100000000000000e+003	 -4.8913524697085340e+003	 -2.1745830589622765e+003	
  7.7400000000000000e+003	 -4.8916766833062557e+003	 -2.1742690871690102e+003	
  7.7700000000000000e+003	 -4.8974741454387749e+003	 -2.1767886017466499e+003	
  7.8000000000000000e+003	 -4.9063331059768652e+003	 -2.1807300625826247e+003	
  7.8300000000000000e+003	 -4.8994151229624285e+003	 -2.1746545099729383e+003	
  7.8600000000000000e+003	 -4.8925843353122164e+003	 -2.1750824289547586e+003	
  7.8900000000000000e+003	 -4.8859936605672538e+003	 -2.1864548242941087e+003	
  7.9200000000000000e+003	 -4.8876401330075514e+003	 -2.1879136866543863e+003	
  7.9500000000000000e+003	 -4.8884025120703836e+003	 -2.1893520788738065e+003	
  7.9800000000000000e+003	 -4.8804628826002490e+003	 -2.1959785960788372e+003	
  8.0100000000000000e+003	 -4.8880290326529102e+003	 -2.1874722893406506e+003	
  8.0400000000000000e+003	 -4.9013027411516150e+003	 -2.1684615720839661e+003	
  8.0700000000000000e+003	 -4.9006053877660433e+003	 -2.1744376118680366e+003	
  8.1000000000000000e+003	 -4.8956297604356514e+003	 -2.1809344805858473e+003	
  8.1300000000000000e+003	 -4.8908761849372040e+003	 -2.1758084977096551e+003	
  8.1600000000000000e+003	 -4.8858808753386029e+003	 -2.1792756912409513e+003	
  8.1900000000000000e+003	 -4.8875449776676605e+003	 -2.1782238759400511e+003	
  8.2200000000000000e+003	 -4.8892090799967173e+003	 -2.1771720606391509e+003	
  8.2500000000000000e+003	 -4.8908731823257740e+003	 -2.1761202453382507e+003	
  8.2800000000000000e+003	 -4.8925372846548316e+003	 -2.1750684300373505e+003	
  8.3100000000000000e+003	 -4.8942013869838884e+003	 -2.1740166147364503e+003	
  8.3400000000000000e+003	 -4.8958654893129460e+003	 -2.1729647994355500e+003	
  8.3700000000000000e+003	 -4.8975295916420027e+003	 -2.1719129841346498e+003	
  8.4000000000000000e+003	 -4.8991936939710595e+003	 -2.1708611688337496e+003	
  8.4300000000000000e+003	 -4.8969490152571416e+003	 -2.1704881118683470e+003	
  8.4600000000000000e+003	 -4.8937972961130254e+003	 -2.1733030585015049e+003	
  8.4900000000000000e+003	 -4.8958963666702602e+003	 -2.1760478900530607e+003	
  8.5200000000000000e+003	 -4.9014477957935878e+003	 -2.1754779196764607e+003	
  8.5500000000000000e+003	 -4.8979531019944097e+003	 -2.1789995892839756e+003	
  8.5800000000000000e+003	 -4.8949249565508298e+003	 -2.1806184039762593e+003	
  8.6100000000000000e+003	 -4.8933635498304566e+003	 -2.1812410249843233e+003	
  8.6400000000000000e+003	 -4.8924906256776967e+003	 -2.1811363341380875e+003	
  8.6700000000000000e+003	 -4.8919619428087426e+003	 -2.1806679873647026e+003	
  8.7000000000000000e+003	 -4.8914332599397885e+003	 -2.1801996405913169e+003	
  8.7300000000000000e+003	 -4.8909045770708344e+003	 -2.1797312938179316e+003	
  8.7600000000000000e+003	 -4.8903758942018803e+003	 -2.1792629470445463e+003	
  8.7900000000000000e+003	 -4.8914028965452380e+003	 -2.1782384183674262e+003	
  8.8200000000000000e+003	 -4.8986526397378384e+003	 -2.1749891620753679e+003	
  8.8500000000000000e+003	 -4.9135617223371046e+003	 -2.1698233500427659e+003	
  8.8800000000000000e+003	 -4.9140674955954782e+003	 -2.1696489533707131e+003	
  8.9100000000000000e+003	 -4.9140674955954782e+003	 -2.1696489533707131e+003	
  8.9400000000000000e+003	 -4.9140674955954782e+003	 -2.1696489533707131e+003	
  8.9700000000000000e+003	 -4.9140674955954782e+003	 -2.1696489533707131e+003	
  9.0000000000000000e+003	 -4.9140674955954782e+003	 -2.1696489533707131e+003	
  9.0300000000000000e+003	 -4.9140674955954782e+003	 -2.1696489533707131e+003	
  9.0600000000000000e+003	 -4.9140674955954782e+003	 -2.1696489533707131e+003	
  9.0900000000000000e+003	 -4.9140674955954782e+003	 -2.1696489533707131e+003	
  9.1200000000000000e+003	 -4.9140674955954782e+003	 -2.1696489533707131e+003	
  9.1500000000000000e+003	 -4.9140674955954782e+003	 -2.1696489533707131e+003	
  9.1800000000000000e+003	 -4.9140674955954782e+003	 -2.1696489533707131e+003	
  9.2100000000000000e+003	 -4.9140674955954782e+003	 -2.1696489533707131e+003	
  9.2400000000000000e+003	 -4.8912682639502364e+003	 -2.1715115555520192e+003	
  9.2700000000000000e+003	 -4.8930046335095867e+003	 -2.1704532584653598e+003	
  9.3000000000000000e+003	 -4.8947410030689371e+003	 -2.1693949613787013e+003	
  9.3300000000000000e+003	 -4.8964773726282874e+003	 -2.1683366642920428e+003	
  9.3600000000000000e+003	 -4.8982137421876378e+003	 -2.1672783672053838e+003	
  9.3900000000000000e+003	 -4.8823991906599931e+003	 -2.1639920188395340e+003	
  9.4200000000000000e+003	 -4.8669613630116773e+003	 -2.1633235782627962e+003	
  9.4500000000000000e+003	 -4.8740348362188088e+003	 -2.1712438398464210e+003	
  9.4800000000000000e+003	 -4.8811083094259393e+003	 -2.1791641014300453e+003	
  9.5100000000000000e+003	 -4.8881817826330716e+003	 -2.1870843630136701e+003	
  9.5400000000000000e+003	 -4.8884175650733087e+003	 -2.1873483717331246e+003	
  9.5700000000000000e+003	 -4.8884175650733087e+003	 -2.1873483717331246e+003	
  9.6000000000000000e+003	 -4.8884175650733087e+003	 -2.1873483717331246e+003	
  9.6300000000000000e+003	 -4.8884175650733087e+003	 -2.1873483717331246e+003	
  9.6600000000000000e+003	 -4.8884175650733087e+003	 -2.1873483717331246e+003	
  9.6900000000000000e+003	 -4.8884175650733087e+003	 -2.1873483717331246e+003	
  9.7200000000000000e+003	 -4.8884175650733087e+003	 -2.1873483717331246e+003	
  9.7500000000000000e+003	 -4.8884175650733087e+003	 -2.1873483717331246e+003	
  9.7800000000000000e+003	 -4.8884175650733087e+003	 -2.1873483717331246e+003	
  9.8100000000000000e+003	 -4.8884175650733087e+003	 -2.1873483717331246e+003	
  9.8400000000000000e+003	 -4.8884175650733087e+003	 -2.1873483717331246e+003	
  9.8700000000000000e+003	 -4.8884175650733087e+003	 -2.1873483717331246e+003	
  9.9000000000000000e+003	 -4.8884175650733087e+003	 -2.1873483717331246e+003	
  9.9300000000000000e+003	 -4.9019650630728538e+003	 -2.1675339275759702e+003	
  9.9600000000000000e+003	 -4.8978924441339477e+003	 -2.1675472522054329e+003	
  9.9900000000000000e+003	 -4.8969613805770823e+003	 -2.1683337782062931e+003	
  1.0020000000000000e+004	 -4.8960303170202178e+003	 -2.1691203042071534e+003	
  1.0050000000000000e+004	 -4.8950992534633524e+003	 -2.1699068302080136e+003	
  1.0080000000000000e+004	 -4.8941681899064879e+003	 -2.1706933562088739e+003	
  1.0110000000000000e+004	 -4.8932371263496225e+003	 -2.1714798822097346e+003	
  1.0140000000000000e+004	 -4.8923060627927580e+003	 -2.1722664082105944e+003	
  1.0170000000000000e+004	 -4.8913749992358926e+003	 -2.1730529342114546e+003	
  1.0200000000000000e+004	 -4.8904439356790281e+003	 -2.1738394602123149e+003	
  1.0230000000000000e+004	 -4.8890899217380156e+003	 -2.1748437493148663e+003	
  1.0260000000000000e+004	 -4.8879216010564596e+003	 -2.1756034563299559e+003	
  1.0290000000000000e+004	 -4.8887391226325526e+003	 -2.1745958451535089e+003	
  1.0320000000000000e+004	 -4.8895566442086456e+003	 -2.1735882339770619e+003	
  1.0350000000000000e+004	 -4.8903741657847395e+003	 -2.1725806228006149e+003	
  1.0380000000000000e+004	 -4.8893560723669107e+003	 -2.1717446176848075e+003	
  1.0410000000000000e+004	 -4.8868821813340983e+003	 -2.1715413418967946e+003	
  1.0440000000000000e+004	 -4.8868821813340983e+003	 -2.1715413418967946e+003	
  1.0470000000000000e+004	 -4.8868821813340983e+003	 -2.1715413418967946e+003	
  1.0500000000000000e+004	 -4.8868821813340983e+003	 -2.1715413418967946e+003	
  1.0530000000000000e+004	 -4.8868821813340983e+003	 -2.1715413418967946e+003	
  1.0560000000000000e+004	 -4.8868821813340983e+003	 -2.1715413418967946e+003	
  1.0590000000000000e+004	 -4.8868821813340983e+003	 -2.1715413418967946e+003	
  1.0620000000000000e+004	 -4.8868821813340983e+003	 -2.1715413418967946e+003	
  1.0650000000000000e+004	 -4.8868821813340983e+003	 -2.1715413418967946e+003	
  1.0680000000000000e+004	 -4.8868821813340983e+003	 -2.1715413418967946e+003	
  1.0710000000000000e+004	 -4.8868821813340983e+003	 -2.1715413418967946e+003	
  1.0740000000000000e+004	 -4.8868821813340983e+003	 -2.1715413418967946e+003	
  1.0770000000000000e+004	 -4.8868821813340983e+003	 -2.1715413418967946e+003	
  1.0800000000000000e+004	 -4.9048867251247948e+003	 -2.1691053186640038e+003	
  1.0830000000000000e+004	 -4.9031230872055412e+003	 -2.1694939166081931e+003	
  1.0860000000000000e+004	 -4.9013594492862876e+003	 -2.1698825145523820e+003	
  1.0890000000000000e+004	 -4.8995958113670340e+003	 -2.1702711124965713e+003	
  1.0920000000000000e+004	 -4.8978321734477804e+003	 -2.1706597104407601e+003	
  1.0950000000000000e+004	 -4.8960685355285268e+003	 -2.1710483083849495e+003	
  1.0980000000000000e+004	 -4.8943048976092732e+003	 -2.1714369063291388e+003	
  1.1010000000000000e+004	 -4.8925412596900205e+003	 -2.1718255042733276e+003	
  1.1040000000000000e+004	 -4.8907776217707669e+003	 -2.1722141022175169e+003	
  1.1070000000000000e+004	 -4.8890139838515133e+003	 -2.1726027001617063e+003	
  1.1100000000000000e+004	 -4.8939121784217532e+003	 -2.1565005908507542e+003	
  1.1130000000000000e+004	 -4.8937333450230080e+003	 -2.1589307052633749e+003	
  1.1160000000000000e+004	 -4.8925927742446902e+003	 -2.1680173610205866e+003	
  1.1190000000000000e+004	 -4.8926185790016198e+003	 -2.1708479957353361e+003	
  1.1220000000000000e+004	 -4.8926443837585484e+003	 -2.1736786304500856e+003	
  1.1250000000000000e+004	 -4.8929469446045214e+003	 -2.1754910119143769e+003	
  1.1280000000000000e+004	 -4.8938952696582683e+003	 -2.1749274691275996e+003	
  1.1310000000000000e+004	 -4.8948435947120142e+003	 -2.1743639263408222e+003	
  1.1340000000000000e+004	 -4.8957919197657611e+003	 -2.1738003835540453e+003	
  1.1370000000000000e+004	 -4.8967402448195071e+003	 -2.1732368407672679e+003	
  1.1400000000000000e+004	 -4.8976885698732531e+003	 -2.1726732979804906e+003	
  1.1430000000000000e+004	 -4.8988774934759076e+003	 -2.1759577849984348e+003	
  1.1460000000000000e+004	 -4.8975094411533428e+003	 -2.1800968563631654e+003	
  1.1490000000000000e+004	 -4.8936458950728193e+003	 -2.1757384108885808e+003	
  1.1520000000000000e+004	 -4.8976776786345818e+003	 -2.1694525098868880e+003	
  1.1550000000000000e+004	 -4.8914582255102259e+003	 -2.1663094394079635e+003	
  1.1580000000000000e+004	 -4.8872622642762344e+003	 -2.1684383772686433e+003	
  1.1610000000000000e+004	 -4.8858381208578112e+003	 -2.1703880985122996e+003	
  1.1640000000000000e+004	 -4.8910524551235139e+003	 -2.1722624850213338e+003	
  1.1670000000000000e+004	 -4.8901100202169209e+003	 -2.1690681677168818e+003	
  1.1700000000000000e+004	 -4.8891675853103297e+003	 -2.1658738504124299e+003	
  1.1730000000000000e+004	 -4.8813409887348207e+003	 -2.1597089916346858e+003	
  1.1760000000000000e+004	 -4.8827759989428741e+003	 -2.1854877848137335e+003	
  1.1790000000000000e+004	 -4.8865259322162192e+003	 -2.1998437153412251e+003	
  1.1820000000000000e+004	 -4.8870687318254377e+003	 -2.1996861442611125e+003	
  1.1850000000000000e+004	 -4.8881245024986911e+003	 -2.1960472265758794e+003	
  1.1880000000000000e+004	 -4.8891802731719445e+003	 -2.1924083088906459e+003	
  1.1910000000000000e+004	 -4.8902360438451988e+003	 -2.1887693912054128e+003	
  1.1940000000000000e+004	 -4.8912918145184522e+003	 -2.1851304735201793e+003	
  1.1970000000000000e+004	 -4.8923475851917065e+003	 -2.1814915558349462e+003	
  1.2000000000000000e+004	 -4.8934033558649608e+003	 -2.1778526381497127e+003	
  1.2030000000000000e+004	 -4.8944591265382151e+003	 -2.1742137204644791e+003	
  1.2060000000000000e+004	 -4.8955148972114675e+003	 -2.1705748027792461e+003	
  1.2090000000000000e+004	 -4.8965706678847218e+003	 -2.1669358850940130e+003	
  1.2120000000000000e+004	 -4.8968170143751477e+003	 -2.1660868043007918e+003	
  1.2150000000000000e+004	 -4.8968170143751477e+003	 -2.1660868043007918e+003	
  1.2180000000000000e+004	 -4.8968170143751477e+003	 -2.1660868043007918e+003	
  1.2210000000000000e+004	 -4.8968170143751477e+003	 -2.1660868043007918e+003	
  1.2240000000000000e+004	 -4.8968170143751477e+003	 -2.1660868043007918e+003	
  1.2270000000000000e+004	 -4.8968170143751477e+003	 -2.1660868043007918e+003	
  1.2300000000000000e+004	 -4.8968170143751477e+003	 -2.1660868043007918e+003	
  1.2330000000000000e+004	 -4.8968170143751477e+003	 -2.1660868043007918e+003	
  1.2360000000000000e+004	 -4.8968170143751477e+003	 -2.1660868043007918e+003	
  1.2390000000000000e+004	 -4.8968170143751477e+003	 -2.1660868043007918e+003	
  1.2420000000000000e+004	 -4.8968170143751477e+003	 -2.1660868043007918e+003	
  1.2450000000000000e+004	 -4.8976020739179567e+003	 -2.1663180033029284e+003	
  1.2480000000000000e+004	 -4.9022747204578527e+003	 -2.1659436841200063e+003	
  1.2510000000000000e+004	 -4.8884175650733087e+003	 -2.1623020251114431e+003	
  1.2540000000000000e+004	 -4.8968170140887178e+003	 -2.1638604605928685e+003	
  1.2570000000000000e+004	 -4.8908737089161095e+003	 -2.1677898099312906e+003	
  1.2600000000000000e+004	 -4.8892022641757148e+003	 -2.1701968619183472e+003	
  1.2630000000000000e+004	 -4.8875308194353192e+003	 -2.1726039139054028e+003	
  1.2660000000000000e+004	 -4.8858593746949255e+003	 -2.1750109658924594e+003	
  1.2690000000000000e+004	 -4.8841879299545299e+003	 -2.1774180178795154e+003	
  1.2720000000000000e+004	 -4.8856219490108861e+003	 -2.1782514335826027e+003	
  1.2750000000000000e+004	 -4.8886086999656191e+003	 -2.1782980311437054e+003	
  1.2780000000000000e+004	 -4.8915954509203521e+003	 -2.1783446287048077e+003	
  1.2810000000000000e+004	 -4.8945822018750841e+003	 -2.1783912262659105e+003	
  1.2840000000000000e+004	 -4.8975689528298171e+003	 -2.1784378238270128e+003	
  1.2870000000000000e+004	 -4.9005557037845492e+003	 -2.1784844213881156e+003	
  1.2900000000000000e+004	 -4.9035424547392822e+003	 -2.1785310189492179e+003	
  1.2930000000000000e+004	 -4.8967568031955007e+003	 -2.1732667550018482e+003	
  1.2960000000000000e+004	 -4.9167431270027118e+003	 -2.1703655564993023e+003	
  1.2990000000000000e+004	 -4.9191208447737226e+003	 -2.1641717205857203e+003	
  1.3020000000000000e+004	 -4.9207781117575305e+003	 -2.1620642610262366e+003	
  1.3050000000000000e+004	 -4.9224353787413384e+003	 -2.1599568014667534e+003	
  1.3080000000000000e+004	 -4.9240926457251471e+003	 -2.1578493419072702e+003	
  1.3110000000000000e+004	 -5.0211830533818802e+003	 -2.1903539318543840e+003	
  1.3140000000000000e+004	 -5.1802306906919157e+003	 -2.1191109878851862e+003	
  1.3170000000000000e+004	 -5.1814526217109988e+003	 -2.1201586787978949e+003	
  1.3200000000000000e+004	 -5.2317111861020448e+003	 -2.1825988422437213e+003	
  1.3230000000000000e+004	 -5.5606444574598263e+003	 -2.5257523541633582e+003	
  1.3260000000000000e+004	 -5.7741530374173371e+003	 -2.7125106423941793e+003	
  1.3290000000000000e+004	 -5.7955967925122814e+003	 -2.9495206508954002e+003	
  1.3320000000000000e+004	 -6.0959061305192399e+003	 -2.9618370926702182e+003	
  1.3350000000000000e+004	 -6.6217009706783492e+003	 -2.9320192868432887e+003	
  1.3380000000000000e+004	 -7.2151036872145687e+003	 -2.9683332392526090e+003	
  1.3410000000000000e+004	 -7.3113461476515295e+003	 -2.9793294604990388e+003	
  1.3440000000000000e+004	 -7.6537329729319381e+003	 -3.0329130604390066e+003	
  1.3470000000000000e+004	 -8.2099029271987492e+003	 -3.2638483337422449e+003	
  1.3500000000000000e+004	 -8.8129020575547856e+003	 -3.4220219808112779e+003	
  1.3530000000000000e+004	 -9.3717589143935020e+003	 -3.4900367275229628e+003	
  1.3560000000000000e+004	 -9.5818019159816249e+003	 -3.6197346441744990e+003	
  1.3590000000000000e+004	 -9.5806524312173860e+003	 -3.6194816507299620e+003	
  1.3620000000000000e+004	 -9.5795029464531472e+003	 -3.6192286572854246e+003	
  1.3650000000000000e+004	 -9.6068305750681320e+003	 -3.9024109237493217e+003	
  1.3680000000000000e+004	 -9.6422045963654709e+003	 -4.0461460381126872e+003	
  1.3710000000000000e+004	 -9.5982504935622783e+003	 -4.0909820903589957e+003	
  1.3740000000000000e+004	 -9.5955781834064474e+003	 -4.0926649447719064e+003	
  1.3770000000000000e+004	 -9.5974376440446522e+003	 -4.0902585305347866e+003	
  1.3800000000000000e+004	 -9.6031686455857562e+003	 -4.0911338884963047e+003	
  1.3830000000000000e+004	 -9.6212281117843395e+003	 -4.0912505627488358e+003	
  1.3860000000000000e+004	 -9.6333894972393591e+003	 -4.0820013153609038e+003	
  1.3890000000000000e+004	 -9.6432020558338390e+003	 -4.0792342864152265e+003	
  1.3920000000000000e+004	 -9.6434747098858534e+003	 -4.0791292704759653e+003	
  1.3950000000000000e+004	 -9.6437473639378695e+003	 -4.0790242545367037e+003	
  1.3980000000000000e+004	 -9.6440200179898857e+003	 -4.0789192385974416e+003	
  1.4010000000000000e+004	 -9.6442926720419000e+003	 -4.0788142226581799e+003	
  1.4040000000000000e+004	 -9.6406391078032520e+003	 -4.1086592466208431e+003	
  1.4070000000000000e+004	 -9.6370662585300361e+003	 -4.1300508032268353e+003	
  1.4100000000000000e+004	 -9.6371769694187733e+003	 -4.1273827838309626e+003	
  1.4130000000000000e+004	 -9.6371769694187733e+003	 -4.1273827838309626e+003	
  1.4160000000000000e+004	 -9.6371769694187733e+003	 -4.1273827838309626e+003	
  1.4190000000000000e+004	 -9.6371769694187733e+003	 -4.1273827838309617e+003	
  1.4220000000000000e+004	 -9.6371769694187751e+003	 -4.1273827838309617e+003	
  1.4250000000000000e+004	 -9.6371769694187751e+003	 -4.1273827838309617e+003	
  1.4280000000000000e+004	 -9.6371769694187733e+003	 -4.1273827838309617e+003	
  1.4310000000000000e+004	 -9.6371769694187733e+003	 -4.1273827838309626e+003	
  1.4340000000000000e+004	 -9.6371769694187733e+003	 -4.1273827838309626e+003	
  1.4370000000000000e+004	 -9.6371769694187733e+003	 -4.1273827838309617e+003	
  1.4400000000000000e+004	 -9.6100819745162516e+003	 -4.2005181171450004e+003	
  1.4430000000000000e+004	 -9.6100819745162516e+003	 -4.2005181171450004e+003	
  1.4460000000000000e+004	 -9.6100819745162516e+003	 -4.2005181171450004e+003	
  1.4490000000000000e+004	 -9.6100819745162516e+003	 -4.2005181171450004e+003	
  1.4520000000000000e+004	 -9.6100819745162516e+003	 -4.2005181171450004e+003	
  1.4550000000000000e+004	 -9.6100819745162516e+003	 -4.2005181171450004e+003	
  1.4580000000000000e+004	 -9.6100819745162516e+003	 -4.2005181171450004e+003	
  1.4610000000000000e+004	 -9.6100819745162516e+003	 -4.2005181171450004e+003	
  1.4640000000000000e+004	 -9.6100819745162516e+003	 -4.2005181171450004e+003	
  1.4670000000000000e+004	 -9.6100819745162516e+003	 -4.2005181171450004e+003	
  1.4700000000000000e+004	 -9.6100819745162516e+003	 -4.2005181171450004e+003	
  1.4730000000000000e+004	 -9.6100819745162516e+003	 -4.2005181171450004e+003	
  1.4760000000000000e+004	 -9.6100819745162516e+003	 -4.2005181171450004e+003	
  1.4790000000000000e+004	 -9.6100819745162516e+003	 -4.2005181171450004e+003	
  1.4820000000000000e+004	 -9.6100819745162516e+003	 -4.2005181171450004e+003	
  1.4850000000000000e+004	 -9.6100819745162516e+003	 -4.2005181171450004e+003	
  1.4880000000000000e+004	 -9.6100819745162516e+003	 -4.2005181171450004e+003	
  1.4910000000000000e+004	 -9.6100819745162516e+003	 -4.2005181171450004e+003	
  1.4940000000000000e+004	 -9.6100819745162516e+003	 -4.2005181171450004e+003	
  1.4970000000000000e+004	 -9.6100819745162516e+003	 -4.2005181171450004e+003	
  1.5000000000000000e+004	 -9.6100819745162516e+003	 -4.2005181171450004e+003	
  1.5030000000000000e+004	 -9.6100819745162516e+003	 -4.2005181171450004e+003	
  1.5060000000000000e+004	 -9.6310576307914016e+003	 -4.1791013610423788e+003	
  1.5090000000000000e+004	 -9.6591860268672772e+003	 -4.1503814492354359e+003	
  1.5120000000000000e+004	 -9.6873144229431527e+003	 -4.1216615374284929e+003	
  1.5150000000000000e+004	 -9.7154428190190320e+003	 -4.0929416256215500e+003	
  1.5180000000000000e+004	 -9.7435712150949093e+003	 -4.0642217138146079e+003	
  1.5210000000000000e+004	 -9.7716996111707849e+003	 -4.0355018020076650e+003	
  1.5240000000000000e+004	 -9.7998280072466641e+003	 -4.0067818902007220e+003	
  1.5270000000000000e+004	 -9.7464601156608132e+003	 -4.0391083227887571e+003	
  1.5300000000000000e+004	 -9.7464601156608132e+003	 -4.0391083227887571e+003	
  1.5330000000000000e+004	 -9.7464601156608132e+003	 -4.0391083227887571e+003	
  1.5360000000000000e+004	 -9.7464601156608132e+003	 -4.0391083227887571e+003	
  1.5390000000000000e+004	 -9.7464601156608132e+003	 -4.0391083227887571e+003	
  1.5420000000000000e+004	 -9.7464601156608132e+003	 -4.0391083227887571e+003	
  1.5450000000000000e+004	 -9.7464601156608132e+003	 -4.0391083227887571e+003	
  1.5480000000000000e+004	 -9.7464601156608132e+003	 -4.0391083227887571e+003	
  1.5510000000000000e+004	 -9.7464601156608132e+003	 -4.0391083227887571e+003	
  1.5540000000000000e+004	 -9.7464601156608132e+003	 -4.0391083227887571e+003	
  1.5570000000000000e+004	 -9.7464601156608132e+003	 -4.0391083227887571e+003	
  1.5600000000000000e+004	 -9.7464601156608132e+003	 -4.0391083227887571e+003	
  1.5630000000000000e+004	 -9.7464601156608132e+003	 -4.0391083227887571e+003	
  1.5660000000000000e+004	 -9.7464601156608132e+003	 -4.0391083227887571e+003	
  1.5690000000000000e+004	 -9.7464601156608132e+003	 -4.0391083227887571e+003	
  1.5720000000000000e+004	 -9.7464601156608132e+003	 -4.0391083227887571e+003	
  1.5750000000000000e+004	 -9.7464601156608132e+003	 -4.0391083227887571e+003	
  1.5780000000000000e+004	 -9.7464601156608132e+003	 -4.0391083227887571e+003	
  1.5810000000000000e+004	 -9.7464601156608132e+003	 -4.0391083227887571e+003	
  1.5840000000000000e+004	 -9.7464601156608132e+003	 -4.0391083227887571e+003	
  1.5870000000000000e+004	 -9.7464601156608132e+003	 -4.0391083227887571e+003	
  1.5900000000000000e+004	 -9.7464601156608132e+003	 -4.0391083227887571e+003	
  1.5930000000000000e+004	 -9.7464601156608132e+003	 -4.0391083227887571e+003	
  1.5960000000000000e+004	 -9.7464601156608132e+003	 -4.0391083227887571e+003	
  1.5990000000000000e+004	 -9.7464601156608132e+003	 -4.0391083227887571e+003	
  1.6020000000000000e+004	 -9.7464601156608132e+003	 -4.0391083227887571e+003	
  1.6050000000000000e+004	 -9.7464601156608132e+003	 -4.0391083227887571e+003	
  1.6080000000000000e+004	 -9.7464601156608132e+003	 -4.0391083227887571e+003	
  1.6110000000000000e+004	 -9.7464601156608132e+003	 -4.0391083227887571e+003	
  1.6140000000000000e+004	 -9.7464601156608132e+003	 -4.0391083227887571e+003	
  1.6170000000000000e+004	 -9.7464601156608132e+003	 -4.0391083227887571e+003	
  1.6200000000000000e+004	 -9.7464601156608132e+003	 -4.0391083227887571e+003	
  1.6230000000000000e+004	 -9.7464601156608132e+003	 -4.0391083227887571e+003	
  1.6260000000000000e+004	 -9.7464601156608132e+003	 -4.0391083227887571e+003	
  1.6290000000000000e+004	 -9.7141030532146451e+003	 -4.0423132140139101e+003	
  1.6320000000000000e+004	 -9.6740988038976757e+003	 -4.0462755411818375e+003	
  1.6350000000000000e+004	 -9.6340945545807062e+003	 -4.0502378683497645e+003	
  1.6380000000000000e+004	 -9.5940903052637350e+003	 -4.0542001955176920e+003	
  1.6410000000000000e+004	 -9.6059274084634271e+003	 -4.0904255063950227e+003	
  1.6440000000000000e+004	 -9.6205969169698856e+003	 -4.0978666259296997e+003	
  1.6470000000000000e+004	 -9.6238423614027233e+003	 -4.0993865320207306e+003	
  1.6500000000000000e+004	 -9.6109692027458059e+003	 -4.0927500696496882e+003	
  1.6530000000000000e+004	 -9.6162826231967247e+003	 -4.0901765608579049e+003	
  1.6560000000000000e+004	 -9.6192877044213237e+003	 -4.0939411024056676e+003	
  1.6590000000000000e+004	 -9.6222927856459191e+003	 -4.0977056439534299e+003	
  1.6620000000000000e+004	 -9.6252978668705164e+003	 -4.1014701855011926e+003	
  1.6650000000000000e+004	 -9.6233047855194145e+003	 -4.1034555905495026e+003	
  1.6680000000000000e+004	 -9.6216926818666125e+003	 -4.1103141603301228e+003	
  1.6710000000000000e+004	 -9.6200805782138104e+003	 -4.1171727301107421e+003	
  1.6740000000000000e+004	 -9.6184684745610102e+003	 -4.1240312998913614e+003	
  1.6770000000000000e+004	 -9.6168563709082082e+003	 -4.1308898696719816e+003	
  1.6800000000000000e+004	 -9.6152442672554080e+003	 -4.1377484394526009e+003	
  1.6830000000000000e+004	 -9.6136321636026059e+003	 -4.1446070092332211e+003	
  1.6860000000000000e+004	 -9.6120200599498057e+003	 -4.1514655790138404e+003	
  1.6890000000000000e+004	 -9.6104079562970019e+003	 -4.1583241487944597e+003	
  1.6920000000000000e+004	 -9.6087958526442017e+003	 -4.1651827185750790e+003	
  1.6950000000000000e+004	 -9.6048436085316716e+003	 -4.1454161536495812e+003	
  1.6980000000000000e+004	 -9.6086175544574471e+003	 -4.1337278584696605e+003	
  1.7010000000000000e+004	 -9.6071097357633007e+003	 -4.1216145340847306e+003	
  1.7040000000000000e+004	 -9.5855427824339295e+003	 -4.1092283307593198e+003	
  1.7070000000000000e+004	 -9.5853843321959503e+003	 -4.1005768437720308e+003	
  1.7100000000000000e+004	 -9.5852258819579692e+003	 -4.0919253567847413e+003	
  1.7130000000000000e+004	 -9.5850674317199864e+003	 -4.0832738697974528e+003	
  1.7160000000000000e+004	 -9.5849089814820072e+003	 -4.0746223828101638e+003	
  1.7190000000000000e+004	 -9.5847505312440262e+003	 -4.0659708958228748e+003	
  1.7220000000000000e+004	 -9.6468408506497981e+003	 -4.1183660982560423e+003	
  1.7250000000000000e+004	 -9.6559299902484945e+003	 -4.1297508011464752e+003	
  1.7280000000000000e+004	 -9.6460464750977917e+003	 -4.1154060752673167e+003	
  1.7310000000000000e+004	 -9.6361629599470889e+003	 -4.1010613493881574e+003	
  1.7340000000000000e+004	 -9.6195155490017169e+003	 -4.0893345976708706e+003	
  1.7370000000000000e+004	 -9.6123353750105271e+003	 -4.0746407421583635e+003	
  1.7400000000000000e+004	 -9.6131190550131741e+003	 -4.0695634782853454e+003	
  1.7430000000000000e+004	 -9.6157846166506188e+003	 -4.0705202037449485e+003	
  1.7460000000000000e+004	 -9.6184501782880616e+003	 -4.0714769292045521e+003	
  1.7490000000000000e+004	 -9.6211157399255044e+003	 -4.0724336546641562e+003	
  1.7520000000000000e+004	 -9.6237813015629472e+003	 -4.0733903801237598e+003	
  1.7550000000000000e+004	 -9.6264468632003918e+003	 -4.0743471055833643e+003	
  1.7580000000000000e+004	 -9.6153745302133430e+003	 -4.0922065801025774e+003	
  1.7610000000000000e+004	 -9.5953242341282021e+003	 -4.0950191912513606e+003	
  1.7640000000000000e+004	 -9.5974828020644181e+003	 -4.0932084323200265e+003	
  1.7670000000000000e+004	 -9.6411509020735339e+003	 -4.0773457473158387e+003	
  1.7700000000000000e+004	 -9.5701078255467019e+003	 -4.0274868175005176e+003	
  1.7730000000000000e+004	 -9.5661095467090145e+003	 -4.0234271308561893e+003	
  1.7760000000000000e+004	 -9.5684279357433425e+003	 -4.0220990700575185e+003	
  1.7790000000000000e+004	 -9.5265932638636677e+003	 -3.9993458538513905e+003	
  1.7820000000000000e+004	 -9.3838748933120478e+003	 -3.9065741836680863e+003	
  1.7850000000000000e+004	 -9.4033110367080317e+003	 -3.8890528722646386e+003	
  1.7880000000000000e+004	 -9.4039715257807602e+003	 -3.8804136982264044e+003	
  1.7910000000000000e+004	 -9.4133723110601313e+003	 -3.8773645771550491e+003	
  1.7940000000000000e+004	 -9.4133723110601313e+003	 -3.8773645771550491e+003	
  1.7970000000000000e+004	 -9.4133723110601313e+003	 -3.8773645771550491e+003	
  1.8000000000000000e+004	 -9.4133723110601313e+003	 -3.8773645771550491e+003	
  1.8030000000000000e+004	 -9.4133723110601313e+003	 -3.8773645771550491e+003	
  1.8060000000000000e+004	 -9.4133723110601313e+003	 -3.8773645771550491e+003	
  1.8090000000000000e+004	 -9.4133723110601313e+003	 -3.8773645771550491e+003	
  1.8120000000000000e+004	 -9.4133723110601313e+003	 -3.8773645771550491e+003	
  1.8150000000000000e+004	 -9.4133723110601313e+003	 -3.8773645771550491e+003	
  1.8180000000000000e+004	 -9.4133723110601313e+003	 -3.8773645771550491e+003	
  1.8210000000000000e+004	 -9.4133723110601313e+003	 -3.8773645771550491e+003	
  1.8240000000000000e+004	 -9.4133723110601313e+003	 -3.8773645771550491e+003	
  1.8270000000000000e+004	 -9.4133723110601313e+003	 -3.8773645771550491e+003	
  1.8300000000000000e+004	 -9.4133723110601313e+003	 -3.8773645771550491e+003	
  1.8330000000000000e+004	 -9.4133723110601313e+003	 -3.8773645771550491e+003	
  1.8360000000000000e+004	 -9.4133723110601313e+003	 -3.8773645771550491e+003	
  1.8390000000000000e+004	 -9.4133723110601313e+003	 -3.8773645771550491e+003	
  1.8420000000000000e+004	 -9.4133723110601313e+003	 -3.8773645771550491e+003	
  1.8450000000000000e+004	 -9.4133723110601313e+003	 -3.8773645771550491e+003	
  1.8480000000000000e+004	 -9.4133723110601313e+003	 -3.8773645771550491e+003	
  1.8510000000000000e+004	 -9.4133723110601313e+003	 -3.8773645771550491e+003	
  1.8540000000000000e+004	 -9.4133723110601313e+003	 -3.8773645771550491e+003	
  1.8570000000000000e+004	 -9.4133723110601313e+003	 -3.8773645771550491e+003	
  1.8600000000000000e+004	 -9.4133723110601313e+003	 -3.8773645771550491e+003	
  1.8630000000000000e+004	 -9.3970062507958301e+003	 -3.8725097412019950e+003	
  1.8660000000000000e+004	 -9.3952457597181874e+003	 -3.8796688423839937e+003	
  1.8690000000000000e+004	 -9.3973376321497017e+003	 -3.8862699451485673e+003	
  1.8720000000000000e+004	 -9.3946541853673152e+003	 -3.8885658601459140e+003	
  1.8750000000000000e+004	 -9.3936607023241704e+003	 -3.8817059429603505e+003	
  1.8780000000000000e+004	 -9.4397447734218385e+003	 -3.9700917204377324e+003	
  1.8810000000000000e+004	 -9.5369701274221861e+003	 -3.9985185250298118e+003	
  1.8840000000000000e+004	 -9.5462820854158144e+003	 -4.0020115788163757e+003	
  1.8870000000000000e+004	 -9.5555940434094409e+003	 -4.0055046326029401e+003	
  1.8900000000000000e+004	 -9.6332030368528722e+003	 -4.0222437826748201e+003	
  1.8930000000000000e+004	 -9.6470816952900259e+003	 -4.0765850795469073e+003	
  1.8960000000000000e+004	 -9.5919358549125445e+003	 -4.0858707804124829e+003	
  1.8990000000000000e+004	 -9.5910251616418900e+003	 -4.1172529281468633e+003	
  1.9020000000000000e+004	 -9.6124603130624364e+003	 -4.1092380955464241e+003	
  1.9050000000000000e+004	 -9.6281986732376172e+003	 -4.0933703501146229e+003	
  1.9080000000000000e+004	 -9.6422798602156745e+003	 -4.0860841398461930e+003	
  1.9110000000000000e+004	 -9.6563610471937318e+003	 -4.0787979295777641e+003	
  1.9140000000000000e+004	 -9.6117212217202923e+003	 -4.0926351507470740e+003	
  1.9170000000000000e+004	 -9.5970029949065884e+003	 -4.1077701009928442e+003	
  1.9200000000000000e+004	 -9.5928804799655900e+003	 -4.1109606812694119e+003	
  1.9230000000000000e+004	 -9.5942581915709379e+003	 -4.1099418461942978e+003	
  1.9260000000000000e+004	 -9.5954666157059091e+003	 -4.1093625086025668e+003	
  1.9290000000000000e+004	 -9.5959978899593862e+003	 -4.1105411609443654e+003	
  1.9320000000000000e+004	 -9.5953603606654979e+003	 -4.1272158071121376e+003	
  1.9350000000000000e+004	 -9.6367554917544239e+003	 -4.0586259212277751e+003	
  1.9380000000000000e+004	 -9.5710794425622717e+003	 -4.0209694939899605e+003	
  1.9410000000000000e+004	 -9.5677065316437820e+003	 -4.0208592757389183e+003	
  1.9440000000000000e+004	 -9.5581628032370991e+003	 -3.9817641146994783e+003	
  1.9470000000000000e+004	 -9.5698007493140176e+003	 -3.6231719814587686e+003	
  1.9500000000000000e+004	 -9.0769556898446335e+003	 -3.4129814426030393e+003	
  1.9530000000000000e+004	 -8.5087771527410714e+003	 -3.3538402575479340e+003	
  1.9560000000000000e+004	 -8.1156725523061177e+003	 -3.2322943551459402e+003	
  1.9590000000000000e+004	 -8.0806597963416752e+003	 -3.2176159556349007e+003	
  1.9620000000000000e+004	 -7.7056198908546739e+003	 -3.0534510643889362e+003	
  1.9650000000000000e+004	 -7.3685807146427678e+003	 -2.9860207328576753e+003	
  1.9680000000000000e+004	 -7.2473596350825883e+003	 -2.7874429523876211e+003	
  1.9710000000000000e+004	 -7.0301190485073666e+003	 -2.2080255221779685e+003	
  1.9740000000000000e+004	 -6.5897124533083534e+003	 -1.8091485263079699e+003	
  1.9770000000000000e+004	 -6.3809576168487074e+003	 -1.8136948769630235e+003	
  1.9800000000000000e+004	 -6.3427867136869800e+003	 -1.8129444384080912e+003	
  1.9830000000000000e+004	 -6.1655999991833523e+003	 -1.8292879441828768e+003	
  1.9860000000000000e+004	 -6.1671700790979139e+003	 -1.8330159250196382e+003	
  1.9890000000000000e+004	 -6.1532120506134588e+003	 -1.8310223328800612e+003	
  1.9920000000000000e+004	 -5.6550705234680963e+003	 -1.9329331422130649e+003	
  1.9950000000000000e+004	 -5.0676283960579340e+003	 -2.1725014535373398e+003	
  1.9980000000000000e+004	 -4.9173705057351181e+003	 -2.1738312951251351e+003	
  2.0010000000000000e+004	 -4.9041793787278202e+003	 -2.1852026370139561e+003	
  2.0040000000000000e+004	 -4.9065151544478549e+003	 -2.1875633268914894e+003	
  2.0070000000000000e+004	 -4.9048010069709526e+003	 -2.1764615557206389e+003	
  2.0100000000000000e+004	 -4.8963880100278029e+003	 -2.1719657403424635e+003	
  2.0130000000000000e+004	 -4.8937635420027273e+003	 -2.1753119145772225e+003	
  2.0160000000000000e+004	 -4.8946042554566611e+003	 -2.1766221739793855e+003	
  2.0190000000000000e+004	 -4.9007006305092018e+003	 -2.1731633916806122e+003	
  2.0220000000000000e+004	 -4.9001587309351535e+003	 -2.1719866104524517e+003	
  2.0250000000000000e+004	 -4.8920302317878622e+003	 -2.1734178304478473e+003	
  2.0280000000000000e+004	 -4.8894340886402024e+003	 -2.1751557402357139e+003	
  2.0310000000000000e+004	 -4.8905261828256280e+003	 -2.1770981098852271e+003	
  2.0340000000000000e+004	 -4.8916182770110554e+003	 -2.1790404795347404e+003	
  2.0370000000000000e+004	 -4.8927103711964810e+003	 -2.1809828491842536e+003	
  2.0400000000000000e+004	 -4.8938024653819084e+003	 -2.1829252188337668e+003	
  2.0430000000000000e+004	 -4.8948945595673349e+003	 -2.1848675884832805e+003	
  2.0460000000000000e+004	 -4.8960041641189282e+003	 -2.1860274066098305e+003	
  2.0490000000000000e+004	 -4.8972331457584305e+003	 -2.1768013359139322e+003	
  2.0520000000000000e+004	 -4.8967013748598965e+003	 -2.1755529202045450e+003	
  2.0550000000000000e+004	 -4.8961696039613607e+003	 -2.1743045044951582e+003	
  2.0580000000000000e+004	 -4.8956378330628268e+003	 -2.1730560887857714e+003	
  2.0610000000000000e+004	 -4.8988555900895053e+003	 -2.1682972456410680e+003	
  2.0640000000000000e+004	 -4.9058228750413928e+003	 -2.1600279750610489e+003	
  2.0670000000000000e+004	 -4.9085417581711290e+003	 -2.1554307230308855e+003	
  2.0700000000000000e+004	 -4.8971180691049049e+003	 -2.1707992290976417e+003	
  2.0730000000000000e+004	 -4.8971830339963262e+003	 -2.1767849634815025e+003	
  2.0760000000000000e+004	 -4.8984144902695407e+003	 -2.1824434630566780e+003	
  2.0790000000000000e+004	 -4.8972452571310596e+003	 -2.1813184870046857e+003	
  2.0820000000000000e+004	 -4.8958143973467859e+003	 -2.1794423546447292e+003	
  2.0850000000000000e+004	 -4.8943835375625104e+003	 -2.1775662222847732e+003	
  2.0880000000000000e+004	 -4.8932276552760204e+003	 -2.1770389703598898e+003	
  2.0910000000000000e+004	 -4.8933087442649812e+003	 -2.1781843911233568e+003	
  2.0940000000000000e+004	 -4.8935250921456764e+003	 -2.1795049590074727e+003	
  2.0970000000000000e+004	 -4.8937414400263706e+003	 -2.1808255268915887e+003	
  2.1000000000000000e+004	 -4.8939577879070648e+003	 -2.1821460947757050e+003	
  2.1030000000000000e+004	 -4.8941741357877600e+003	 -2.1834666626598214e+003	
  2.1060000000000000e+004	 -4.8943904836684542e+003	 -2.1847872305439373e+003	
  2.1090000000000000e+004	 -4.8946068315491484e+003	 -2.1861077984280537e+003	
  2.1120000000000000e+004	 -4.8948231794298435e+003	 -2.1874283663121696e+003	
  2.1150000000000000e+004	 -4.8947022825165523e+003	 -2.1872153330461560e+003	
  2.1180000000000000e+004	 -4.8923892944423533e+003	 -2.1770338923042987e+003	
  2.1210000000000000e+004	 -4.8902810364896422e+003	 -2.1742402146807267e+003	
  2.1240000000000000e+004	 -4.8884543598750497e+003	 -2.1730915356535329e+003	
  2.1270000000000000e+004	 -4.8895013641387031e+003	 -2.1697880984806275e+003	
  2.1300000000000000e+004	 -4.8936062567784566e+003	 -2.1717918054447255e+003	
  2.1330000000000000e+004	 -4.8937417320695404e+003	 -2.1726266839378277e+003	
  2.1360000000000000e+004	 -4.8940736456387567e+003	 -2.1779003325034187e+003	
  2.1390000000000000e+004	 -4.8944123329417016e+003	 -2.1833270421059915e+003	
  2.1420000000000000e+004	 -4.8941526726761113e+003	 -2.1788882732612437e+003	
  2.1450000000000000e+004	 -4.8933413799520295e+003	 -2.1745430678316434e+003	
  2.1480000000000000e+004	 -4.8922422139081846e+003	 -2.1774687499527931e+003	
  2.1510000000000000e+004	 -4.8909546417321553e+003	 -2.1772893542969805e+003	
  2.1540000000000000e+004	 -4.8896670695561261e+003	 -2.1771099586411679e+003	
  2.1570000000000000e+004	 -4.8883794973800968e+003	 -2.1769305629853552e+003	
  2.1600000000000000e+004	 -4.8870919252040676e+003	 -2.1767511673295430e+003	
  2.1630000000000000e+004	 -4.8858043530280393e+003	 -2.1765717716737304e+003	
  2.1660000000000000e+004	 -4.8845167808520100e+003	 -2.1763923760179173e+003	
  2.1690000000000000e+004	 -4.8832292086759799e+003	 -2.1762129803621051e+003	
  2.1720000000000000e+004	 -4.8828712733362972e+003	 -2.1757646679625896e+003	
  2.1750000000000000e+004	 -4.8839077932511291e+003	 -2.1749129804475192e+003	
  2.1780000000000000e+004	 -4.8849443131659618e+003	 -2.1740612929324489e+003	
  2.1810000000000000e+004	 -4.8859808330807955e+003	 -2.1732096054173790e+003	
  2.1840000000000000e+004	 -4.8870173529956282e+003	 -2.1723579179023081e+003	
  2.1870000000000000e+004	 -4.8888626963888628e+003	 -2.1760616119787742e+003	
  2.1900000000000000e+004	 -4.8895284593170873e+003	 -2.1791554309665667e+003	
  2.1930000000000000e+004	 -4.8879569495393143e+003	 -2.1756823373998318e+003	
  2.1960000000000000e+004	 -4.8885514824727225e+003	 -2.1758072182000492e+003	
  2.1990000000000000e+004	 -4.8895792239483681e+003	 -2.1766516938736572e+003	
  2.2020000000000000e+004	 -4.8906069654240137e+003	 -2.1774961695472653e+003	
  2.2050000000000000e+004	 -4.8906754815223894e+003	 -2.1775524679255054e+003	
  2.2080000000000000e+004	 -4.8906754815223894e+003	 -2.1775524679255054e+003	
  2.2110000000000000e+004	 -4.8906754815223894e+003	 -2.1775524679255054e+003	
  2.2140000000000000e+004	 -4.8906754815223894e+003	 -2.1775524679255054e+003	
  2.2170000000000000e+004	 -4.8906754815223894e+003	 -2.1775524679255054e+003	
  2.2200000000000000e+004	 -4.8906754815223894e+003	 -2.1775524679255054e+003	
  2.2230000000000000e+004	 -4.8906754815223894e+003	 -2.1775524679255054e+003	
  2.2260000000000000e+004	 -4.8906754815223894e+003	 -2.1775524679255054e+003	
  2.2290000000000000e+004	 -4.8906754815223894e+003	 -2.1775524679255054e+003	
  2.2320000000000000e+004	 -4.8906754815223894e+003	 -2.1775524679255054e+003	
  2.2350000000000000e+004	 -4.8906754815223894e+003	 -2.1775524679255054e+003	
  2.2380000000000000e+004	 -4.8906754815223894e+003	 -2.1775524679255054e+003	
  2.2410000000000000e+004	 -4.8906754815223894e+003	 -2.1775524679255054e+003	
  2.2440000000000000e+004	 -4.8906754815223894e+003	 -2.1775524679255054e+003	
  2.2470000000000000e+004	 -4.8906754815223894e+003	 -2.1775524679255054e+003	
  2.2500000000000000e+004	 -4.8906754815223894e+003	 -2.1775524679255054e+003	
  2.2530000000000000e+004	 -4.8868565367244537e+003	 -2.1828131466242230e+003	
  2.2560000000000000e+004	 -4.8865425449554505e+003	 -2.1832600386777076e+003	
  2.2590000000000000e+004	 -4.8870320764795561e+003	 -2.1826005553199789e+003	
  2.2620000000000000e+004	 -4.8875216080036607e+003	 -2.1819410719622510e+003	
  2.2650000000000000e+004	 -4.8880111395277654e+003	 -2.1812815886045228e+003	
  2.2680000000000000e+004	 -4.8885006710518710e+003	 -2.1806221052467940e+003	
  2.2710000000000000e+004	 -4.8889902025759766e+003	 -2.1799626218890658e+003	
  2.2740000000000000e+004	 -4.8894797341000822e+003	 -2.1793031385313379e+003	
  2.2770000000000000e+004	 -4.8899803858712858e+003	 -2.1787205919797502e+003	
  2.2800000000000000e+004	 -4.8908035248083243e+003	 -2.1803692128062489e+003	
  2.2830000000000000e+004	 -4.8916266637453637e+003	 -2.1820178336327472e+003	
  2.2860000000000000e+004	 -4.8916279108616909e+003	 -2.1839785004240834e+003	
  2.2890000000000000e+004	 -4.8903963202469567e+003	 -2.1864072361626772e+003	
  2.2920000000000000e+004	 -4.8893273401661572e+003	 -2.1872533445477079e+003	
  2.2950000000000000e+004	 -4.8879335243995611e+003	 -2.1851463806691590e+003	
  2.2980000000000000e+004	 -4.8862824227852470e+003	 -2.1808676310915544e+003	
  2.3010000000000000e+004	 -4.8851890812755491e+003	 -2.1775142556610181e+003	
  2.3040000000000000e+004	 -4.8848251183641942e+003	 -2.1753709848843423e+003	
  2.3070000000000000e+004	 -4.8846975405110552e+003	 -2.1733833262904841e+003	
  2.3100000000000000e+004	 -4.8855155028907839e+003	 -2.1720181164279011e+003	
  2.3130000000000000e+004	 -4.8863334652705125e+003	 -2.1706529065653172e+003	
  2.3160000000000000e+004	 -4.8871514276502412e+003	 -2.1692876967027332e+003	
  2.3190000000000000e+004	 -4.8879693900299708e+003	 -2.1679224868401498e+003	
  2.3220000000000000e+004	 -4.8887873524096985e+003	 -2.1665572769775658e+003	
  2.3250000000000000e+004	 -4.8869282620634258e+003	 -2.1643966025528975e+003	
  2.3280000000000000e+004	 -4.8847717214142640e+003	 -2.1621475431768863e+003	
  2.3310000000000000e+004	 -4.8826151807651031e+003	 -2.1598984838008751e+003	
  2.3340000000000000e+004	 -4.8570899994546180e+003	 -2.1509932167658412e+003	
  2.3370000000000000e+004	 -4.8626937377142804e+003	 -2.1600250812960430e+003	
  2.3400000000000000e+004	 -4.8682974759739436e+003	 -2.1690569458262453e+003	
  2.3430000000000000e+004	 -4.8739012142336069e+003	 -2.1780888103564475e+003	
  2.3460000000000000e+004	 -4.8795049524932683e+003	 -2.1871206748866493e+003	
  2.3490000000000000e+004	 -4.8899529474006576e+003	 -2.1906878825966824e+003	
  2.3520000000000000e+004	 -4.8919824157355315e+003	 -2.1911780528013423e+003	
  2.3550000000000000e+004	 -4.8900698277444490e+003	 -2.1915428742440799e+003	
  2.3580000000000000e+004	 -4.8881572397533655e+003	 -2.1919076956868171e+003	
  2.3610000000000000e+004	 -4.8862446517622830e+003	 -2.1922725171295542e+003	
  2.3640000000000000e+004	 -4.8881300254533708e+003	 -2.1877073117900904e+003	
  2.3670000000000000e+004	 -4.8909464305440233e+003	 -2.1821609923465062e+003	
  2.3700000000000000e+004	 -4.8923011807519088e+003	 -2.1799903102952762e+003	
  2.3730000000000000e+004	 -4.8930213984910324e+003	 -2.1784058980734599e+003	
  2.3760000000000000e+004	 -4.8896171551832049e+003	 -2.1806322397428294e+003	
  2.3790000000000000e+004	 -4.8898024201386925e+003	 -2.1832296372645410e+003	
  2.3820000000000000e+004	 -4.8903003193483100e+003	 -2.1878492992861197e+003	
  2.3850000000000000e+004	 -4.8884589603159720e+003	 -2.1827032014237680e+003	
  2.3880000000000000e+004	 -4.8878781744519647e+003	 -2.1807641702024716e+003	
  2.3910000000000000e+004	 -4.8896092434664315e+003	 -2.1849694830553690e+003	
  2.3940000000000000e+004	 -4.8913403124808983e+003	 -2.1891747959082659e+003	
  2.3970000000000000e+004	 -4.8930713814953669e+003	 -2.1933801087611637e+003	
  2.4000000000000000e+004	 -4.8941144615246776e+003	 -2.1872713055792515e+003	
  2.4030000000000000e+004	 -4.8944416857259448e+003	 -2.1785320549012586e+003	
  2.4060000000000000e+004	 -4.8911228638877838e+003	 -2.1710934852831306e+003	
  2.4090000000000000e+004	 -4.8864463052110013e+003	 -2.1630667230455933e+003	
  2.4120000000000000e+004	 -4.8858377368189576e+003	 -2.1611279066801621e+003	
  2.4150000000000000e+004	 -4.8874422450641359e+003	 -2.1621540140583397e+003	
  2.4180000000000000e+004	 -4.8890467533093133e+003	 -2.1631801214365173e+003	
  2.4210000000000000e+004	 -4.8906512615544907e+003	 -2.1642062288146954e+003	
  2.4240000000000000e+004	 -4.8922557697996681e+003	 -2.1652323361928734e+003	
  2.4270000000000000e+004	 -4.8938602780448446e+003	 -2.1662584435710514e+003	
  2.4300000000000000e+004	 -4.8936805621789135e+003	 -2.1674833274511293e+003	
  2.4330000000000000e+004	 -4.8928520375453045e+003	 -2.1687804936955345e+003	
  2.4360000000000000e+004	 -4.8920235129116963e+003	 -2.1700776599399396e+003	
  2.4390000000000000e+004	 -4.8911949882780882e+003	 -2.1713748261843443e+003	
  2.4420000000000000e+004	 -4.8924148052741775e+003	 -2.1810392030741523e+003	
  2.4450000000000000e+004	 -4.8929750823268741e+003	 -2.1834008944984907e+003	
  2.4480000000000000e+004	 -4.8902132728800234e+003	 -2.1789275611236844e+003	
  2.4510000000000000e+004	 -4.8893881033250273e+003	 -2.1733067737020306e+003	
  2.4540000000000000e+004	 -4.8901496923201294e+003	 -2.1679996559226865e+003	
  2.4570000000000000e+004	 -4.8909112813152324e+003	 -2.1626925381433430e+003	
  2.4600000000000000e+004	 -4.8916728703103345e+003	 -2.1573854203639994e+003	
  2.4630000000000000e+004	 -4.8924344593054366e+003	 -2.1520783025846554e+003	
  2.4660000000000000e+004	 -4.8931960483005387e+003	 -2.1467711848053118e+003	
  2.4690000000000000e+004	 -4.8868972341845702e+003	 -2.1511703147599414e+003	
  2.4720000000000000e+004	 -4.8978045887900053e+003	 -2.1569338353299477e+003	
  2.4750000000000000e+004	 -4.8990707100144100e+003	 -2.1532197970341467e+003	
  2.4780000000000000e+004	 -4.9003368312388147e+003	 -2.1495057587383453e+003	
  2.4810000000000000e+004	 -4.9016029524632204e+003	 -2.1457917204425439e+003	
  2.4840000000000000e+004	 -4.9002915487440850e+003	 -2.1471956372243990e+003	
  2.4870000000000000e+004	 -4.8964026200814087e+003	 -2.1537175090839100e+003	
  2.4900000000000000e+004	 -4.8925136914187333e+003	 -2.1602393809434216e+003	
  2.4930000000000000e+004	 -4.8967605656124606e+003	 -2.1685079512769644e+003	
  2.4960000000000000e+004	 -4.8905077498763376e+003	 -2.1559887525049844e+003	
  2.4990000000000000e+004	 -4.8945590969248206e+003	 -2.1514795287885727e+003	
  2.5020000000000000e+004	 -4.8954512497068545e+003	 -2.1576049863620797e+003	
  2.5050000000000000e+004	 -4.8969250014985219e+003	 -2.1610630172427786e+003	
  2.5080000000000000e+004	 -4.8987136641914512e+003	 -2.1630407656313696e+003	
  2.5110000000000000e+004	 -4.8966544443771791e+003	 -2.1688575889560980e+003	
  2.5140000000000000e+004	 -4.8961125443839510e+003	 -2.1677039387811847e+003	
  2.5170000000000000e+004	 -4.8955706443907247e+003	 -2.1665502886062723e+003	
  2.5200000000000000e+004	 -4.8950287443974967e+003	 -2.1653966384313594e+003	
  2.5230000000000000e+004	 -4.8974492298536661e+003	 -2.1643057305984817e+003	
  2.5260000000000000e+004	 -4.8974492298536661e+003	 -2.1643057305984817e+003	
  2.5290000000000000e+004	 -4.8974492298536661e+003	 -2.1643057305984817e+003	
  2.5320000000000000e+004	 -4.8974492298536661e+003	 -2.1643057305984817e+003	
  2.5350000000000000e+004	 -4.8974492298536661e+003	 -2.1643057305984817e+003	
  2.5380000000000000e+004	 -4.8974492298536661e+003	 -2.1643057305984817e+003	
  2.5410000000000000e+004	 -4.8974492298536661e+003	 -2.1643057305984817e+003	
  2.5440000000000000e+004	 -4.8974492298536661e+003	 -2.1643057305984817e+003	
  2.5470000000000000e+004	 -4.8974492298536661e+003	 -2.1643057305984817e+003	
  2.5500000000000000e+004	 -4.8974492298536661e+003	 -2.1643057305984817e+003	
  2.5530000000000000e+004	 -4.8942788387885385e+003	 -2.1576265089876119e+003	
  2.5560000000000000e+004	 -4.8887989022234897e+003	 -2.1539829247613420e+003	
  2.5590000000000000e+004	 -4.8880042511790125e+003	 -2.1596115458666477e+003	
  2.5620000000000000e+004	 -4.8885553357420995e+003	 -2.1566682474377985e+003	
  2.5650000000000000e+004	 -4.8891400978390557e+003	 -2.1568474864994400e+003	
  2.5680000000000000e+004	 -4.8886029514224092e+003	 -2.1604565025589723e+003	
  2.5710000000000000e+004	 -4.8881388729065657e+003	 -2.1590865504050234e+003	
  2.5740000000000000e+004	 -4.8935191653390266e+003	 -2.1613765018586728e+003	
  2.5770000000000000e+004	 -4.8988994577714866e+003	 -2.1636664533123217e+003	
  2.5800000000000000e+004	 -4.8996168300958143e+003	 -2.1639717801728079e+003	
  2.5830000000000000e+004	 -4.8996168300958143e+003	 -2.1639717801728079e+003	
  2.5860000000000000e+004	 -4.8996168300958143e+003	 -2.1639717801728079e+003	
  2.5890000000000000e+004	 -4.8996168300958143e+003	 -2.1639717801728079e+003	
  2.5920000000000000e+004	 -4.8996168300958143e+003	 -2.1639717801728079e+003	
  2.5950000000000000e+004	 -4.8996168300958143e+003	 -2.1639717801728079e+003	
  2.5980000000000000e+004	 -4.8996168300958143e+003	 -2.1639717801728079e+003	
  2.6010000000000000e+004	 -4.8996168300958143e+003	 -2.1639717801728079e+003	
  2.6040000000000000e+004	 -4.8996168300958143e+003	 -2.1639717801728079e+003	
  2.6070000000000000e+004	 -4.8996168300958143e+003	 -2.1639717801728079e+003	
  2.6100000000000000e+004	 -4.8996168300958143e+003	 -2.1639717801728079e+003	
  2.6130000000000000e+004	 -4.8996168300958143e+003	 -2.1639717801728079e+003	
  2.6160000000000000e+004	 -4.8996168300958143e+003	 -2.1639717801728079e+003	
  2.6190000000000000e+004	 -4.8996168300958143e+003	 -2.1639717801728079e+003	
  2.6220000000000000e+004	 -4.8959698667781076e+003	 -2.1726657864961890e+003	
  2.6250000000000000e+004	 -4.8947351578622729e+003	 -2.1717357958861476e+003	
  2.6280000000000000e+004	 -4.8935004489464391e+003	 -2.1708058052761062e+003	
  2.6310000000000000e+004	 -4.8922657400306043e+003	 -2.1698758146660648e+003	
  2.6340000000000000e+004	 -4.8910310311147696e+003	 -2.1689458240560239e+003	
  2.6370000000000000e+004	 -4.8928483933079688e+003	 -2.1655302206300021e+003	
  2.6400000000000000e+004	 -4.8983927511838428e+003	 -2.1573247282001466e+003	
  2.6430000000000000e+004	 -4.8990268892550812e+003	 -2.1521022981313954e+003	
  2.6460000000000000e+004	 -4.8996610273263195e+003	 -2.1468798680626437e+003	
  2.6490000000000000e+004	 -4.8995146297122401e+003	 -2.1477839300694263e+003	
  2.6520000000000000e+004	 -4.8937090585232945e+003	 -2.1530365124277632e+003	
  2.6550000000000000e+004	 -4.8913438239628122e+003	 -2.1563131644763048e+003	
  2.6580000000000000e+004	 -4.8898941367864991e+003	 -2.1626825722262497e+003	
  2.6610000000000000e+004	 -4.8885233640152073e+003	 -2.1669105514175776e+003	
  2.6640000000000000e+004	 -4.8890848175226138e+003	 -2.1670934596243574e+003	
  2.6670000000000000e+004	 -4.8869125464300296e+003	 -2.1656828031261452e+003	
  2.6700000000000000e+004	 -4.8847402753374463e+003	 -2.1642721466279331e+003	
  2.6730000000000000e+004	 -4.8825680042448621e+003	 -2.1628614901297215e+003	
  2.6760000000000000e+004	 -4.8858947191532843e+003	 -2.1604986855168600e+003	
  2.6790000000000000e+004	 -4.8883820604890971e+003	 -2.1612817432338907e+003	
  2.6820000000000000e+004	 -4.8892789984218643e+003	 -2.1628017981510211e+003	
  2.6850000000000000e+004	 -4.8901759363546298e+003	 -2.1643218530681515e+003	
  2.6880000000000000e+004	 -4.8910728742873971e+003	 -2.1658419079852820e+003	
  2.6910000000000000e+004	 -4.8914281198705839e+003	 -2.1676007189001793e+003	
  2.6940000000000000e+004	 -4.8822760311483462e+003	 -2.1749921728125946e+003	
  2.6970000000000000e+004	 -4.8903588007177441e+003	 -2.1703816732758823e+003	
  2.7000000000000000e+004	 -4.8873749213482270e+003	 -2.1747779927068987e+003	
  2.7030000000000000e+004	 -4.8843910419787107e+003	 -2.1791743121379145e+003	
  2.7060000000000000e+004	 -4.8768168914163907e+003	 -2.1962661076511490e+003	
  2.7090000000000000e+004	 -4.8800983966002641e+003	 -2.1894881329846066e+003	
  2.7120000000000000e+004	 -4.8844421977155589e+003	 -2.1802117074786552e+003	
  2.7150000000000000e+004	 -4.8887859988308528e+003	 -2.1709352819727042e+003	
  2.7180000000000000e+004	 -4.8931297999461476e+003	 -2.1616588564667536e+003	
  2.7210000000000000e+004	 -4.8897928992866800e+003	 -2.1696039053512250e+003	
  2.7240000000000000e+004	 -4.8900953548658499e+003	 -2.1688738727627751e+003	
  2.7270000000000000e+004	 -4.8903978104450207e+003	 -2.1681438401743253e+003	
  2.7300000000000000e+004	 -4.8907002660241924e+003	 -2.1674138075858759e+003	
  2.7330000000000000e+004	 -4.8910027216033623e+003	 -2.1666837749974261e+003	
  2.7360000000000000e+004	 -4.8913051771825330e+003	 -2.1659537424089763e+003	
  2.7390000000000000e+004	 -4.8916076327617029e+003	 -2.1652237098205264e+003	
  2.7420000000000000e+004	 -4.8923728109757885e+003	 -2.1639775389934307e+003	
  2.7450000000000000e+004	 -4.8949888797295343e+003	 -2.1606668152117495e+003	
  2.7480000000000000e+004	 -4.8976049484832793e+003	 -2.1573560914300679e+003	
  2.7510000000000000e+004	 -4.9002210172370242e+003	 -2.1540453676483867e+003	
  2.7540000000000000e+004	 -4.8999866984680057e+003	 -2.1539585422981231e+003	
  2.7570000000000000e+004	 -4.8982018694555190e+003	 -2.1594448846150594e+003	
  2.7600000000000000e+004	 -4.8964557473138402e+003	 -2.1608549009338449e+003	
  2.7630000000000000e+004	 -4.8964557473138402e+003	 -2.1608549009338449e+003	
  2.7660000000000000e+004	 -4.8964557473138402e+003	 -2.1608549009338449e+003	
  2.7690000000000000e+004	 -4.8964557473138402e+003	 -2.1608549009338449e+003	
  2.7720000000000000e+004	 -4.8964557473138402e+003	 -2.1608549009338449e+003	
  2.7750000000000000e+004	 -4.8964557473138402e+003	 -2.1608549009338449e+003	
  2.7780000000000000e+004	 -4.8964557473138402e+003	 -2.1608549009338449e+003	
  2.7810000000000000e+004	 -4.8964557473138402e+003	 -2.1608549009338449e+003	
  2.7840000000000000e+004	 -4.8964557473138402e+003	 -2.1608549009338449e+003	
  2.7870000000000000e+004	 -4.8964557473138402e+003	 -2.1608549009338449e+003	
  2.7900000000000000e+004	 -4.8964557473138402e+003	 -2.1608549009338449e+003	
  2.7930000000000000e+004	 -4.8964557473138402e+003	 -2.1608549009338449e+003	
  2.7960000000000000e+004	 -4.8964557473138402e+003	 -2.1608549009338449e+003	
  2.7990000000000000e+004	 -4.8964557473138402e+003	 -2.1608549009338449e+003	
  2.8020000000000000e+004	 -4.8964557473138402e+003	 -2.1608549009338449e+003	
  2.8050000000000000e+004	 -4.8964557473138402e+003	 -2.1608549009338449e+003	
  2.8080000000000000e+004	 -4.8964557473138402e+003	 -2.1608549009338449e+003	
  2.8110000000000000e+004	 -4.8964557473138402e+003	 -2.1608549009338449e+003	
  2.8140000000000000e+004	 -4.8856973697861658e+003	 -2.1759837740308462e+003	
  2.8170000000000000e+004	 -4.8878007972803453e+003	 -2.1705790364485770e+003	
  2.8200000000000000e+004	 -4.8899042247745238e+003	 -2.1651742988663082e+003	
  2.8230000000000000e+004	 -4.8896854718464256e+003	 -2.1681140618167196e+003	
  2.8260000000000000e+004	 -4.8881222986738503e+003	 -2.1758848513913154e+003	
  2.8290000000000000e+004	 -4.8875662190205794e+003	 -2.1782878897523346e+003	
  2.8320000000000000e+004	 -4.8871220386472305e+003	 -2.1800945113118464e+003	
  2.8350000000000000e+004	 -4.8866778582738825e+003	 -2.1819011328713568e+003	
  2.8380000000000000e+004	 -4.8862336779005336e+003	 -2.1837077544308681e+003	
  2.8410000000000000e+004	 -4.8848596356864455e+003	 -2.1780213466184364e+003	
  2.8440000000000000e+004	 -4.8923914979782967e+003	 -2.1694931082069238e+003	
  2.8470000000000000e+004	 -4.8960977064967892e+003	 -2.1687067326181723e+003	
  2.8500000000000000e+004	 -4.8972105365358357e+003	 -2.1709131963665832e+003	
  2.8530000000000000e+004	 -4.8965491783373427e+003	 -2.1745008402220305e+003	
  2.8560000000000000e+004	 -4.9004183906548360e+003	 -2.1752565517885205e+003	
  2.8590000000000000e+004	 -4.9005124704124501e+003	 -2.1706879117979524e+003	
  2.8620000000000000e+004	 -4.8997447787124756e+003	 -2.1651220553078883e+003	
  2.8650000000000000e+004	 -4.9007278685483670e+003	 -2.1613231384949918e+003	
  2.8680000000000000e+004	 -4.9020611146914298e+003	 -2.1578776096175284e+003	
  2.8710000000000000e+004	 -4.9031956278818707e+003	 -2.1513581603860075e+003	
  2.8740000000000000e+004	 -4.9077081409151133e+003	 -2.1544377976880910e+003	
  2.8770000000000000e+004	 -4.9042017293994750e+003	 -2.1649801822835743e+003	
  2.8800000000000000e+004	 -4.8998464924252567e+003	 -2.1666306684291649e+003	
  2.8830000000000000e+004	 -4.8949799723230872e+003	 -2.1673090663592402e+003	
  2.8860000000000000e+004	 -4.8899403025158454e+003	 -2.1687116616770286e+003	
  2.8890000000000000e+004	 -4.8874480719989506e+003	 -2.1685757854072372e+003	
  2.8920000000000000e+004	 -4.8956189068219192e+003	 -2.1639317745970011e+003	
  2.8950000000000000e+004	 -4.9010410547812462e+003	 -2.1666177008462187e+003	
  2.8980000000000000e+004	 -4.8994361961912664e+003	 -2.1724318809310776e+003	
  2.9010000000000000e+004	 -4.8864080187674372e+003	 -2.1724226032955544e+003	
  2.9040000000000000e+004	 -4.8878054180078871e+003	 -2.1686594659505658e+003	
  2.9070000000000000e+004	 -4.8887437088804345e+003	 -2.1703044843906787e+003	
  2.9100000000000000e+004	 -4.8910066426409803e+003	 -2.1738789998009270e+003	
  2.9130000000000000e+004	 -4.8905215609096531e+003	 -2.1736344158967927e+003	
  2.9160000000000000e+004	 -4.8900445362776072e+003	 -2.1718000366157844e+003	
  2.9190000000000000e+004	 -4.8895675116455623e+003	 -2.1699656573347766e+003	
  2.9220000000000000e+004	 -4.8890904870135173e+003	 -2.1681312780537678e+003	
  2.9250000000000000e+004	 -4.8886134623814714e+003	 -2.1662968987727595e+003	
  2.9280000000000000e+004	 -4.8884530458599083e+003	 -2.1653393927399848e+003	
  2.9310000000000000e+004	 -4.8887675415040667e+003	 -2.1656971965795592e+003	
  2.9340000000000000e+004	 -4.8890820371482259e+003	 -2.1660550004191327e+003	
  2.9370000000000000e+004	 -4.8893965327923852e+003	 -2.1664128042587072e+003	
  2.9400000000000000e+004	 -4.9009715806037511e+003	 -2.1682686194455805e+003	
  2.9430000000000000e+004	 -4.9006044873046185e+003	 -2.1678050390475396e+003	
  2.9460000000000000e+004	 -4.9041880192778754e+003	 -2.1663776663055496e+003	
  2.9490000000000000e+004	 -4.9077715512511295e+003	 -2.1649502935635596e+003	
  2.9520000000000000e+004	 -4.9113550832243845e+003	 -2.1635229208215696e+003	
  2.9550000000000000e+004	 -4.9162712229340414e+003	 -2.1618456232817080e+003	
  2.9580000000000000e+004	 -4.9272802912714360e+003	 -2.1584714058323634e+003	
  2.9610000000000000e+004	 -4.9245571301181799e+003	 -2.1566057693202929e+003	
  2.9640000000000000e+004	 -4.9237829874825302e+003	 -2.1540772808277925e+003	
  2.9670000000000000e+004	 -4.9242513830842927e+003	 -2.1539093897880393e+003	
  2.9700000000000000e+004	 -4.9233114055812857e+003	 -2.1558178035945766e+003	
  2.9730000000000000e+004	 -4.9257364083673847e+003	 -2.1570033301921330e+003	
  2.9760000000000000e+004	 -4.9358147970060272e+003	 -2.1551132815448232e+003	
  2.9790000000000000e+004	 -4.9302793364404943e+003	 -2.1470515779620514e+003	
  2.9820000000000000e+004	 -4.9161899374176191e+003	 -2.1490552895525939e+003	
  2.9850000000000000e+004	 -4.9181693777470518e+003	 -2.1475896121456317e+003	
  2.9880000000000000e+004	 -4.9235281660966029e+003	 -2.1511007414289952e+003	
  2.9910000000000000e+004	 -4.9129406879789467e+003	 -2.1562909013935523e+003	
  2.9940000000000000e+004	 -4.9088893404426426e+003	 -2.1609662194686171e+003	
  2.9970000000000000e+004	 -4.9048379929063385e+003	 -2.1656415375436823e+003	
  3.0000000000000000e+004	 -4.9007866453700344e+003	 -2.1703168556187470e+003	
  3.0030000000000000e+004	 -4.8576229288760405e+003	 -2.1912527152194857e+003	
  3.0060000000000000e+004	 -4.8379282363858883e+003	 -2.2043370716557843e+003	
  3.0090000000000000e+004	 -4.8393254427424090e+003	 -2.2002364168740614e+003	
  3.0120000000000000e+004	 -4.8649201802277130e+003	 -2.1803353942837484e+003	
  3.0150000000000000e+004	 -4.8895916807775502e+003	 -2.1651962712041550e+003	
  3.0180000000000000e+004	 -4.9118380998418606e+003	 -2.1558807856740618e+003	
  3.0210000000000000e+004	 -4.9307038240157681e+003	 -2.1478975908575426e+003	
  3.0240000000000000e+004	 -4.9226441706694668e+003	 -2.1515798781297431e+003	
  3.0270000000000000e+004	 -4.9169184349854486e+003	 -2.1550454091796482e+003	
  3.0300000000000000e+004	 -4.9064163849942843e+003	 -2.1577698279924857e+003	
  3.0330000000000000e+004	 -4.9006554723716308e+003	 -2.1638048047598663e+003	
  3.0360000000000000e+004	 -4.8909012725580542e+003	 -2.1728214898771071e+003	
  3.0390000000000000e+004	 -4.8808227540759899e+003	 -2.1771071985550375e+003	
  3.0420000000000000e+004	 -4.8774235635655750e+003	 -2.1777751008644318e+003	
  3.0450000000000000e+004	 -4.8712397765209953e+003	 -2.1808050980379635e+003	
  3.0480000000000000e+004	 -4.8711948721568251e+003	 -2.1812344951816131e+003	
  3.0510000000000000e+004	 -4.8779612256371820e+003	 -2.1789026366094636e+003	
  3.0540000000000000e+004	 -4.8821083931305857e+003	 -2.1771152070432672e+003	
  3.0570000000000000e+004	 -4.8846814432884294e+003	 -2.1753613620886622e+003	
  3.0600000000000000e+004	 -4.8872544934462721e+003	 -2.1736075171340567e+003	
  3.0630000000000000e+004	 -4.8898275436041149e+003	 -2.1718536721794517e+003	
  3.0660000000000000e+004	 -4.8924005937619577e+003	 -2.1700998272248462e+003	
  3.0690000000000000e+004	 -4.8910548108299572e+003	 -2.1693595270477999e+003	
  3.0720000000000000e+004	 -4.8857983812310304e+003	 -2.1744355858851218e+003	
  3.0750000000000000e+004	 -4.8806606540142702e+003	 -2.1787260646945870e+003	
  3.0780000000000000e+004	 -4.8835249826061527e+003	 -2.1762929907258194e+003	
  3.0810000000000000e+004	 -4.8863893111980342e+003	 -2.1738599167570524e+003	
  3.0840000000000000e+004	 -4.8812102953746698e+003	 -2.1770750398814880e+003	
  3.0870000000000000e+004	 -4.8871711948283391e+003	 -2.1694312638315955e+003	
  3.0900000000000000e+004	 -4.8848638004652203e+003	 -2.1708976387921239e+003	
  3.0930000000000000e+004	 -4.8777690689755127e+003	 -2.1775673737039883e+003	
  3.0960000000000000e+004	 -4.8750837611814723e+003	 -2.1803403618210286e+003	
  3.0990000000000000e+004	 -4.8723984533874327e+003	 -2.1831133499380689e+003	
  3.1020000000000000e+004	 -4.8697131455933932e+003	 -2.1858863380551088e+003	
  3.1050000000000000e+004	 -4.8477366837486315e+003	 -2.1933094022082282e+003	
  3.1080000000000000e+004	 -4.8617583442980558e+003	 -2.1864633999690800e+003	
  3.1110000000000000e+004	 -4.8673902042569371e+003	 -2.1827944896892477e+003	
  3.1140000000000000e+004	 -4.8658383989435224e+003	 -2.1823391011367125e+003	
  3.1170000000000000e+004	 -4.8662653509313468e+003	 -2.1824200585288363e+003	
  3.1200000000000000e+004	 -4.8668527259315379e+003	 -2.1789139604364782e+003	
  3.1230000000000000e+004	 -4.8668151105861734e+003	 -2.1795458380223959e+003	
  3.1260000000000000e+004	 -4.8737436886516707e+003	 -2.1788063745163390e+003	
  3.1290000000000000e+004	 -4.8806722667171689e+003	 -2.1780669110102826e+003	
  3.1320000000000000e+004	 -4.8876008447826662e+003	 -2.1773274475042258e+003	
  3.1350000000000000e+004	 -4.8943784647914672e+003	 -2.1748967588319902e+003	
  3.1380000000000000e+004	 -4.8828237582944585e+003	 -2.1747336300980196e+003	
  3.1410000000000000e+004	 -4.8830782562150234e+003	 -2.1719866104043708e+003	
  3.1440000000000000e+004	 -4.8792327525850787e+003	 -2.1669821802576093e+003	
  3.1470000000000000e+004	 -4.8843307353779091e+003	 -2.1702890257696945e+003	
  3.1500000000000000e+004	 -4.8878895590261745e+003	 -2.1798601564053583e+003	
  3.1530000000000000e+004	 -4.8880979821576366e+003	 -2.1780191422470498e+003	
  3.1560000000000000e+004	 -4.8883064052890986e+003	 -2.1761781280887412e+003	
  3.1590000000000000e+004	 -4.8973589141013208e+003	 -2.1573298607394372e+003	
  3.1620000000000000e+004	 -4.8910638422700604e+003	 -2.1654411638976540e+003	
  3.1650000000000000e+004	 -4.8975076705862939e+003	 -2.1636378282993132e+003	
  3.1680000000000000e+004	 -4.9117262097476159e+003	 -2.1530969563508261e+003	
  3.1710000000000000e+004	 -4.9043571648440411e+003	 -2.1568188638274510e+003	
  3.1740000000000000e+004	 -4.8953650000117595e+003	 -2.1674911113741732e+003	
  3.1770000000000000e+004	 -4.9052136404899666e+003	 -2.1599121825563943e+003	
  3.1800000000000000e+004	 -4.9033198134960585e+003	 -2.1568474878793995e+003	
  3.1830000000000000e+004	 -4.9019851338300650e+003	 -2.1773916755212590e+003	
