  0.0000000000000000e+000	 -4.9260796120798777e+003	 -2.1371443582251732e+003	
  3.0000000000000000e+001	 -4.9242281205203326e+003	 -2.1344170902383976e+003	
  6.0000000000000000e+001	 -4.9320127209295688e+003	 -2.1375339669195473e+003	
  9.0000000000000000e+001	 -4.9332632591335414e+003	 -2.1392037250686662e+003	
  1.2000000000000000e+002	 -4.8848500569973348e+003	 -2.1966433490798568e+003	
  1.5000000000000000e+002	 -4.7720796717881040e+003	 -2.2939654164342455e+003	
  1.8000000000000000e+002	 -4.3338240100700796e+003	 -2.4821767695002818e+003	
  2.1000000000000000e+002	 -4.2871434329490457e+003	 -2.6404089676183939e+003	
  2.4000000000000000e+002	 -3.9976130563994620e+003	 -2.6156965701266363e+003	
  2.7000000000000000e+002	 -4.0137652239303684e+003	 -2.3234255746208469e+003	
  3.0000000000000000e+002	 -3.9100171852553608e+003	 -1.6859761514455658e+003	
  3.3000000000000000e+002	 -3.8060526743050705e+003	 -1.1078693544086827e+003	
  3.6000000000000000e+002	 -3.4647560478563482e+003	 -7.5670101519067100e+002	
  3.9000000000000000e+002	 -2.9864992203637216e+003	 -5.6286083587138694e+002	
  4.2000000000000000e+002	 -2.5186709537469951e+003	 -6.1604072479028616e+002	
  4.5000000000000000e+002	 -1.9340692642380866e+003	 -4.8085724275831359e+002	
  4.8000000000000000e+002	 -1.8706669657243910e+003	 -4.5345732573877621e+002	
  5.1000000000000000e+002	 -1.8610211466329736e+003	 -4.4932110466574096e+002	
  5.4000000000000000e+002	 -1.6851866483844969e+003	 -4.0638610537265248e+002	
  5.7000000000000000e+002	 -1.0917631644231249e+003	 -5.4735509968636642e+001	
  6.0000000000000000e+002	 -6.7526573161176429e+002	  3.2333461771161745e+002	
  6.3000000000000000e+002	 -3.8832969242737806e+002	  1.8010662962660763e+002	
  6.6000000000000000e+002	 -1.8098271349549566e+002	  5.3996870938829609e+001	
  6.9000000000000000e+002	 -5.0899219624832881e+001	  1.1296387812424004e+002	
  7.2000000000000000e+002	 -5.4489282068212923e+001	  1.4352037875892134e+002	
  7.5000000000000000e+002	 -9.5673644408936781e+001	  9.5297818305101984e+001	
  7.8000000000000000e+002	 -9.3370523883723337e+001	  1.3817720281686371e+002	
  8.1000000000000000e+002	 -6.2568543762213451e+001	  1.4257928979222169e+002	
  8.4000000000000000e+002	 -3.9187761734096419e+001	  1.3097673794717122e+002	
  8.7000000000000000e+002	 -5.6238155487950145e+001	  9.6210651958543082e+001	
  9.0000000000000000e+002	 -7.5984558808267892e+001	  5.9343596670720459e+001	
  9.3000000000000000e+002	 -1.0092843340079952e+002	  2.4097744216410817e+001	
  9.6000000000000000e+002	 -1.0506653170136735e+002	 -3.1962145935077979e+000	
  9.9000000000000000e+002	 -9.1308310813240823e+001	 -1.7753837422946116e+001	
  1.0200000000000000e+003	 -6.0922988605037425e+001	 -3.3454345551961723e+001	
  1.0500000000000000e+003	 -4.2877919559832414e+001	 -4.6351895190988770e+001	
  1.0800000000000000e+003	 -2.4494241110861633e+001	 -3.7234114342948175e+001	
  1.1100000000000000e+003	 -5.1263338864720351e+000	 -4.4510113116384566e+001	
  1.1400000000000000e+003	  5.5717855629256867e+000	 -5.4178744360296804e+001	
  1.1700000000000000e+003	  5.5717855629256867e+000	 -5.4178744360296804e+001	
  1.2000000000000000e+003	  5.5717855629256867e+000	 -5.4178744360296804e+001	
  1.2300000000000000e+003	  5.5717855629256867e+000	 -5.4178744360296804e+001	
  1.2600000000000000e+003	  5.5717855629256867e+000	 -5.4178744360296804e+001	
  1.2900000000000000e+003	  5.5717855629256867e+000	 -5.4178744360296804e+001	
  1.3200000000000000e+003	  5.5717855629256867e+000	 -5.4178744360296804e+001	
  1.3500000000000000e+003	  5.5717855629256867e+000	 -5.4178744360296804e+001	
  1.3800000000000000e+003	  5.5717855629256867e+000	 -5.4178744360296804e+001	
  1.4100000000000000e+003	  5.5717855629256867e+000	 -5.4178744360296804e+001	
  1.4400000000000000e+003	  5.5717855629256867e+000	 -5.4178744360296804e+001	
  1.4700000000000000e+003	  5.5717855629256867e+000	 -5.4178744360296804e+001	
  1.5000000000000000e+003	  5.5717855629256867e+000	 -5.4178744360296804e+001	
  1.5300000000000000e+003	  5.5717855629256867e+000	 -5.4178744360296804e+001	
  1.5600000000000000e+003	  5.5717855629256867e+000	 -5.4178744360296804e+001	
  1.5900000000000000e+003	  5.5717855629256867e+000	 -5.4178744360296804e+001	
  1.6200000000000000e+003	  5.5717855629256867e+000	 -5.4178744360296804e+001	
  1.6500000000000000e+003	  5.5717855629256867e+000	 -5.4178744360296804e+001	
  1.6800000000000000e+003	  5.5717855629256867e+000	 -5.4178744360296804e+001	
  1.7100000000000000e+003	  5.5717855629256867e+000	 -5.4178744360296804e+001	
  1.7400000000000000e+003	  5.5717855629256867e+000	 -5.4178744360296804e+001	
  1.7700000000000000e+003	  5.5717855629256867e+000	 -5.4178744360296804e+001	
  1.8000000000000000e+003	  5.5717855629256867e+000	 -5.4178744360296804e+001	
  1.8300000000000000e+003	  5.5717855629256867e+000	 -5.4178744360296804e+001	
  1.8600000000000000e+003	  5.5717855629256867e+000	 -5.4178744360296804e+001	
  1.8900000000000000e+003	  5.5717855629256867e+000	 -5.4178744360296804e+001	
  1.9200000000000000e+003	  5.5717855629256867e+000	 -5.4178744360296804e+001	
  1.9500000000000000e+003	  5.5717855629256867e+000	 -5.4178744360296804e+001	
  1.9800000000000000e+003	  5.5717855629256867e+000	 -5.4178744360296804e+001	
  2.0100000000000000e+003	  5.5717855629256867e+000	 -5.4178744360296804e+001	
  2.0400000000000000e+003	  5.5717855629256867e+000	 -5.4178744360296804e+001	
  2.0700000000000000e+003	  5.5717855629256867e+000	 -5.4178744360296804e+001	
  2.1000000000000000e+003	  5.5717855629256867e+000	 -5.4178744360296804e+001	
  2.1300000000000000e+003	  5.5717855629256867e+000	 -5.4178744360296804e+001	
  2.1600000000000000e+003	  5.5717855629256867e+000	 -5.4178744360296804e+001	
  2.1900000000000000e+003	  5.5717855629256867e+000	 -5.4178744360296804e+001	
  2.2200000000000000e+003	  5.5717855629256867e+000	 -5.4178744360296804e+001	
  2.2500000000000000e+003	  5.5717855629256867e+000	 -5.4178744360296804e+001	
  2.2800000000000000e+003	  5.5717855629256867e+000	 -5.4178744360296804e+001	
  2.3100000000000000e+003	  5.5717855629256867e+000	 -5.4178744360296804e+001	
  2.3400000000000000e+003	  5.5717855629256867e+000	 -5.4178744360296804e+001	
  2.3700000000000000e+003	  5.5717855629256867e+000	 -5.4178744360296804e+001	
  2.4000000000000000e+003	  5.5717855629256867e+000	 -5.4178744360296804e+001	
  2.4300000000000000e+003	  5.5717855629256867e+000	 -5.4178744360296804e+001	
  2.4600000000000000e+003	  5.5717855629256867e+000	 -5.4178744360296804e+001	
  2.4900000000000000e+003	  5.5717855629256867e+000	 -5.4178744360296804e+001	
  2.5200000000000000e+003	  5.5717855629256867e+000	 -5.4178744360296804e+001	
  2.5500000000000000e+003	  5.5717855629256867e+000	 -5.4178744360296804e+001	
  2.5800000000000000e+003	  5.5717855629256867e+000	 -5.4178744360296804e+001	
  2.6100000000000000e+003	  5.5717855629256867e+000	 -5.4178744360296804e+001	
  2.6400000000000000e+003	  5.5717855629256867e+000	 -5.4178744360296804e+001	
  2.6700000000000000e+003	  5.5717855629256867e+000	 -5.4178744360296804e+001	
  2.7000000000000000e+003	  5.5717855629256867e+000	 -5.4178744360296804e+001	
  2.7300000000000000e+003	  5.5717855629256867e+000	 -5.4178744360296804e+001	
  2.7600000000000000e+003	  5.5717855629256867e+000	 -5.4178744360296804e+001	
  2.7900000000000000e+003	  5.5717855629256867e+000	 -5.4178744360296804e+001	
  2.8200000000000000e+003	  5.5717855629256867e+000	 -5.4178744360296804e+001	
  2.8500000000000000e+003	  5.5717855629256867e+000	 -5.4178744360296804e+001	
  2.8800000000000000e+003	  5.5717855629256867e+000	 -5.4178744360296804e+001	
  2.9100000000000000e+003	  5.5717855629256867e+000	 -5.4178744360296804e+001	
  2.9400000000000000e+003	  5.5717855629256867e+000	 -5.4178744360296804e+001	
  2.9700000000000000e+003	  5.5717855629256867e+000	 -5.4178744360296804e+001	
  3.0000000000000000e+003	  5.5717855629256867e+000	 -5.4178744360296804e+001	
  3.0300000000000000e+003	  5.5717855629256867e+000	 -5.4178744360296804e+001	
  3.0600000000000000e+003	  5.5717855629256867e+000	 -5.4178744360296804e+001	
  3.0900000000000000e+003	  5.5717855629256867e+000	 -5.4178744360296804e+001	
  3.1200000000000000e+003	  5.5717855629256867e+000	 -5.4178744360296804e+001	
  3.1500000000000000e+003	  5.5717855629256867e+000	 -5.4178744360296804e+001	
  3.1800000000000000e+003	  5.5717855629256867e+000	 -5.4178744360296804e+001	
  3.2100000000000000e+003	  5.5717855629256867e+000	 -5.4178744360296804e+001	
  3.2400000000000000e+003	  5.5717855629256867e+000	 -5.4178744360296804e+001	
  3.2700000000000000e+003	  5.5717855629256867e+000	 -5.4178744360296804e+001	
  3.3000000000000000e+003	  5.5717855629256867e+000	 -5.4178744360296804e+001	
  3.3300000000000000e+003	  5.5717855629256867e+000	 -5.4178744360296804e+001	
  3.3600000000000000e+003	  5.5717855629256867e+000	 -5.4178744360296804e+001	
  3.3900000000000000e+003	  5.5717855629256867e+000	 -5.4178744360296804e+001	
  3.4200000000000000e+003	  5.5717855629256867e+000	 -5.4178744360296804e+001	
  3.4500000000000000e+003	  5.5717855629256867e+000	 -5.4178744360296804e+001	
  3.4800000000000000e+003	  5.5717855629256867e+000	 -5.4178744360296804e+001	
  3.5100000000000000e+003	  5.5717855629256867e+000	 -5.4178744360296804e+001	
  3.5400000000000000e+003	  5.5717855629256867e+000	 -5.4178744360296804e+001	
  3.5700000000000000e+003	  5.5717855629256867e+000	 -5.4178744360296804e+001	
  3.6000000000000000e+003	  5.5717855629256867e+000	 -5.4178744360296804e+001	
  3.6300000000000000e+003	  5.5717855629256867e+000	 -5.4178744360296804e+001	
  3.6600000000000000e+003	  5.5717855629256867e+000	 -5.4178744360296804e+001	
  3.6900000000000000e+003	  5.5717855629256867e+000	 -5.4178744360296804e+001	
  3.7200000000000000e+003	  5.5717855629256867e+000	 -5.4178744360296804e+001	
  3.7500000000000000e+003	  5.5717855629256867e+000	 -5.4178744360296804e+001	
  3.7800000000000000e+003	  5.5717855629256867e+000	 -5.4178744360296804e+001	
  3.8100000000000000e+003	  5.5717855629256867e+000	 -5.4178744360296804e+001	
  3.8400000000000000e+003	  5.5717855629256867e+000	 -5.4178744360296804e+001	
  3.8700000000000000e+003	  5.5717855629256867e+000	 -5.4178744360296804e+001	
  3.9000000000000000e+003	  5.5717855629256867e+000	 -5.4178744360296804e+001	
  3.9300000000000000e+003	  5.5717855629256867e+000	 -5.4178744360296804e+001	
  3.9600000000000000e+003	  5.5717855629256867e+000	 -5.4178744360296804e+001	
  3.9900000000000000e+003	  5.5717855629256867e+000	 -5.4178744360296804e+001	
  4.0200000000000000e+003	  5.5717855629256867e+000	 -5.4178744360296804e+001	
  4.0500000000000000e+003	  5.5717855629256867e+000	 -5.4178744360296804e+001	
  4.0800000000000000e+003	  5.5717855629256867e+000	 -5.4178744360296804e+001	
  4.1100000000000000e+003	  5.5717855629256867e+000	 -5.4178744360296804e+001	
  4.1400000000000000e+003	  5.5717855629256867e+000	 -5.4178744360296804e+001	
  4.1700000000000000e+003	  5.5717855629256867e+000	 -5.4178744360296804e+001	
  4.2000000000000000e+003	  5.5717855629256867e+000	 -5.4178744360296804e+001	
  4.2300000000000000e+003	  5.5717855629256867e+000	 -5.4178744360296804e+001	
  4.2600000000000000e+003	  5.5717855629256867e+000	 -5.4178744360296804e+001	
  4.2900000000000000e+003	  5.5717855629256867e+000	 -5.4178744360296804e+001	
  4.3200000000000000e+003	  5.5717855629256867e+000	 -5.4178744360296804e+001	
  4.3500000000000000e+003	  5.5717855629256867e+000	 -5.4178744360296804e+001	
  4.3800000000000000e+003	  5.5717855629256867e+000	 -5.4178744360296804e+001	
  4.4100000000000000e+003	  5.5717855629256867e+000	 -5.4178744360296804e+001	
  4.4400000000000000e+003	  5.5717855629256867e+000	 -5.4178744360296804e+001	
  4.4700000000000000e+003	  5.5717855629256867e+000	 -5.4178744360296804e+001	
  4.5000000000000000e+003	  5.5717855629256867e+000	 -5.4178744360296804e+001	
  4.5300000000000000e+003	  5.5717855629256867e+000	 -5.4178744360296804e+001	
  4.5600000000000000e+003	  5.5717855629256867e+000	 -5.4178744360296804e+001	
  4.5900000000000000e+003	  5.5717855629256867e+000	 -5.4178744360296804e+001	
  4.6200000000000000e+003	  5.5717855629256867e+000	 -5.4178744360296804e+001	
  4.6500000000000000e+003	  5.5717855629256867e+000	 -5.4178744360296804e+001	
  4.6800000000000000e+003	  5.5717855629256867e+000	 -5.4178744360296804e+001	
  4.7100000000000000e+003	  5.5717855629256867e+000	 -5.4178744360296804e+001	
  4.7400000000000000e+003	  5.5717855629256867e+000	 -5.4178744360296804e+001	
  4.7700000000000000e+003	  5.5717855629256867e+000	 -5.4178744360296804e+001	
  4.8000000000000000e+003	  5.5717855629256867e+000	 -5.4178744360296804e+001	
  4.8300000000000000e+003	  5.5717855629256867e+000	 -5.4178744360296804e+001	
  4.8600000000000000e+003	  5.5717855629256867e+000	 -5.4178744360296804e+001	
  4.8900000000000000e+003	  5.5717855629256867e+000	 -5.4178744360296804e+001	
  4.9200000000000000e+003	  5.5717855629256867e+000	 -5.4178744360296804e+001	
  4.9500000000000000e+003	  5.5717855629256867e+000	 -5.4178744360296804e+001	
  4.9800000000000000e+003	  5.5717855629256867e+000	 -5.4178744360296804e+001	
  5.0100000000000000e+003	  5.5717855629256867e+000	 -5.4178744360296804e+001	
  5.0400000000000000e+003	  5.5717855629256867e+000	 -5.4178744360296804e+001	
  5.0700000000000000e+003	  5.5717855629256867e+000	 -5.4178744360296804e+001	
  5.1000000000000000e+003	  5.5717855629256867e+000	 -5.4178744360296804e+001	
  5.1300000000000000e+003	  5.5717855629256867e+000	 -5.4178744360296804e+001	
  5.1600000000000000e+003	  5.5717855629256867e+000	 -5.4178744360296804e+001	
  5.1900000000000000e+003	  5.5717855629256867e+000	 -5.4178744360296804e+001	
  5.2200000000000000e+003	  5.5717855629256867e+000	 -5.4178744360296804e+001	
  5.2500000000000000e+003	  5.5717855629256867e+000	 -5.4178744360296804e+001	
  5.2800000000000000e+003	  5.5717855629256867e+000	 -5.4178744360296804e+001	
  5.3100000000000000e+003	  5.5717855629256867e+000	 -5.4178744360296804e+001	
  5.3400000000000000e+003	  5.5717855629256867e+000	 -5.4178744360296804e+001	
  5.3700000000000000e+003	  5.5717855629256867e+000	 -5.4178744360296804e+001	
  5.4000000000000000e+003	  5.5717855629256867e+000	 -5.4178744360296804e+001	
  5.4300000000000000e+003	  5.5717855629256867e+000	 -5.4178744360296804e+001	
  5.4600000000000000e+003	  5.5717855629256867e+000	 -5.4178744360296804e+001	
  5.4900000000000000e+003	  5.5717855629256867e+000	 -5.4178744360296804e+001	
  5.5200000000000000e+003	  5.5717855629256867e+000	 -5.4178744360296804e+001	
  5.5500000000000000e+003	  5.5717855629256867e+000	 -5.4178744360296804e+001	
  5.5800000000000000e+003	  5.5717855629256867e+000	 -5.4178744360296804e+001	
  5.6100000000000000e+003	  5.5717855629256867e+000	 -5.4178744360296804e+001	
  5.6400000000000000e+003	  5.5717855629256867e+000	 -5.4178744360296804e+001	
  5.6700000000000000e+003	  5.5717855629256867e+000	 -5.4178744360296804e+001	
  5.7000000000000000e+003	  5.5717855629256867e+000	 -5.4178744360296804e+001	
  5.7300000000000000e+003	  5.5717855629256867e+000	 -5.4178744360296804e+001	
  5.7600000000000000e+003	  5.5717855629256867e+000	 -5.4178744360296804e+001	
  5.7900000000000000e+003	  5.5717855629256867e+000	 -5.4178744360296804e+001	
  5.8200000000000000e+003	  5.5717855629256867e+000	 -5.4178744360296804e+001	
  5.8500000000000000e+003	  5.5717855629256867e+000	 -5.4178744360296804e+001	
  5.8800000000000000e+003	  5.5717855629256867e+000	 -5.4178744360296804e+001	
  5.9100000000000000e+003	  5.5717855629256867e+000	 -5.4178744360296804e+001	
  5.9400000000000000e+003	  5.5717855629256867e+000	 -5.4178744360296804e+001	
  5.9700000000000000e+003	  5.5717855629256867e+000	 -5.4178744360296804e+001	
  6.0000000000000000e+003	  5.5717855629256867e+000	 -5.4178744360296804e+001	
  6.0300000000000000e+003	  5.5717855629256867e+000	 -5.4178744360296804e+001	
  6.0600000000000000e+003	  5.5717855629256867e+000	 -5.4178744360296804e+001	
  6.0900000000000000e+003	  5.5717855629256867e+000	 -5.4178744360296804e+001	
  6.1200000000000000e+003	  5.5717855629256867e+000	 -5.4178744360296804e+001	
  6.1500000000000000e+003	  5.5717855629256867e+000	 -5.4178744360296804e+001	
  6.1800000000000000e+003	  5.5717855629256867e+000	 -5.4178744360296804e+001	
  6.2100000000000000e+003	  5.5717855629256867e+000	 -5.4178744360296804e+001	
  6.2400000000000000e+003	  5.5717855629256867e+000	 -5.4178744360296804e+001	
  6.2700000000000000e+003	  5.5717855629256867e+000	 -5.4178744360296804e+001	
  6.3000000000000000e+003	  5.5717855629256867e+000	 -5.4178744360296804e+001	
  6.3300000000000000e+003	  5.5717855629256867e+000	 -5.4178744360296804e+001	
  6.3600000000000000e+003	  5.5717855629256867e+000	 -5.4178744360296804e+001	
  6.3900000000000000e+003	  5.5717855629256867e+000	 -5.4178744360296804e+001	
  6.4200000000000000e+003	  5.5717855629256867e+000	 -5.4178744360296804e+001	
  6.4500000000000000e+003	  5.5717855629256867e+000	 -5.4178744360296804e+001	
  6.4800000000000000e+003	  5.5717855629256867e+000	 -5.4178744360296804e+001	
  6.5100000000000000e+003	  5.5717855629256867e+000	 -5.4178744360296804e+001	
  6.5400000000000000e+003	  5.5717855629256867e+000	 -5.4178744360296804e+001	
  6.5700000000000000e+003	  5.5717855629256867e+000	 -5.4178744360296804e+001	
  6.6000000000000000e+003	  5.5717855629256867e+000	 -5.4178744360296804e+001	
  6.6300000000000000e+003	  5.5717855629256867e+000	 -5.4178744360296804e+001	
  6.6600000000000000e+003	  5.5717855629256867e+000	 -5.4178744360296804e+001	
  6.6900000000000000e+003	  5.5717855629256867e+000	 -5.4178744360296804e+001	
  6.7200000000000000e+003	  5.5717855629256867e+000	 -5.4178744360296804e+001	
  6.7500000000000000e+003	  5.5717855629256867e+000	 -5.4178744360296804e+001	
  6.7800000000000000e+003	  5.5717855629256867e+000	 -5.4178744360296804e+001	
  6.8100000000000000e+003	  5.5717855629256867e+000	 -5.4178744360296804e+001	
  6.8400000000000000e+003	  5.5717855629256867e+000	 -5.4178744360296804e+001	
  6.8700000000000000e+003	  5.5717855629256867e+000	 -5.4178744360296804e+001	
  6.9000000000000000e+003	  5.5717855629256867e+000	 -5.4178744360296804e+001	
  6.9300000000000000e+003	  5.5717855629256867e+000	 -5.4178744360296804e+001	
  6.9600000000000000e+003	  5.5717855629256867e+000	 -5.4178744360296804e+001	
  6.9900000000000000e+003	  5.5717855629256867e+000	 -5.4178744360296804e+001	
  7.0200000000000000e+003	  5.5717855629256867e+000	 -5.4178744360296804e+001	
  7.0500000000000000e+003	  5.5717855629256867e+000	 -5.4178744360296804e+001	
  7.0800000000000000e+003	  5.5717855629256867e+000	 -5.4178744360296804e+001	
  7.1100000000000000e+003	  5.5717855629256867e+000	 -5.4178744360296804e+001	
  7.1400000000000000e+003	  5.5717855629256867e+000	 -5.4178744360296804e+001	
  7.1700000000000000e+003	  5.5717855629256867e+000	 -5.4178744360296804e+001	
  7.2000000000000000e+003	  5.5717855629256867e+000	 -5.4178744360296804e+001	
  7.2300000000000000e+003	  5.5717855629256867e+000	 -5.4178744360296804e+001	
  7.2600000000000000e+003	  5.5717855629256867e+000	 -5.4178744360296804e+001	
  7.2900000000000000e+003	  5.5717855629256867e+000	 -5.4178744360296804e+001	
  7.3200000000000000e+003	  5.5717855629256867e+000	 -5.4178744360296804e+001	
  7.3500000000000000e+003	  5.5717855629256867e+000	 -5.4178744360296804e+001	
  7.3800000000000000e+003	  5.5717855629256867e+000	 -5.4178744360296804e+001	
  7.4100000000000000e+003	  5.5717855629256867e+000	 -5.4178744360296804e+001	
  7.4400000000000000e+003	  5.5717855629256867e+000	 -5.4178744360296804e+001	
  7.4700000000000000e+003	  5.5717855629256867e+000	 -5.4178744360296804e+001	
  7.5000000000000000e+003	  5.5717855629256867e+000	 -5.4178744360296804e+001	
  7.5300000000000000e+003	  5.5717855629256867e+000	 -5.4178744360296804e+001	
  7.5600000000000000e+003	  5.5717855629256867e+000	 -5.4178744360296804e+001	
  7.5900000000000000e+003	  5.5717855629256867e+000	 -5.4178744360296804e+001	
  7.6200000000000000e+003	  5.5717855629256867e+000	 -5.4178744360296804e+001	
  7.6500000000000000e+003	  5.5717855629256867e+000	 -5.4178744360296804e+001	
  7.6800000000000000e+003	  5.5717855629256867e+000	 -5.4178744360296804e+001	
  7.7100000000000000e+003	  5.5717855629256867e+000	 -5.4178744360296804e+001	
  7.7400000000000000e+003	  5.5717855629256867e+000	 -5.4178744360296804e+001	
  7.7700000000000000e+003	  5.5717855629256867e+000	 -5.4178744360296804e+001	
  7.8000000000000000e+003	  5.5717855629256867e+000	 -5.4178744360296804e+001	
  7.8300000000000000e+003	  5.5717855629256867e+000	 -5.4178744360296804e+001	
  7.8600000000000000e+003	  5.5717855629256867e+000	 -5.4178744360296804e+001	
  7.8900000000000000e+003	  5.5717855629256867e+000	 -5.4178744360296804e+001	
  7.9200000000000000e+003	  5.5717855629256867e+000	 -5.4178744360296804e+001	
  7.9500000000000000e+003	  5.5717855629256867e+000	 -5.4178744360296804e+001	
  7.9800000000000000e+003	  5.5717855629256867e+000	 -5.4178744360296804e+001	
  8.0100000000000000e+003	  5.5717855629256867e+000	 -5.4178744360296804e+001	
  8.0400000000000000e+003	  5.5717855629256867e+000	 -5.4178744360296804e+001	
  8.0700000000000000e+003	  5.5717855629256867e+000	 -5.4178744360296804e+001	
  8.1000000000000000e+003	  5.5717855629256867e+000	 -5.4178744360296804e+001	
  8.1300000000000000e+003	  5.5717855629256867e+000	 -5.4178744360296804e+001	
  8.1600000000000000e+003	  5.5717855629256867e+000	 -5.4178744360296804e+001	
  8.1900000000000000e+003	  5.5717855629256867e+000	 -5.4178744360296804e+001	
  8.2200000000000000e+003	  5.5717855629256867e+000	 -5.4178744360296804e+001	
  8.2500000000000000e+003	  5.5717855629256867e+000	 -5.4178744360296804e+001	
  8.2800000000000000e+003	  5.5717855629256867e+000	 -5.4178744360296804e+001	
  8.3100000000000000e+003	  5.5717855629256867e+000	 -5.4178744360296804e+001	
  8.3400000000000000e+003	  5.5717855629256867e+000	 -5.4178744360296804e+001	
  8.3700000000000000e+003	  5.5717855629256867e+000	 -5.4178744360296804e+001	
  8.4000000000000000e+003	  5.5717855629256867e+000	 -5.4178744360296804e+001	
  8.4300000000000000e+003	  5.5717855629256867e+000	 -5.4178744360296804e+001	
  8.4600000000000000e+003	  5.5717855629256867e+000	 -5.4178744360296804e+001	
  8.4900000000000000e+003	  5.5717855629256867e+000	 -5.4178744360296804e+001	
  8.5200000000000000e+003	  5.5717855629256867e+000	 -5.4178744360296804e+001	
  8.5500000000000000e+003	  5.5717855629256867e+000	 -5.4178744360296804e+001	
  8.5800000000000000e+003	  5.5717855629256867e+000	 -5.4178744360296804e+001	
  8.6100000000000000e+003	  5.5717855629256867e+000	 -5.4178744360296804e+001	
  8.6400000000000000e+003	  5.5717855629256867e+000	 -5.4178744360296804e+001	
  8.6700000000000000e+003	  5.5717855629256867e+000	 -5.4178744360296804e+001	
  8.7000000000000000e+003	  5.5717855629256867e+000	 -5.4178744360296804e+001	
  8.7300000000000000e+003	  5.5717855629256867e+000	 -5.4178744360296804e+001	
  8.7600000000000000e+003	  5.5717855629256867e+000	 -5.4178744360296804e+001	
  8.7900000000000000e+003	  5.5717855629256867e+000	 -5.4178744360296804e+001	
  8.8200000000000000e+003	  5.5717855629256867e+000	 -5.4178744360296804e+001	
  8.8500000000000000e+003	  5.5717855629256867e+000	 -5.4178744360296804e+001	
  8.8800000000000000e+003	  5.5717855629256867e+000	 -5.4178744360296804e+001	
  8.9100000000000000e+003	  5.5717855629256867e+000	 -5.4178744360296804e+001	
  8.9400000000000000e+003	  5.5717855629256867e+000	 -5.4178744360296804e+001	
  8.9700000000000000e+003	  5.5717855629256867e+000	 -5.4178744360296804e+001	
  9.0000000000000000e+003	  5.5717855629256867e+000	 -5.4178744360296804e+001	
  9.0300000000000000e+003	  5.5717855629256867e+000	 -5.4178744360296804e+001	
  9.0600000000000000e+003	  5.5717855629256867e+000	 -5.4178744360296804e+001	
  9.0900000000000000e+003	  5.5717855629256867e+000	 -5.4178744360296804e+001	
  9.1200000000000000e+003	  5.5717855629256867e+000	 -5.4178744360296804e+001	
  9.1500000000000000e+003	  5.5717855629256867e+000	 -5.4178744360296804e+001	
  9.1800000000000000e+003	  5.5717855629256867e+000	 -5.4178744360296804e+001	
  9.2100000000000000e+003	  5.5717855629256867e+000	 -5.4178744360296804e+001	
  9.2400000000000000e+003	  5.5717855629256867e+000	 -5.4178744360296804e+001	
  9.2700000000000000e+003	  5.5717855629256867e+000	 -5.4178744360296804e+001	
  9.3000000000000000e+003	  5.5717855629256867e+000	 -5.4178744360296804e+001	
  9.3300000000000000e+003	  5.5717855629256867e+000	 -5.4178744360296804e+001	
  9.3600000000000000e+003	  5.5717855629256867e+000	 -5.4178744360296804e+001	
  9.3900000000000000e+003	  5.5717855629256867e+000	 -5.4178744360296804e+001	
  9.4200000000000000e+003	  5.5717855629256867e+000	 -5.4178744360296804e+001	
  9.4500000000000000e+003	  5.5717855629256867e+000	 -5.4178744360296804e+001	
  9.4800000000000000e+003	  5.5717855629256867e+000	 -5.4178744360296804e+001	
  9.5100000000000000e+003	  5.5717855629256867e+000	 -5.4178744360296804e+001	
  9.5400000000000000e+003	  5.5717855629256867e+000	 -5.4178744360296804e+001	
  9.5700000000000000e+003	  5.5717855629256867e+000	 -5.4178744360296804e+001	
  9.6000000000000000e+003	  5.5717855629256867e+000	 -5.4178744360296804e+001	
  9.6300000000000000e+003	  5.5717855629256867e+000	 -5.4178744360296804e+001	
  9.6600000000000000e+003	  5.5717855629256867e+000	 -5.4178744360296804e+001	
  9.6900000000000000e+003	  5.5717855629256867e+000	 -5.4178744360296804e+001	
  9.7200000000000000e+003	  5.5717855629256867e+000	 -5.4178744360296804e+001	
  9.7500000000000000e+003	  5.5717855629256867e+000	 -5.4178744360296804e+001	
  9.7800000000000000e+003	  5.5717855629256867e+000	 -5.4178744360296804e+001	
  9.8100000000000000e+003	  5.5717855629256867e+000	 -5.4178744360296804e+001	
  9.8400000000000000e+003	  5.5717855629256867e+000	 -5.4178744360296804e+001	
  9.8700000000000000e+003	  5.5717855629256867e+000	 -5.4178744360296804e+001	
  9.9000000000000000e+003	  5.5717855629256867e+000	 -5.4178744360296804e+001	
  9.9300000000000000e+003	  5.5717855629256867e+000	 -5.4178744360296804e+001	
  9.9600000000000000e+003	  5.5717855629256867e+000	 -5.4178744360296804e+001	
  9.9900000000000000e+003	  5.5717855629256867e+000	 -5.4178744360296804e+001	
  1.0020000000000000e+004	  5.5717855629256867e+000	 -5.4178744360296804e+001	
  1.0050000000000000e+004	  5.5717855629256867e+000	 -5.4178744360296804e+001	
  1.0080000000000000e+004	  5.5717855629256867e+000	 -5.4178744360296804e+001	
  1.0110000000000000e+004	  5.5717855629256867e+000	 -5.4178744360296804e+001	
  1.0140000000000000e+004	  5.5717855629256867e+000	 -5.4178744360296804e+001	
  1.0170000000000000e+004	  5.5717855629256867e+000	 -5.4178744360296804e+001	
  1.0200000000000000e+004	  5.5717855629256867e+000	 -5.4178744360296804e+001	
  1.0230000000000000e+004	  5.5717855629256867e+000	 -5.4178744360296804e+001	
  1.0260000000000000e+004	  5.5717855629256867e+000	 -5.4178744360296804e+001	
  1.0290000000000000e+004	  5.5717855629256867e+000	 -5.4178744360296804e+001	
  1.0320000000000000e+004	  5.5717855629256867e+000	 -5.4178744360296804e+001	
  1.0350000000000000e+004	  5.5717855629256867e+000	 -5.4178744360296804e+001	
  1.0380000000000000e+004	  5.5717855629256867e+000	 -5.4178744360296804e+001	
  1.0410000000000000e+004	  5.5717855629256867e+000	 -5.4178744360296804e+001	
  1.0440000000000000e+004	  5.5717855629256867e+000	 -5.4178744360296804e+001	
  1.0470000000000000e+004	  5.5717855629256867e+000	 -5.4178744360296804e+001	
  1.0500000000000000e+004	  5.5717855629256867e+000	 -5.4178744360296804e+001	
  1.0530000000000000e+004	  5.5717855629256867e+000	 -5.4178744360296804e+001	
  1.0560000000000000e+004	  5.5717855629256867e+000	 -5.4178744360296804e+001	
  1.0590000000000000e+004	  5.5717855629256867e+000	 -5.4178744360296804e+001	
  1.0620000000000000e+004	  5.5717855629256867e+000	 -5.4178744360296804e+001	
  1.0650000000000000e+004	  5.5717855629256867e+000	 -5.4178744360296804e+001	
  1.0680000000000000e+004	  5.5717855629256867e+000	 -5.4178744360296804e+001	
  1.0710000000000000e+004	  5.5717855629256867e+000	 -5.4178744360296804e+001	
  1.0740000000000000e+004	  5.5717855629256867e+000	 -5.4178744360296804e+001	
  1.0770000000000000e+004	  5.5717855629256867e+000	 -5.4178744360296804e+001	
  1.0800000000000000e+004	  5.5717855629256867e+000	 -5.4178744360296804e+001	
  1.0830000000000000e+004	  5.5717855629256867e+000	 -5.4178744360296804e+001	
  1.0860000000000000e+004	  5.5717855629256867e+000	 -5.4178744360296804e+001	
  1.0890000000000000e+004	  5.5717855629256867e+000	 -5.4178744360296804e+001	
  1.0920000000000000e+004	  5.5717855629256867e+000	 -5.4178744360296804e+001	
  1.0950000000000000e+004	  5.5717855629256867e+000	 -5.4178744360296804e+001	
  1.0980000000000000e+004	  5.5717855629256867e+000	 -5.4178744360296804e+001	
  1.1010000000000000e+004	  5.5717855629256867e+000	 -5.4178744360296804e+001	
  1.1040000000000000e+004	  5.5717855629256867e+000	 -5.4178744360296804e+001	
  1.1070000000000000e+004	  5.5717855629256867e+000	 -5.4178744360296804e+001	
  1.1100000000000000e+004	  5.5717855629256867e+000	 -5.4178744360296804e+001	
  1.1130000000000000e+004	  5.5717855629256867e+000	 -5.4178744360296804e+001	
  1.1160000000000000e+004	  5.5717855629256867e+000	 -5.4178744360296804e+001	
  1.1190000000000000e+004	  5.5717855629256867e+000	 -5.4178744360296804e+001	
  1.1220000000000000e+004	  5.5717855629256867e+000	 -5.4178744360296804e+001	
  1.1250000000000000e+004	  5.5717855629256867e+000	 -5.4178744360296804e+001	
  1.1280000000000000e+004	  5.5717855629256867e+000	 -5.4178744360296804e+001	
  1.1310000000000000e+004	  5.5717855629256867e+000	 -5.4178744360296804e+001	
  1.1340000000000000e+004	  5.5717855629256867e+000	 -5.4178744360296804e+001	
  1.1370000000000000e+004	  5.5717855629256867e+000	 -5.4178744360296804e+001	
  1.1400000000000000e+004	  5.5717855629256867e+000	 -5.4178744360296804e+001	
  1.1430000000000000e+004	  5.5717855629256867e+000	 -5.4178744360296804e+001	
  1.1460000000000000e+004	  5.5717855629256867e+000	 -5.4178744360296804e+001	
  1.1490000000000000e+004	  5.5717855629256867e+000	 -5.4178744360296804e+001	
  1.1520000000000000e+004	  5.5717855629256867e+000	 -5.4178744360296804e+001	
  1.1550000000000000e+004	  5.5717855629256867e+000	 -5.4178744360296804e+001	
  1.1580000000000000e+004	  5.5717855629256867e+000	 -5.4178744360296804e+001	
  1.1610000000000000e+004	  5.5717855629256867e+000	 -5.4178744360296804e+001	
  1.1640000000000000e+004	  5.5717855629256867e+000	 -5.4178744360296804e+001	
  1.1670000000000000e+004	  5.5717855629256867e+000	 -5.4178744360296804e+001	
  1.1700000000000000e+004	  5.5717855629256867e+000	 -5.4178744360296804e+001	
  1.1730000000000000e+004	  5.5717855629256867e+000	 -5.4178744360296804e+001	
  1.1760000000000000e+004	  5.5717855629256867e+000	 -5.4178744360296804e+001	
  1.1790000000000000e+004	  5.5717855629256867e+000	 -5.4178744360296804e+001	
  1.1820000000000000e+004	  5.5717855629256867e+000	 -5.4178744360296804e+001	
  1.1850000000000000e+004	  5.5717855629256867e+000	 -5.4178744360296804e+001	
  1.1880000000000000e+004	  5.5717855629256867e+000	 -5.4178744360296804e+001	
  1.1910000000000000e+004	  5.5717855629256867e+000	 -5.4178744360296804e+001	
  1.1940000000000000e+004	  5.5717855629256867e+000	 -5.4178744360296804e+001	
  1.1970000000000000e+004	  5.5717855629256867e+000	 -5.4178744360296804e+001	
  1.2000000000000000e+004	  5.5717855629256867e+000	 -5.4178744360296804e+001	
  1.2030000000000000e+004	  5.5717855629256867e+000	 -5.4178744360296804e+001	
  1.2060000000000000e+004	  5.5717855629256867e+000	 -5.4178744360296804e+001	
  1.2090000000000000e+004	  5.5717855629256867e+000	 -5.4178744360296804e+001	
  1.2120000000000000e+004	  5.5717855629256867e+000	 -5.4178744360296804e+001	
  1.2150000000000000e+004	  5.5717855629256867e+000	 -5.4178744360296804e+001	
  1.2180000000000000e+004	  5.5717855629256867e+000	 -5.4178744360296804e+001	
  1.2210000000000000e+004	  5.5717855629256867e+000	 -5.4178744360296804e+001	
  1.2240000000000000e+004	  5.5717855629256867e+000	 -5.4178744360296804e+001	
  1.2270000000000000e+004	  5.5717855629256867e+000	 -5.4178744360296804e+001	
  1.2300000000000000e+004	  5.5717855629256867e+000	 -5.4178744360296804e+001	
  1.2330000000000000e+004	  5.5717855629256867e+000	 -5.4178744360296804e+001	
  1.2360000000000000e+004	  5.5717855629256867e+000	 -5.4178744360296804e+001	
  1.2390000000000000e+004	  5.5717855629256867e+000	 -5.4178744360296804e+001	
  1.2420000000000000e+004	  5.5717855629256867e+000	 -5.4178744360296804e+001	
  1.2450000000000000e+004	  5.5717855629256867e+000	 -5.4178744360296804e+001	
  1.2480000000000000e+004	  5.5717855629256867e+000	 -5.4178744360296804e+001	
  1.2510000000000000e+004	  5.5717855629256867e+000	 -5.4178744360296804e+001	
  1.2540000000000000e+004	  5.5717855629256867e+000	 -5.4178744360296804e+001	
  1.2570000000000000e+004	  5.5717855629256867e+000	 -5.4178744360296804e+001	
  1.2600000000000000e+004	  5.5717855629256867e+000	 -5.4178744360296804e+001	
  1.2630000000000000e+004	  5.5717855629256867e+000	 -5.4178744360296804e+001	
  1.2660000000000000e+004	  5.5717855629256867e+000	 -5.4178744360296804e+001	
  1.2690000000000000e+004	  5.5717855629256867e+000	 -5.4178744360296804e+001	
  1.2720000000000000e+004	  5.5717855629256867e+000	 -5.4178744360296804e+001	
  1.2750000000000000e+004	  5.5717855629256867e+000	 -5.4178744360296804e+001	
  1.2780000000000000e+004	  5.5717855629256867e+000	 -5.4178744360296804e+001	
  1.2810000000000000e+004	  5.5717855629256867e+000	 -5.4178744360296804e+001	
  1.2840000000000000e+004	  5.5717855629256867e+000	 -5.4178744360296804e+001	
  1.2870000000000000e+004	  5.5717855629256867e+000	 -5.4178744360296804e+001	
  1.2900000000000000e+004	  5.5717855629256867e+000	 -5.4178744360296804e+001	
  1.2930000000000000e+004	  5.5717855629256867e+000	 -5.4178744360296804e+001	
  1.2960000000000000e+004	  5.5717855629256867e+000	 -5.4178744360296804e+001	
  1.2990000000000000e+004	  5.5717855629256867e+000	 -5.4178744360296804e+001	
  1.3020000000000000e+004	  5.5717855629256867e+000	 -5.4178744360296804e+001	
  1.3050000000000000e+004	  5.5717855629256867e+000	 -5.4178744360296804e+001	
  1.3080000000000000e+004	  5.5717855629256867e+000	 -5.4178744360296804e+001	
  1.3110000000000000e+004	  5.5717855629256867e+000	 -5.4178744360296804e+001	
  1.3140000000000000e+004	  5.5717855629256867e+000	 -5.4178744360296804e+001	
  1.3170000000000000e+004	  5.5717855629256867e+000	 -5.4178744360296804e+001	
  1.3200000000000000e+004	  5.5717855629256867e+000	 -5.4178744360296804e+001	
  1.3230000000000000e+004	  5.5717855629256867e+000	 -5.4178744360296804e+001	
  1.3260000000000000e+004	  5.5717855629256867e+000	 -5.4178744360296804e+001	
  1.3290000000000000e+004	  5.5717855629256867e+000	 -5.4178744360296804e+001	
  1.3320000000000000e+004	  5.5717855629256867e+000	 -5.4178744360296804e+001	
  1.3350000000000000e+004	  5.5717855629256867e+000	 -5.4178744360296804e+001	
  1.3380000000000000e+004	  5.5717855629256867e+000	 -5.4178744360296804e+001	
  1.3410000000000000e+004	  5.5717855629256867e+000	 -5.4178744360296804e+001	
  1.3440000000000000e+004	  5.5717855629256867e+000	 -5.4178744360296804e+001	
  1.3470000000000000e+004	  5.5717855629256867e+000	 -5.4178744360296804e+001	
  1.3500000000000000e+004	  5.5717855629256867e+000	 -5.4178744360296804e+001	
  1.3530000000000000e+004	  5.5717855629256867e+000	 -5.4178744360296804e+001	
  1.3560000000000000e+004	  5.5717855629256867e+000	 -5.4178744360296804e+001	
  1.3590000000000000e+004	  5.5717855629256867e+000	 -5.4178744360296804e+001	
  1.3620000000000000e+004	  5.5717855629256867e+000	 -5.4178744360296804e+001	
  1.3650000000000000e+004	  5.5717855629256867e+000	 -5.4178744360296804e+001	
  1.3680000000000000e+004	  5.5717855629256867e+000	 -5.4178744360296804e+001	
  1.3710000000000000e+004	  5.5717855629256867e+000	 -5.4178744360296804e+001	
  1.3740000000000000e+004	  5.5717855629256867e+000	 -5.4178744360296804e+001	
  1.3770000000000000e+004	  5.5717855629256867e+000	 -5.4178744360296804e+001	
  1.3800000000000000e+004	  5.5717855629256867e+000	 -5.4178744360296804e+001	
  1.3830000000000000e+004	  5.5717855629256867e+000	 -5.4178744360296804e+001	
  1.3860000000000000e+004	  5.5717855629256867e+000	 -5.4178744360296804e+001	
  1.3890000000000000e+004	  5.5717855629256867e+000	 -5.4178744360296804e+001	
  1.3920000000000000e+004	  5.5717855629256867e+000	 -5.4178744360296804e+001	
  1.3950000000000000e+004	  5.5717855629256867e+000	 -5.4178744360296804e+001	
  1.3980000000000000e+004	  5.5717855629256867e+000	 -5.4178744360296804e+001	
  1.4010000000000000e+004	  5.5717855629256867e+000	 -5.4178744360296804e+001	
  1.4040000000000000e+004	  5.5717855629256867e+000	 -5.4178744360296804e+001	
  1.4070000000000000e+004	  5.5717855629256867e+000	 -5.4178744360296804e+001	
  1.4100000000000000e+004	  5.5717855629256867e+000	 -5.4178744360296804e+001	
  1.4130000000000000e+004	  5.5717855629256867e+000	 -5.4178744360296804e+001	
  1.4160000000000000e+004	  5.5717855629256867e+000	 -5.4178744360296804e+001	
  1.4190000000000000e+004	  5.5717855629256867e+000	 -5.4178744360296804e+001	
  1.4220000000000000e+004	  5.5717855629256867e+000	 -5.4178744360296804e+001	
  1.4250000000000000e+004	  5.5717855629256867e+000	 -5.4178744360296804e+001	
  1.4280000000000000e+004	  5.5717855629256867e+000	 -5.4178744360296804e+001	
  1.4310000000000000e+004	  5.5717855629256867e+000	 -5.4178744360296804e+001	
  1.4340000000000000e+004	  5.5717855629256867e+000	 -5.4178744360296804e+001	
  1.4370000000000000e+004	  5.5717855629256867e+000	 -5.4178744360296804e+001	
  1.4400000000000000e+004	  5.5717855629256867e+000	 -5.4178744360296804e+001	
  1.4430000000000000e+004	  5.5717855629256867e+000	 -5.4178744360296804e+001	
  1.4460000000000000e+004	  5.5717855629256867e+000	 -5.4178744360296804e+001	
  1.4490000000000000e+004	  5.5717855629256867e+000	 -5.4178744360296804e+001	
  1.4520000000000000e+004	  5.5717855629256867e+000	 -5.4178744360296804e+001	
  1.4550000000000000e+004	  5.5717855629256867e+000	 -5.4178744360296804e+001	
  1.4580000000000000e+004	  5.5717855629256867e+000	 -5.4178744360296804e+001	
  1.4610000000000000e+004	  5.5717855629256867e+000	 -5.4178744360296804e+001	
  1.4640000000000000e+004	  5.5717855629256867e+000	 -5.4178744360296804e+001	
  1.4670000000000000e+004	  5.5717855629256867e+000	 -5.4178744360296804e+001	
  1.4700000000000000e+004	  5.5717855629256867e+000	 -5.4178744360296804e+001	
  1.4730000000000000e+004	  5.5717855629256867e+000	 -5.4178744360296804e+001	
  1.4760000000000000e+004	  5.5717855629256867e+000	 -5.4178744360296804e+001	
  1.4790000000000000e+004	  5.5717855629256867e+000	 -5.4178744360296804e+001	
  1.4820000000000000e+004	  5.5717855629256867e+000	 -5.4178744360296804e+001	
  1.4850000000000000e+004	  5.5717855629256867e+000	 -5.4178744360296804e+001	
  1.4880000000000000e+004	  5.5717855629256867e+000	 -5.4178744360296804e+001	
  1.4910000000000000e+004	  5.5717855629256867e+000	 -5.4178744360296804e+001	
  1.4940000000000000e+004	  5.5717855629256867e+000	 -5.4178744360296804e+001	
  1.4970000000000000e+004	  5.5717855629256867e+000	 -5.4178744360296804e+001	
  1.5000000000000000e+004	  5.5717855629256867e+000	 -5.4178744360296804e+001	
  1.5030000000000000e+004	  5.5717855629256867e+000	 -5.4178744360296804e+001	
  1.5060000000000000e+004	  5.5717855629256867e+000	 -5.4178744360296804e+001	
  1.5090000000000000e+004	  5.5717855629256867e+000	 -5.4178744360296804e+001	
  1.5120000000000000e+004	  5.5717855629256867e+000	 -5.4178744360296804e+001	
  1.5150000000000000e+004	  5.5717855629256867e+000	 -5.4178744360296804e+001	
  1.5180000000000000e+004	  5.5717855629256867e+000	 -5.4178744360296804e+001	
  1.5210000000000000e+004	  5.5717855629256867e+000	 -5.4178744360296804e+001	
  1.5240000000000000e+004	  5.5717855629256867e+000	 -5.4178744360296804e+001	
  1.5270000000000000e+004	  5.5717855629256867e+000	 -5.4178744360296804e+001	
  1.5300000000000000e+004	  5.5717855629256867e+000	 -5.4178744360296804e+001	
  1.5330000000000000e+004	  5.5717855629256867e+000	 -5.4178744360296804e+001	
  1.5360000000000000e+004	  5.5717855629256867e+000	 -5.4178744360296804e+001	
  1.5390000000000000e+004	  5.5717855629256867e+000	 -5.4178744360296804e+001	
  1.5420000000000000e+004	  5.5717855629256867e+000	 -5.4178744360296804e+001	
  1.5450000000000000e+004	  5.5717855629256867e+000	 -5.4178744360296804e+001	
  1.5480000000000000e+004	  5.5717855629256867e+000	 -5.4178744360296804e+001	
  1.5510000000000000e+004	  5.5717855629256867e+000	 -5.4178744360296804e+001	
  1.5540000000000000e+004	  5.5717855629256867e+000	 -5.4178744360296804e+001	
  1.5570000000000000e+004	  5.5717855629256867e+000	 -5.4178744360296804e+001	
  1.5600000000000000e+004	  5.5717855629256867e+000	 -5.4178744360296804e+001	
  1.5630000000000000e+004	  5.5717855629256867e+000	 -5.4178744360296804e+001	
  1.5660000000000000e+004	  5.5717855629256867e+000	 -5.4178744360296804e+001	
  1.5690000000000000e+004	  5.5717855629256867e+000	 -5.4178744360296804e+001	
  1.5720000000000000e+004	  5.5717855629256867e+000	 -5.4178744360296804e+001	
  1.5750000000000000e+004	  5.5717855629256867e+000	 -5.4178744360296804e+001	
  1.5780000000000000e+004	  5.5717855629256867e+000	 -5.4178744360296804e+001	
  1.5810000000000000e+004	  5.5717855629256867e+000	 -5.4178744360296804e+001	
  1.5840000000000000e+004	  5.5717855629256867e+000	 -5.4178744360296804e+001	
  1.5870000000000000e+004	  5.5717855629256867e+000	 -5.4178744360296804e+001	
  1.5900000000000000e+004	  5.5717855629256867e+000	 -5.4178744360296804e+001	
  1.5930000000000000e+004	  5.5717855629256867e+000	 -5.4178744360296804e+001	
  1.5960000000000000e+004	  5.5717855629256867e+000	 -5.4178744360296804e+001	
  1.5990000000000000e+004	  5.5717855629256867e+000	 -5.4178744360296804e+001	
  1.6020000000000000e+004	  5.5717855629256867e+000	 -5.4178744360296804e+001	
  1.6050000000000000e+004	  5.5717855629256867e+000	 -5.4178744360296804e+001	
  1.6080000000000000e+004	  5.5717855629256867e+000	 -5.4178744360296804e+001	
  1.6110000000000000e+004	  9.2367976524709103e+000	 -3.3786036104241752e+001	
  1.6140000000000000e+004	  1.6347682052611368e+001	  5.7800519390288185e+000	
  1.6170000000000000e+004	  2.3458566452751828e+001	  4.5346139982299398e+001	
  1.6200000000000000e+004	  3.0569450852892285e+001	  8.4912228025569974e+001	
  1.6230000000000000e+004	  3.7680335253032744e+001	  1.2447831606884054e+002	
  1.6260000000000000e+004	  4.4791219653173201e+001	  1.6404440411211112e+002	
  1.6290000000000000e+004	  5.1902104053313657e+001	  2.0361049215538171e+002	
  1.6320000000000000e+004	  5.9012988453454128e+001	  2.4317658019865226e+002	
  1.6350000000000000e+004	  6.6123872853594577e+001	  2.8274266824192284e+002	
  1.6380000000000000e+004	  7.3234757253735026e+001	  3.2230875628519340e+002	
  1.6410000000000000e+004	  8.0345641653875504e+001	  3.6187484432846401e+002	
  1.6440000000000000e+004	  8.7456526054015939e+001	  4.0144093237173456e+002	
  1.6470000000000000e+004	  9.4567410454156416e+001	  4.4100702041500512e+002	
  1.6500000000000000e+004	  1.0167829485429687e+002	  4.8057310845827573e+002	
  1.6530000000000000e+004	  1.0878917925443733e+002	  5.2013919650154628e+002	
  1.6560000000000000e+004	  1.1590006365457779e+002	  5.5970528454481689e+002	
  1.6590000000000000e+004	  1.2301094805471824e+002	  5.9927137258808750e+002	
  1.6620000000000000e+004	  1.3012183245485872e+002	  6.3883746063135800e+002	
  1.6650000000000000e+004	  1.3723271685499915e+002	  6.7840354867462861e+002	
  1.6680000000000000e+004	  1.4434360125513962e+002	  7.1796963671789922e+002	
  1.6710000000000000e+004	  1.5145448565528008e+002	  7.5753572476116972e+002	
  1.6740000000000000e+004	  1.5856537005542054e+002	  7.9710181280444033e+002	
  1.6770000000000000e+004	  1.6567625445556101e+002	  8.3666790084771083e+002	
  1.6800000000000000e+004	  1.7278713885570144e+002	  8.7623398889098155e+002	
  1.6830000000000000e+004	  1.7989802325584191e+002	  9.1580007693425193e+002	
  1.6860000000000000e+004	  1.8700890765598240e+002	  9.5536616497752254e+002	
  1.6890000000000000e+004	  1.9411979205612283e+002	  9.9493225302079327e+002	
  1.6920000000000000e+004	  2.0123067645626330e+002	  1.0344983410640637e+003	
  1.6950000000000000e+004	  2.0834156085640373e+002	  1.0740644291073343e+003	
  1.6980000000000000e+004	  2.1545244525654419e+002	  1.1136305171506049e+003	
  1.7010000000000000e+004	  2.2256332965668463e+002	  1.1531966051938755e+003	
  1.7040000000000000e+004	  2.2967421405682509e+002	  1.1927626932371459e+003	
  1.7070000000000000e+004	  2.3678509845696561e+002	  1.2323287812804167e+003	
  1.7100000000000000e+004	  2.4389598285710605e+002	  1.2718948693236873e+003	
  1.7130000000000000e+004	  2.5100686725724651e+002	  1.3114609573669577e+003	
  1.7160000000000000e+004	  2.5811775165738692e+002	  1.3510270454102285e+003	
  1.7190000000000000e+004	  2.6522863605752741e+002	  1.3905931334534989e+003	
  1.7220000000000000e+004	  2.7233952045766790e+002	  1.4301592214967695e+003	
  1.7250000000000000e+004	  2.7945040485780828e+002	  1.4697253095400401e+003	
  1.7280000000000000e+004	  2.8656128925794877e+002	  1.5092913975833108e+003	
  1.7310000000000000e+004	  2.9367217365808926e+002	  1.5488574856265811e+003	
  1.7340000000000000e+004	  3.0078305805822970e+002	  1.5884235736698517e+003	
  1.7370000000000000e+004	  2.8600463196731840e+002	  1.6274051539978805e+003	
  1.7400000000000000e+004	  2.4934899131216994e+002	  1.6530279654257122e+003	
  1.7430000000000000e+004	  2.4533955779260097e+002	  1.6811991424524701e+003	
  1.7460000000000000e+004	  2.5665172437782581e+002	  1.6709023095058255e+003	
  1.7490000000000000e+004	  2.5665172437782581e+002	  1.6709023095058255e+003	
  1.7520000000000000e+004	  2.5665172437782581e+002	  1.6709023095058255e+003	
  1.7550000000000000e+004	  2.5665172437782581e+002	  1.6709023095058255e+003	
  1.7580000000000000e+004	  2.5665172437782581e+002	  1.6709023095058255e+003	
  1.7610000000000000e+004	  2.5665172437782581e+002	  1.6709023095058255e+003	
  1.7640000000000000e+004	  2.5665172437782581e+002	  1.6709023095058258e+003	
  1.7670000000000000e+004	  2.5665172437782581e+002	  1.6709023095058253e+003	
  1.7700000000000000e+004	  2.5665172437782581e+002	  1.6709023095058255e+003	
  1.7730000000000000e+004	  2.5665172437782581e+002	  1.6709023095058255e+003	
  1.7760000000000000e+004	  3.2331072726422815e+002	  1.7501862762114599e+003	
  1.7790000000000000e+004	  2.7326467937351339e+002	  1.6420449893262091e+003	
  1.7820000000000000e+004	  2.6930995067179470e+002	  1.6883534066233137e+003	
  1.7850000000000000e+004	  2.6246574107804116e+002	  1.6664818738058227e+003	
  1.7880000000000000e+004	  2.6125026726285370e+002	  1.6506269908408340e+003	
  1.7910000000000000e+004	  2.6003479344766617e+002	  1.6347721078758452e+003	
  1.7940000000000000e+004	  2.5881931963247865e+002	  1.6189172249108565e+003	
  1.7970000000000000e+004	  2.9281790215519050e+002	  1.6988150753976806e+003	
  1.8000000000000000e+004	  2.3884982092763579e+002	  1.6607783170394991e+003	
  1.8030000000000000e+004	  2.3854322534958720e+002	  1.6658323231000406e+003	
  1.8060000000000000e+004	  2.4477507534819097e+002	  1.6817405485267261e+003	
  1.8090000000000000e+004	  2.5100692534679473e+002	  1.6976487739534118e+003	
  1.8120000000000000e+004	  2.5723877534539844e+002	  1.7135569993800973e+003	
  1.8150000000000000e+004	  2.8333316874782565e+002	  1.6833077208276040e+003	
  1.8180000000000000e+004	  2.7620290332990953e+002	  1.6750819723700627e+003	
  1.8210000000000000e+004	  2.6907263791199335e+002	  1.6668562239125213e+003	
  1.8240000000000000e+004	  2.6666181572064670e+002	  1.6689264306825251e+003	
  1.8270000000000000e+004	  2.6658655509693182e+002	  1.6619969438754911e+003	
  1.8300000000000000e+004	  2.6387705838071179e+002	  1.6465016049178062e+003	
  1.8330000000000000e+004	  2.7388135999118589e+002	  1.6643431649887257e+003	
  1.8360000000000000e+004	  2.8921087447797345e+002	  1.6662826498409620e+003	
  1.8390000000000000e+004	  2.8508857396535853e+002	  1.6636030879852769e+003	
  1.8420000000000000e+004	  3.0054132618914178e+002	  1.6891901211104766e+003	
  1.8450000000000000e+004	  2.5631701053949365e+002	  1.6348159242184490e+003	
  1.8480000000000000e+004	  2.4202042361188359e+002	  1.6680080657674062e+003	
  1.8510000000000000e+004	  2.3335001850395528e+002	  1.6799783637541202e+003	
  1.8540000000000000e+004	  2.3889320857182133e+002	  1.6637223566278290e+003	
  1.8570000000000000e+004	  2.3885933822450272e+002	  1.6637780153119577e+003	
  1.8600000000000000e+004	  2.3885933822450272e+002	  1.6637780153119577e+003	
  1.8630000000000000e+004	  2.3885933822450272e+002	  1.6637780153119577e+003	
  1.8660000000000000e+004	  2.4527183272084480e+002	  1.5989914667373446e+003	
  1.8690000000000000e+004	  2.4527183272084480e+002	  1.5989914667373446e+003	
  1.8720000000000000e+004	  2.4527183272084480e+002	  1.5989914667373446e+003	
  1.8750000000000000e+004	  2.4527183272084480e+002	  1.5989914667373446e+003	
  1.8780000000000000e+004	  2.4527183272084480e+002	  1.5989914667373446e+003	
  1.8810000000000000e+004	  2.4527183272084480e+002	  1.5989914667373446e+003	
  1.8840000000000000e+004	  2.4527183272084480e+002	  1.5989914667373446e+003	
  1.8870000000000000e+004	  2.4527183272084480e+002	  1.5989914667373446e+003	
  1.8900000000000000e+004	  2.4527183272084480e+002	  1.5989914667373446e+003	
  1.8930000000000000e+004	  2.4527183272084480e+002	  1.5989914667373446e+003	
  1.8960000000000000e+004	  2.4527183272084480e+002	  1.5989914667373446e+003	
  1.8990000000000000e+004	  2.4527183272084480e+002	  1.5989914667373446e+003	
  1.9020000000000000e+004	  2.4527183272084480e+002	  1.5989914667373446e+003	
  1.9050000000000000e+004	  2.4527183272084480e+002	  1.5989914667373446e+003	
  1.9080000000000000e+004	  2.4527183272084480e+002	  1.5989914667373446e+003	
  1.9110000000000000e+004	  2.4527183272084480e+002	  1.5989914667373446e+003	
  1.9140000000000000e+004	  2.4527183272084480e+002	  1.5989914667373446e+003	
  1.9170000000000000e+004	  2.4527183272084480e+002	  1.5989914667373446e+003	
  1.9200000000000000e+004	  2.4527183272084480e+002	  1.5989914667373446e+003	
  1.9230000000000000e+004	  2.4527183272084480e+002	  1.5989914667373446e+003	
  1.9260000000000000e+004	  2.4527183272084480e+002	  1.5989914667373446e+003	
  1.9290000000000000e+004	  2.4527183272084480e+002	  1.5989914667373446e+003	
  1.9320000000000000e+004	  2.4527183272084480e+002	  1.5989914667373446e+003	
  1.9350000000000000e+004	  2.4527183272084480e+002	  1.5989914667373446e+003	
  1.9380000000000000e+004	  2.4527183272084480e+002	  1.5989914667373446e+003	
  1.9410000000000000e+004	  2.4527183272084480e+002	  1.5989914667373446e+003	
  1.9440000000000000e+004	  2.4527183272084480e+002	  1.5989914667373446e+003	
  1.9470000000000000e+004	  2.4527183272084480e+002	  1.5989914667373446e+003	
  1.9500000000000000e+004	  2.4527183272084480e+002	  1.5989914667373446e+003	
  1.9530000000000000e+004	  2.4527183272084480e+002	  1.5989914667373446e+003	
  1.9560000000000000e+004	  2.4527183272084480e+002	  1.5989914667373446e+003	
  1.9590000000000000e+004	  2.4527183272084480e+002	  1.5989914667373446e+003	
  1.9620000000000000e+004	  2.4527183272084480e+002	  1.5989914667373446e+003	
  1.9650000000000000e+004	  2.4527183272084480e+002	  1.5989914667373446e+003	
  1.9680000000000000e+004	  2.4527183272084480e+002	  1.5989914667373446e+003	
  1.9710000000000000e+004	  2.4527183272084480e+002	  1.5989914667373446e+003	
  1.9740000000000000e+004	  2.4527183272084480e+002	  1.5989914667373446e+003	
  1.9770000000000000e+004	  2.4527183272084480e+002	  1.5989914667373446e+003	
  1.9800000000000000e+004	  2.4527183272084480e+002	  1.5989914667373446e+003	
  1.9830000000000000e+004	  2.4527183272084480e+002	  1.5989914667373446e+003	
  1.9860000000000000e+004	  2.4527183272084480e+002	  1.5989914667373446e+003	
  1.9890000000000000e+004	  2.4527183272084480e+002	  1.5989914667373446e+003	
  1.9920000000000000e+004	  2.4527183272084480e+002	  1.5989914667373446e+003	
  1.9950000000000000e+004	  2.4527183272084480e+002	  1.5989914667373446e+003	
  1.9980000000000000e+004	  2.4527183272084480e+002	  1.5989914667373446e+003	
  2.0010000000000000e+004	  2.4527183272084480e+002	  1.5989914667373446e+003	
  2.0040000000000000e+004	  2.4527183272084480e+002	  1.5989914667373446e+003	
  2.0070000000000000e+004	  2.4527183272084480e+002	  1.5989914667373446e+003	
  2.0100000000000000e+004	  2.4527183272084480e+002	  1.5989914667373446e+003	
  2.0130000000000000e+004	  2.4527183272084480e+002	  1.5989914667373446e+003	
  2.0160000000000000e+004	  2.4527183272084480e+002	  1.5989914667373446e+003	
  2.0190000000000000e+004	  2.4527183272084480e+002	  1.5989914667373446e+003	
  2.0220000000000000e+004	  2.4527183272084480e+002	  1.5989914667373446e+003	
  2.0250000000000000e+004	  2.4527183272084480e+002	  1.5989914667373446e+003	
  2.0280000000000000e+004	  2.4527183272084480e+002	  1.5989914667373446e+003	
  2.0310000000000000e+004	  2.4527183272084480e+002	  1.5989914667373446e+003	
  2.0340000000000000e+004	  2.4527183272084480e+002	  1.5989914667373446e+003	
  2.0370000000000000e+004	  2.4527183272084480e+002	  1.5989914667373446e+003	
  2.0400000000000000e+004	  2.4527183272084480e+002	  1.5989914667373446e+003	
  2.0430000000000000e+004	  2.4527183272084480e+002	  1.5989914667373446e+003	
  2.0460000000000000e+004	  2.4527183272084480e+002	  1.5989914667373446e+003	
  2.0490000000000000e+004	  2.4527183272084480e+002	  1.5989914667373446e+003	
  2.0520000000000000e+004	  2.4527183272084480e+002	  1.5989914667373446e+003	
  2.0550000000000000e+004	  2.4527183272084480e+002	  1.5989914667373446e+003	
  2.0580000000000000e+004	  2.4527183272084480e+002	  1.5989914667373446e+003	
  2.0610000000000000e+004	  2.4527183272084480e+002	  1.5989914667373446e+003	
  2.0640000000000000e+004	  2.4527183272084480e+002	  1.5989914667373446e+003	
  2.0670000000000000e+004	  2.4527183272084480e+002	  1.5989914667373446e+003	
  2.0700000000000000e+004	  2.4527183272084480e+002	  1.5989914667373446e+003	
  2.0730000000000000e+004	  2.4527183272084480e+002	  1.5989914667373446e+003	
  2.0760000000000000e+004	  2.4527183272084480e+002	  1.5989914667373446e+003	
  2.0790000000000000e+004	  2.4527183272084480e+002	  1.5989914667373446e+003	
  2.0820000000000000e+004	  2.4527183272084480e+002	  1.5989914667373446e+003	
  2.0850000000000000e+004	  2.4527183272084480e+002	  1.5989914667373446e+003	
  2.0880000000000000e+004	  2.4527183272084480e+002	  1.5989914667373446e+003	
  2.0910000000000000e+004	  2.4527183272084480e+002	  1.5989914667373446e+003	
  2.0940000000000000e+004	  2.4527183272084480e+002	  1.5989914667373446e+003	
  2.0970000000000000e+004	  2.4527183272084480e+002	  1.5989914667373446e+003	
  2.1000000000000000e+004	  2.4527183272084480e+002	  1.5989914667373446e+003	
  2.1030000000000000e+004	  2.4527183272084480e+002	  1.5989914667373446e+003	
  2.1060000000000000e+004	  2.4527183272084480e+002	  1.5989914667373446e+003	
  2.1090000000000000e+004	  2.4527183272084480e+002	  1.5989914667373446e+003	
  2.1120000000000000e+004	  2.4527183272084480e+002	  1.5989914667373446e+003	
  2.1150000000000000e+004	  2.4527183272084480e+002	  1.5989914667373446e+003	
  2.1180000000000000e+004	  2.4527183272084480e+002	  1.5989914667373446e+003	
  2.1210000000000000e+004	  2.4527183272084480e+002	  1.5989914667373446e+003	
  2.1240000000000000e+004	  2.4527183272084480e+002	  1.5989914667373446e+003	
  2.1270000000000000e+004	  2.4527183272084480e+002	  1.5989914667373446e+003	
  2.1300000000000000e+004	  2.4527183272084480e+002	  1.5989914667373446e+003	
  2.1330000000000000e+004	  2.4527183272084480e+002	  1.5989914667373446e+003	
  2.1360000000000000e+004	  2.4527183272084480e+002	  1.5989914667373446e+003	
  2.1390000000000000e+004	  2.4527183272084480e+002	  1.5989914667373446e+003	
  2.1420000000000000e+004	  2.4527183272084480e+002	  1.5989914667373446e+003	
  2.1450000000000000e+004	  2.4527183272084480e+002	  1.5989914667373446e+003	
  2.1480000000000000e+004	  2.4527183272084480e+002	  1.5989914667373446e+003	
  2.1510000000000000e+004	  2.4527183272084480e+002	  1.5989914667373446e+003	
  2.1540000000000000e+004	  2.4527183272084480e+002	  1.5989914667373446e+003	
  2.1570000000000000e+004	  2.4527183272084480e+002	  1.5989914667373446e+003	
  2.1600000000000000e+004	  2.4527183272084480e+002	  1.5989914667373446e+003	
  2.1630000000000000e+004	  2.4527183272084480e+002	  1.5989914667373446e+003	
  2.1660000000000000e+004	  2.4527183272084480e+002	  1.5989914667373446e+003	
  2.1690000000000000e+004	  2.4527183272084480e+002	  1.5989914667373446e+003	
  2.1720000000000000e+004	  2.4527183272084480e+002	  1.5989914667373446e+003	
  2.1750000000000000e+004	  2.4527183272084480e+002	  1.5989914667373446e+003	
  2.1780000000000000e+004	  2.4527183272084480e+002	  1.5989914667373446e+003	
  2.1810000000000000e+004	  2.4527183272084480e+002	  1.5989914667373446e+003	
  2.1840000000000000e+004	  2.4527183272084480e+002	  1.5989914667373446e+003	
  2.1870000000000000e+004	  2.4527183272084480e+002	  1.5989914667373446e+003	
  2.1900000000000000e+004	  2.4527183272084480e+002	  1.5989914667373446e+003	
  2.1930000000000000e+004	  2.4527183272084480e+002	  1.5989914667373446e+003	
  2.1960000000000000e+004	  2.4527183272084480e+002	  1.5989914667373446e+003	
  2.1990000000000000e+004	  2.4527183272084480e+002	  1.5989914667373446e+003	
  2.2020000000000000e+004	  2.4527183272084480e+002	  1.5989914667373446e+003	
  2.2050000000000000e+004	  2.4527183272084480e+002	  1.5989914667373446e+003	
  2.2080000000000000e+004	  2.4527183272084480e+002	  1.5989914667373446e+003	
  2.2110000000000000e+004	  2.4527183272084480e+002	  1.5989914667373446e+003	
  2.2140000000000000e+004	  2.4527183272084480e+002	  1.5989914667373446e+003	
  2.2170000000000000e+004	  2.4527183272084480e+002	  1.5989914667373446e+003	
  2.2200000000000000e+004	  2.4527183272084480e+002	  1.5989914667373446e+003	
  2.2230000000000000e+004	  2.4527183272084480e+002	  1.5989914667373446e+003	
  2.2260000000000000e+004	  2.4527183272084480e+002	  1.5989914667373446e+003	
  2.2290000000000000e+004	  2.4527183272084480e+002	  1.5989914667373446e+003	
  2.2320000000000000e+004	  2.4527183272084480e+002	  1.5989914667373446e+003	
  2.2350000000000000e+004	  2.4527183272084480e+002	  1.5989914667373446e+003	
  2.2380000000000000e+004	  2.4527183272084480e+002	  1.5989914667373446e+003	
  2.2410000000000000e+004	  2.4527183272084480e+002	  1.5989914667373446e+003	
  2.2440000000000000e+004	  2.4527183272084480e+002	  1.5989914667373446e+003	
  2.2470000000000000e+004	  2.4527183272084480e+002	  1.5989914667373446e+003	
  2.2500000000000000e+004	  2.4527183272084480e+002	  1.5989914667373446e+003	
  2.2530000000000000e+004	  2.4527183272084480e+002	  1.5989914667373446e+003	
  2.2560000000000000e+004	  2.4527183272084480e+002	  1.5989914667373446e+003	
  2.2590000000000000e+004	  2.4527183272084480e+002	  1.5989914667373446e+003	
  2.2620000000000000e+004	  2.4527183272084480e+002	  1.5989914667373446e+003	
  2.2650000000000000e+004	  2.4527183272084480e+002	  1.5989914667373446e+003	
  2.2680000000000000e+004	  2.4527183272084480e+002	  1.5989914667373446e+003	
  2.2710000000000000e+004	  2.4527183272084480e+002	  1.5989914667373446e+003	
  2.2740000000000000e+004	  2.4527183272084480e+002	  1.5989914667373446e+003	
  2.2770000000000000e+004	  2.4527183272084480e+002	  1.5989914667373446e+003	
  2.2800000000000000e+004	  2.4527183272084480e+002	  1.5989914667373446e+003	
  2.2830000000000000e+004	  2.4527183272084480e+002	  1.5989914667373446e+003	
  2.2860000000000000e+004	  2.4527183272084480e+002	  1.5989914667373446e+003	
  2.2890000000000000e+004	  2.3479509200690555e+002	  1.6132400522239013e+003	
  2.2920000000000000e+004	  2.3351424561182145e+002	  1.6275695989220847e+003	
  2.2950000000000000e+004	  2.3207942756638647e+002	  1.6530793750256969e+003	
  2.2980000000000000e+004	  2.4417937475581897e+002	  1.6595754157525694e+003	
  2.3010000000000000e+004	  2.5627932194525141e+002	  1.6660714564794416e+003	
  2.3040000000000000e+004	  2.8502921869160502e+002	  1.6563754269585702e+003	
  2.3070000000000000e+004	  2.7855473777239058e+002	  1.6531908577364438e+003	
  2.3100000000000000e+004	  2.6983557811132351e+002	  1.6482404936068990e+003	
  2.3130000000000000e+004	  2.6862343360083742e+002	  1.6454282716436005e+003	
  2.3160000000000000e+004	  2.6741128909035137e+002	  1.6426160496803018e+003	
  2.3190000000000000e+004	  2.6619914457986528e+002	  1.6398038277170035e+003	
  2.3220000000000000e+004	  2.6478398730662093e+002	  1.6396036520622274e+003	
  2.3250000000000000e+004	  2.6316581727061828e+002	  1.6420155227159739e+003	
  2.3280000000000000e+004	  2.6185100493553540e+002	  1.6445400948945969e+003	
  2.3310000000000000e+004	  2.6326641190873011e+002	  1.6480789807971069e+003	
  2.3340000000000000e+004	  2.6468181888192493e+002	  1.6516178666996168e+003	
  2.3370000000000000e+004	  2.9368850399818439e+002	  1.5862499408693830e+003	
  2.3400000000000000e+004	  2.8470794298561913e+002	  1.5389915490263588e+003	
  2.3430000000000000e+004	  2.8495094029072669e+002	  1.4973218429517765e+003	
  2.3460000000000000e+004	  2.7354094304053706e+002	  1.4895667586837417e+003	
  2.3490000000000000e+004	  2.6688213550871620e+002	  1.4942623141063916e+003	
  2.3520000000000000e+004	  2.6827116056977371e+002	  1.4939323211565190e+003	
  2.3550000000000000e+004	  2.6776066940663475e+002	  1.4911697199071045e+003	
  2.3580000000000000e+004	  2.6522411852535458e+002	  1.4922312595504279e+003	
  2.3610000000000000e+004	  2.6286052280959098e+002	  1.4942207572440120e+003	
  2.3640000000000000e+004	  2.6550276117768408e+002	  1.4914034882632748e+003	
  2.3670000000000000e+004	  2.6711506762521685e+002	  1.4877774350809611e+003	
  2.3700000000000000e+004	  2.6522728840394700e+002	  1.4905630455741816e+003	
  2.3730000000000000e+004	  2.6445546754055499e+002	  1.4873735753815470e+003	
  2.3760000000000000e+004	  2.6461553078611655e+002	  1.4825603286009034e+003	
  2.3790000000000000e+004	  2.6705661471462332e+002	  1.4792699239259562e+003	
  2.3820000000000000e+004	  2.7266034901275248e+002	  1.4675816290336516e+003	
  2.3850000000000000e+004	  2.7844126519548018e+002	  1.4726624604166616e+003	
  2.3880000000000000e+004	  2.6804452150269429e+002	  1.4443402093787336e+003	
  2.3910000000000000e+004	  4.3866237234694904e+002	  1.3909954657350509e+003	
  2.3940000000000000e+004	  5.3206736601432920e+002	  1.4048791793406085e+003	
  2.3970000000000000e+004	  5.3853002599788613e+002	  1.4287876212704000e+003	
  2.4000000000000000e+004	  7.0949945761320930e+002	  1.4245575704280095e+003	
  2.4030000000000000e+004	  8.1606183476521664e+002	  1.3241217171311948e+003	
  2.4060000000000000e+004	  6.5899739407090874e+002	  1.2019975815907158e+003	
  2.4090000000000000e+004	  5.8124980815062258e+002	  1.2402721068725377e+003	
  2.4120000000000000e+004	  4.7030620447033203e+002	  1.2714023661955907e+003	
  2.4150000000000000e+004	  3.6241253747835992e+002	  1.1334633581212222e+003	
  2.4180000000000000e+004	  2.7167713714574052e+002	  1.1799736615496595e+003	
  2.4210000000000000e+004	  2.1077906108943600e+002	  1.1148228023009062e+003	
  2.4240000000000000e+004	  2.0251212957599802e+002	  1.1118652523693020e+003	
  2.4270000000000000e+004	  1.9847938637988776e+002	  1.1065064935698617e+003	
  2.4300000000000000e+004	 -3.4213231807115221e+001	  1.0017752244138171e+003	
  2.4330000000000000e+004	 -1.6171886657936881e+002	  9.7587935501724780e+002	
  2.4360000000000000e+004	 -1.6228928542722977e+002	  9.7552782399461512e+002	
  2.4390000000000000e+004	 -2.8080018842045808e+002	  7.9366791349703249e+002	
  2.4420000000000000e+004	 -4.3622586933058079e+002	  5.3851275114803263e+002	
  2.4450000000000000e+004	 -4.3708865494768878e+002	  5.3390203586185157e+002	
  2.4480000000000000e+004	 -1.2692320386660539e+002	  5.2540165030554215e+002	
  2.4510000000000000e+004	  2.3816261097855934e+002	  4.1320991363814346e+002	
  2.4540000000000000e+004	  1.2771823582844081e+002	  2.1101039471722819e+002	
  2.4570000000000000e+004	 -7.6036657484317836e+000	 -7.7466832030371968e-001	
  2.4600000000000000e+004	 -1.5356441247547846e+001	 -1.8541704593098974e+001	
  2.4630000000000000e+004	 -3.9129831636976640e+001	  1.9176534055851731e+000	
  2.4660000000000000e+004	 -7.6183351810973974e+001	  2.0604454004062031e+001	
  2.4690000000000000e+004	 -7.7279117782156206e+001	  5.7991869060043669e+001	
  2.4720000000000000e+004	 -5.5287036496636546e+001	  9.6396198808032452e+001	
  2.4750000000000000e+004	 -4.6913977285904771e+001	  1.2902139077939822e+002	
  2.4780000000000000e+004	 -2.4816314287789943e+001	  1.3370428690935867e+002	
  2.4810000000000000e+004	 -4.1797126424248574e+001	  1.3900228690463587e+002	
  2.4840000000000000e+004	 -6.2656474296002393e+001	  1.0998219242448407e+002	
  2.4870000000000000e+004	 -5.5796696519365454e+001	  1.1363976054142063e+002	
  2.4900000000000000e+004	 -4.8936918742728508e+001	  1.1729732865835722e+002	
  2.4930000000000000e+004	 -4.2077140966091562e+001	  1.2095489677529376e+002	
  2.4960000000000000e+004	 -7.8784453365311265e+001	  8.7178101379439042e+001	
  2.4990000000000000e+004	 -2.8946305895375775e+002	  1.3172080568471893e+002	
  2.5020000000000000e+004	 -5.7436833409549513e+002	  2.9747195137992384e+002	
  2.5050000000000000e+004	 -7.0823131086923422e+002	  3.1019918784426460e+002	
  2.5080000000000000e+004	 -1.0602555511410358e+003	 -1.7667144465464506e+001	
  2.5110000000000000e+004	 -1.5025104464980100e+003	 -2.9969661988599557e+002	
  2.5140000000000000e+004	 -1.7795456653390481e+003	 -4.2893793201309126e+002	
  2.5170000000000000e+004	 -1.8676865163856442e+003	 -4.8174778556362179e+002	
  2.5200000000000000e+004	 -1.9456197609735291e+003	 -1.0194341020312178e+003	
  2.5230000000000000e+004	 -2.3219793273709911e+003	 -1.5378502006875244e+003	
  2.5260000000000000e+004	 -2.4561356964753531e+003	 -2.0361240901765589e+003	
  2.5290000000000000e+004	 -2.4710018184509668e+003	 -2.1043614747773304e+003	
  2.5320000000000000e+004	 -2.5251918183545449e+003	 -2.4073904746976696e+003	
  2.5350000000000000e+004	 -2.6352878283863079e+003	 -2.6236446101682645e+003	
  2.5380000000000000e+004	 -3.1672981235184711e+003	 -2.4970770667257584e+003	
  2.5410000000000000e+004	 -3.7873972659922388e+003	 -2.5745834555183292e+003	
  2.5440000000000000e+004	 -4.2823747131957525e+003	 -2.6382271509782040e+003	
  2.5470000000000000e+004	 -4.5378739766919725e+003	 -2.3716287696967001e+003	
  2.5500000000000000e+004	 -4.8207961915861588e+003	 -2.2122356959636541e+003	
  2.5530000000000000e+004	 -4.9111472569890293e+003	 -2.1739408423472369e+003	
  2.5560000000000000e+004	 -4.9030488634731773e+003	 -2.1785543206323905e+003	
  2.5590000000000000e+004	 -4.8980362891692466e+003	 -2.1744355875023771e+003	
  2.5620000000000000e+004	 -4.8965460642721637e+003	 -2.1796674941045580e+003	
  2.5650000000000000e+004	 -4.8979760772677882e+003	 -2.1822648910091680e+003	
  2.5680000000000000e+004	 -4.8967266968805070e+003	 -2.1784430063309114e+003	
  2.5710000000000000e+004	 -4.9032722778051202e+003	 -2.1875885807211657e+003	
  2.5740000000000000e+004	 -4.9027598500586009e+003	 -2.1836303799986067e+003	
  2.5770000000000000e+004	 -4.8983072387246539e+003	 -2.1716735310529157e+003	
  2.5800000000000000e+004	 -4.8937683655620758e+003	 -2.1832432683503766e+003	
  2.5830000000000000e+004	 -4.8906659739575352e+003	 -2.1865457160638266e+003	
  2.5860000000000000e+004	 -4.8931817684132302e+003	 -2.1793891973366485e+003	
  2.5890000000000000e+004	 -4.8913630529086113e+003	 -2.1766242248090539e+003	
  2.5920000000000000e+004	 -4.8889157625946991e+003	 -2.1739849331570745e+003	
  2.5950000000000000e+004	 -4.8939139785520883e+003	 -2.1788723696500756e+003	
  2.5980000000000000e+004	 -4.8955590321271357e+003	 -2.1738034658210377e+003	
  2.6010000000000000e+004	 -4.8935447717388470e+003	 -2.1706593686774190e+003	
  2.6040000000000000e+004	 -4.9002264675920997e+003	 -2.1650524822478760e+003	
  2.6070000000000000e+004	 -4.8983171515499353e+003	 -2.1695512102639436e+003	
  2.6100000000000000e+004	 -4.8940362112887988e+003	 -2.1757655335880440e+003	
  2.6130000000000000e+004	 -4.8927427286632001e+003	 -2.1750045410941143e+003	
  2.6160000000000000e+004	 -4.8923567601271079e+003	 -2.1736820561752502e+003	
  2.6190000000000000e+004	 -4.8924998772986792e+003	 -2.1749179612784833e+003	
  2.6220000000000000e+004	 -4.8925450356233041e+003	 -2.1747324324432057e+003	
  2.6250000000000000e+004	 -4.8925901939479281e+003	 -2.1745469036079276e+003	
  2.6280000000000000e+004	 -4.8926353522725522e+003	 -2.1743613747726495e+003	
  2.6310000000000000e+004	 -4.8926805105971753e+003	 -2.1741758459373718e+003	
  2.6340000000000000e+004	 -4.8927256689218002e+003	 -2.1739903171020933e+003	
  2.6370000000000000e+004	 -4.8918857240343814e+003	 -2.1766269437193814e+003	
  2.6400000000000000e+004	 -4.8906922061530431e+003	 -2.1788346761497487e+003	
  2.6430000000000000e+004	 -4.8917835119346373e+003	 -2.1705177668652127e+003	
  2.6460000000000000e+004	 -4.8910433559120029e+003	 -2.1717884111259173e+003	
  2.6490000000000000e+004	 -4.8903031998893694e+003	 -2.1730590553866218e+003	
  2.6520000000000000e+004	 -4.8895630438667349e+003	 -2.1743296996473268e+003	
  2.6550000000000000e+004	 -4.8888228878441005e+003	 -2.1756003439080309e+003	
  2.6580000000000000e+004	 -4.8880827318214670e+003	 -2.1768709881687359e+003	
  2.6610000000000000e+004	 -4.8873425757988325e+003	 -2.1781416324294410e+003	
  2.6640000000000000e+004	 -4.8888390420047263e+003	 -2.1754003351387391e+003	
  2.6670000000000000e+004	 -4.8925721304391473e+003	 -2.1686470962966314e+003	
  2.6700000000000000e+004	 -4.8922272852663773e+003	 -2.1745367839904634e+003	
  2.6730000000000000e+004	 -4.8921173219493512e+003	 -2.1793653446092244e+003	
  2.6760000000000000e+004	 -4.8949044256955922e+003	 -2.1748743069880252e+003	
  2.6790000000000000e+004	 -4.8970713037472724e+003	 -2.1704400599509422e+003	
  2.6820000000000000e+004	 -4.8960979883056143e+003	 -2.1726285757691967e+003	
  2.6850000000000000e+004	 -4.8951246728639553e+003	 -2.1748170915874512e+003	
  2.6880000000000000e+004	 -4.8941513574222972e+003	 -2.1770056074057056e+003	
  2.6910000000000000e+004	 -4.8931780419806382e+003	 -2.1791941232239601e+003	
  2.6940000000000000e+004	 -4.8922047265389801e+003	 -2.1813826390422150e+003	
  2.6970000000000000e+004	 -4.8912314110973211e+003	 -2.1835711548604691e+003	
  2.7000000000000000e+004	 -4.8919526353003430e+003	 -2.1825789823905789e+003	
  2.7030000000000000e+004	 -4.8930974944145346e+003	 -2.1807916378486525e+003	
  2.7060000000000000e+004	 -4.8950224615125135e+003	 -2.1811630112752659e+003	
  2.7090000000000000e+004	 -4.8957219247978355e+003	 -2.1809754666029303e+003	
  2.7120000000000000e+004	 -4.8948727428682823e+003	 -2.1782932310595952e+003	
  2.7150000000000000e+004	 -4.8937396791362225e+003	 -2.1750751539292223e+003	
  2.7180000000000000e+004	 -4.8863515711431846e+003	 -2.1748878143105103e+003	
  2.7210000000000000e+004	 -4.8923509064480395e+003	 -2.1697565175845734e+003	
  2.7240000000000000e+004	 -4.8938730972120629e+003	 -2.1640530798206287e+003	
  2.7270000000000000e+004	 -4.8953952879760864e+003	 -2.1583496420566835e+003	
  2.7300000000000000e+004	 -4.8998847942526145e+003	 -2.1466725533963449e+003	
  2.7330000000000000e+004	 -4.8985188481189170e+003	 -2.1535999725593160e+003	
  2.7360000000000000e+004	 -4.8971529019852178e+003	 -2.1605273917222876e+003	
  2.7390000000000000e+004	 -4.8957869558515195e+003	 -2.1674548108852587e+003	
  2.7420000000000000e+004	 -4.8945250154146215e+003	 -2.1727609314060642e+003	
  2.7450000000000000e+004	 -4.8936048079814964e+003	 -2.1727399278168928e+003	
  2.7480000000000000e+004	 -4.8926846005483712e+003	 -2.1727189242277218e+003	
  2.7510000000000000e+004	 -4.8917643931152461e+003	 -2.1726979206385513e+003	
  2.7540000000000000e+004	 -4.8908441856821210e+003	 -2.1726769170493799e+003	
  2.7570000000000000e+004	 -4.8899239782489958e+003	 -2.1726559134602094e+003	
  2.7600000000000000e+004	 -4.8921715960317551e+003	 -2.1710554188751585e+003	
  2.7630000000000000e+004	 -4.8946454870442212e+003	 -2.1693421035046872e+003	
  2.7660000000000000e+004	 -4.8971193780566873e+003	 -2.1676287881342159e+003	
  2.7690000000000000e+004	 -4.8994060912694131e+003	 -2.1658270642685065e+003	
  2.7720000000000000e+004	 -4.9043358757253736e+003	 -2.1571536075600247e+003	
  2.7750000000000000e+004	 -4.9064808964854838e+003	 -2.1450478729616339e+003	
  2.7780000000000000e+004	 -4.9067582980352554e+003	 -2.1398557267195997e+003	
  2.7810000000000000e+004	 -4.9023564352781796e+003	 -2.1296119009511890e+003	
  2.7840000000000000e+004	 -4.8999945184442013e+003	 -2.1744153472302933e+003	
  2.7870000000000000e+004	 -4.8941161155013042e+003	 -2.1768633606054086e+003	
  2.7900000000000000e+004	 -4.8945601238804647e+003	 -2.1769459156608859e+003	
  2.7930000000000000e+004	 -4.8937287999727905e+003	 -2.1773443800478749e+003	
  2.7960000000000000e+004	 -4.8928974760651163e+003	 -2.1777428444348639e+003	
  2.7990000000000000e+004	 -4.8920661521574420e+003	 -2.1781413088218528e+003	
  2.8020000000000000e+004	 -4.8912348282497687e+003	 -2.1785397732088418e+003	
  2.8050000000000000e+004	 -4.8904035043420945e+003	 -2.1789382375958307e+003	
  2.8080000000000000e+004	 -4.8913980139493387e+003	 -2.1758270511532346e+003	
  2.8110000000000000e+004	 -4.8922108647084260e+003	 -2.1746582227978652e+003	
  2.8140000000000000e+004	 -4.8862499637826850e+003	 -2.1714618313084907e+003	
  2.8170000000000000e+004	 -4.8889070227960510e+003	 -2.1818220169881661e+003	
  2.8200000000000000e+004	 -4.8984040071838617e+003	 -2.1795508738733852e+003	
  2.8230000000000000e+004	 -4.8944462023819597e+003	 -2.1816109036147386e+003	
  2.8260000000000000e+004	 -4.8869950774329373e+003	 -2.2017871264130963e+003	
  2.8290000000000000e+004	 -4.8868144437215788e+003	 -2.2274433980334420e+003	
  2.8320000000000000e+004	 -4.8942655678213368e+003	 -2.2261702075986695e+003	
  2.8350000000000000e+004	 -4.8951976152085608e+003	 -2.2180175259326861e+003	
  2.8380000000000000e+004	 -4.8953332406700283e+003	 -2.1929619328012368e+003	
  2.8410000000000000e+004	 -4.8913167291402260e+003	 -2.1675673197511428e+003	
  2.8440000000000000e+004	 -4.8897121032845389e+003	 -2.1861424354190221e+003	
  2.8470000000000000e+004	 -4.8917392108002859e+003	 -2.1842191241852997e+003	
  2.8500000000000000e+004	 -4.8982319743116104e+003	 -2.1817825139464999e+003	
  2.8530000000000000e+004	 -4.8967176658482203e+003	 -2.1836971706783547e+003	
  2.8560000000000000e+004	 -4.8935114237140333e+003	 -2.1808474508048830e+003	
  2.8590000000000000e+004	 -4.8900273271016222e+003	 -2.1748415669626738e+003	
  2.8620000000000000e+004	 -4.8975182969376783e+003	 -2.1799490580626834e+003	
  2.8650000000000000e+004	 -4.9000593826744598e+003	 -2.1815509770434796e+003	
  2.8680000000000000e+004	 -4.8969434580120696e+003	 -2.1791465278880328e+003	
  2.8710000000000000e+004	 -4.8938275333496795e+003	 -2.1767420787325859e+003	
  2.8740000000000000e+004	 -4.8898024203366240e+003	 -2.1715908183910119e+003	
  2.8770000000000000e+004	 -4.8905345869108078e+003	 -2.1678901410250501e+003	
  2.8800000000000000e+004	 -4.8878756647809587e+003	 -2.1657528532487872e+003	
  2.8830000000000000e+004	 -4.8878756647809587e+003	 -2.1657528532487872e+003	
  2.8860000000000000e+004	 -4.8878756647809587e+003	 -2.1657528532487872e+003	
  2.8890000000000000e+004	 -4.8878756647809587e+003	 -2.1657528532487872e+003	
  2.8920000000000000e+004	 -4.8878756647809587e+003	 -2.1657528532487872e+003	
  2.8950000000000000e+004	 -4.8878756647809587e+003	 -2.1657528532487872e+003	
  2.8980000000000000e+004	 -4.8878756647809587e+003	 -2.1657528532487872e+003	
  2.9010000000000000e+004	 -4.8878756647809587e+003	 -2.1657528532487872e+003	
  2.9040000000000000e+004	 -4.8878756647809587e+003	 -2.1657528532487872e+003	
  2.9070000000000000e+004	 -4.8878756647809587e+003	 -2.1657528532487872e+003	
  2.9100000000000000e+004	 -4.8878756647809587e+003	 -2.1657528532487872e+003	
  2.9130000000000000e+004	 -4.8969230154271727e+003	 -2.1692742365368294e+003	
  2.9160000000000000e+004	 -4.8984538295364300e+003	 -2.1753226987185503e+003	
  2.9190000000000000e+004	 -4.8987456222972132e+003	 -2.1810769348237441e+003	
  2.9220000000000000e+004	 -4.8960679169185460e+003	 -2.1729622735847843e+003	
  2.9250000000000000e+004	 -4.8939221277194165e+003	 -2.1756835079946641e+003	
  2.9280000000000000e+004	 -4.8962893740446571e+003	 -2.1745761969359482e+003	
  2.9310000000000000e+004	 -4.8952072521034461e+003	 -2.1738253052153209e+003	
  2.9340000000000000e+004	 -4.8934540465914552e+003	 -2.1726073648495762e+003	
  2.9370000000000000e+004	 -4.8918270187394655e+003	 -2.1713013122431839e+003	
  2.9400000000000000e+004	 -4.8938591430275856e+003	 -2.1674400046580140e+003	
  2.9430000000000000e+004	 -4.9016037967532702e+003	 -2.1762166618714809e+003	
  2.9460000000000000e+004	 -4.8942429895916575e+003	 -2.1727658299600166e+003	
  2.9490000000000000e+004	 -4.8896819975146909e+003	 -2.1770941010820375e+003	
  2.9520000000000000e+004	 -4.8885025155612229e+003	 -2.1928172362987821e+003	
  2.9550000000000000e+004	 -4.8873757929236426e+003	 -2.2091841565792615e+003	
  2.9580000000000000e+004	 -4.8862490702860623e+003	 -2.2255510768597405e+003	
  2.9610000000000000e+004	 -4.8859733702040648e+003	 -2.2396465359942963e+003	
  2.9640000000000000e+004	 -4.8864305980574727e+003	 -2.2343241868514597e+003	
  2.9670000000000000e+004	 -4.8864305980574727e+003	 -2.2343241868514597e+003	
  2.9700000000000000e+004	 -4.8864305980574727e+003	 -2.2343241868514597e+003	
  2.9730000000000000e+004	 -4.8864305980574727e+003	 -2.2343241868514597e+003	
  2.9760000000000000e+004	 -4.8864305980574727e+003	 -2.2343241868514597e+003	
  2.9790000000000000e+004	 -4.8864305980574727e+003	 -2.2343241868514597e+003	
  2.9820000000000000e+004	 -4.8864305980574727e+003	 -2.2343241868514597e+003	
  2.9850000000000000e+004	 -4.8864305980574727e+003	 -2.2343241868514597e+003	
  2.9880000000000000e+004	 -4.8864305980574727e+003	 -2.2343241868514597e+003	
  2.9910000000000000e+004	 -4.8864305980574727e+003	 -2.2343241868514597e+003	
  2.9940000000000000e+004	 -4.8864305980574727e+003	 -2.2343241868514597e+003	
  2.9970000000000000e+004	 -4.8864305980574727e+003	 -2.2343241868514597e+003	
  3.0000000000000000e+004	 -4.8870354360234633e+003	 -2.2223056762592878e+003	
  3.0030000000000000e+004	 -4.8890559654603821e+003	 -2.1821564862202040e+003	
  3.0060000000000000e+004	 -4.8891800740895451e+003	 -2.1617910604694930e+003	
  3.0090000000000000e+004	 -4.8871368446527022e+003	 -2.1640356510483507e+003	
  3.0120000000000000e+004	 -4.8825684857704982e+003	 -2.1655143159254103e+003	
  3.0150000000000000e+004	 -4.8865961793741144e+003	 -2.1599272590719497e+003	
  3.0180000000000000e+004	 -4.8842027872154513e+003	 -2.1572185433415311e+003	
  3.0210000000000000e+004	 -4.8813026190522642e+003	 -2.1729513608900761e+003	
  3.0240000000000000e+004	 -4.8835906408744631e+003	 -2.1807435552490929e+003	
  3.0270000000000000e+004	 -4.8908045057616200e+003	 -2.1838710351669361e+003	
  3.0300000000000000e+004	 -4.8932016101342897e+003	 -2.1813254420287717e+003	
  3.0330000000000000e+004	 -4.8936121405321583e+003	 -2.1764173691186734e+003	
  3.0360000000000000e+004	 -4.8935189987692156e+003	 -2.1743386334712354e+003	
  3.0390000000000000e+004	 -4.8899236554315967e+003	 -2.1800947090126383e+003	
  3.0420000000000000e+004	 -4.8789391970516517e+003	 -2.1800044538572988e+003	
  3.0450000000000000e+004	 -4.9006021031566061e+003	 -2.1724925987114666e+003	
  3.0480000000000000e+004	 -4.9086826702109620e+003	 -2.1623230844134887e+003	
  3.0510000000000000e+004	 -4.9045185617723710e+003	 -2.1624133404202948e+003	
  3.0540000000000000e+004	 -4.8887788311003678e+003	 -2.1666712213768096e+003	
  3.0570000000000000e+004	 -4.8880609125187020e+003	 -2.1675282417642716e+003	
  3.0600000000000000e+004	 -4.8906715255429390e+003	 -2.1676501213300380e+003	
  3.0630000000000000e+004	 -4.8932821385671759e+003	 -2.1677720008958045e+003	
  3.0660000000000000e+004	 -4.8958927515914129e+003	 -2.1678938804615714e+003	
  3.0690000000000000e+004	 -4.8963220790683436e+003	 -2.1699829039782971e+003	
  3.0720000000000000e+004	 -4.8942408395744014e+003	 -2.1744885962063231e+003	
  3.0750000000000000e+004	 -4.8951071421446595e+003	 -2.1765104783304191e+003	
  3.0780000000000000e+004	 -4.8959734447149176e+003	 -2.1785323604545142e+003	
  3.0810000000000000e+004	 -4.8968397472851748e+003	 -2.1805542425786102e+003	
  3.0840000000000000e+004	 -4.8977060498554329e+003	 -2.1825761247027058e+003	
  3.0870000000000000e+004	 -4.8956167531004985e+003	 -2.1834024724567134e+003	
  3.0900000000000000e+004	 -4.8960041642816959e+003	 -2.1867917864270007e+003	
  3.0930000000000000e+004	 -4.8967855992260838e+003	 -2.1717058975877012e+003	
  3.0960000000000000e+004	 -4.8970997448360013e+003	 -2.1694795562291238e+003	
  3.0990000000000000e+004	 -4.9022435395624516e+003	 -2.1692175972354162e+003	
  3.1020000000000000e+004	 -4.9006667616733721e+003	 -2.1666712201385421e+003	
  3.1050000000000000e+004	 -4.8957332144116453e+003	 -2.1657157505137311e+003	
  3.1080000000000000e+004	 -4.8998769426382578e+003	 -2.1736786322126359e+003	
  3.1110000000000000e+004	 -4.8966759934128531e+003	 -2.1782438030922885e+003	
  3.1140000000000000e+004	 -4.8890703799115054e+003	 -2.1817590786386072e+003	
  3.1170000000000000e+004	 -4.8891113014021112e+003	 -2.1826262650386352e+003	
  3.1200000000000000e+004	 -4.8903286128914760e+003	 -2.1830860531084650e+003	
  3.1230000000000000e+004	 -4.8915459243808436e+003	 -2.1835458411782943e+003	
  3.1260000000000000e+004	 -4.8927632358702094e+003	 -2.1840056292481236e+003	
  3.1290000000000000e+004	 -4.8939195580225241e+003	 -2.1840299161556577e+003	
  3.1320000000000000e+004	 -4.8949081594979480e+003	 -2.1828565748668789e+003	
  3.1350000000000000e+004	 -4.8958967609733709e+003	 -2.1816832335781000e+003	
  3.1380000000000000e+004	 -4.8954983911821446e+003	 -2.1716303979650356e+003	
  3.1410000000000000e+004	 -4.8959439529172078e+003	 -2.1644615763167794e+003	
  3.1440000000000000e+004	 -4.8984351870163882e+003	 -2.1643822618953855e+003	
  3.1470000000000000e+004	 -4.9017091659000962e+003	 -2.1657389393468070e+003	
  3.1500000000000000e+004	 -4.9049831447838042e+003	 -2.1670956167982290e+003	
  3.1530000000000000e+004	 -4.9059045897226351e+003	 -2.1690941343041250e+003	
  3.1560000000000000e+004	 -4.9003565663130603e+003	 -2.1728577119598262e+003	
  3.1590000000000000e+004	 -4.8984427133894260e+003	 -2.1756538906139322e+003	
  3.1620000000000000e+004	 -4.9067275304184359e+003	 -2.1729741919998060e+003	
  3.1650000000000000e+004	 -4.9089159726120388e+003	 -2.1698059363631301e+003	
  3.1680000000000000e+004	 -4.9111044148056426e+003	 -2.1666376807264546e+003	
  3.1710000000000000e+004	 -4.9090820164461129e+003	 -2.1718047943450342e+003	
  3.1740000000000000e+004	 -4.9057583628826114e+003	 -2.1614114872165551e+003	
  3.1770000000000000e+004	 -4.9057583628826114e+003	 -2.1614114872165551e+003	
  3.1800000000000000e+004	 -4.9057583628826114e+003	 -2.1614114872165551e+003	
  3.1830000000000000e+004	 -4.9057583628826114e+003	 -2.1614114872165551e+003	
  3.1860000000000000e+004	 -4.9057583628826114e+003	 -2.1614114872165551e+003	
  3.1890000000000000e+004	 -4.9057583628826114e+003	 -2.1614114872165551e+003	
  3.1920000000000000e+004	 -4.9057583628826114e+003	 -2.1614114872165551e+003	
  3.1950000000000000e+004	 -4.9057583628826114e+003	 -2.1614114872165551e+003	
  3.1980000000000000e+004	 -4.9057583628826114e+003	 -2.1614114872165551e+003	
  3.2010000000000000e+004	 -4.9057583628826114e+003	 -2.1614114872165551e+003	
  3.2040000000000000e+004	 -4.9057583628826114e+003	 -2.1614114872165551e+003	
  3.2070000000000000e+004	 -4.9057583628826114e+003	 -2.1614114872165551e+003	
  3.2100000000000000e+004	 -4.9057583628826114e+003	 -2.1614114872165551e+003	
  3.2130000000000000e+004	 -4.8951824179438563e+003	 -2.1738957763712119e+003	
  3.2160000000000000e+004	 -4.8871555726416500e+003	 -2.1840600047281346e+003	
  3.2190000000000000e+004	 -4.8875645742052748e+003	 -2.1826421316228389e+003	
  3.2220000000000000e+004	 -4.8901731484657557e+003	 -2.1810775051452893e+003	
  3.2250000000000000e+004	 -4.8907666580509995e+003	 -2.1788511642387875e+003	
  3.2280000000000000e+004	 -4.8913601676362432e+003	 -2.1766248233322854e+003	
  3.2310000000000000e+004	 -4.8919536772214879e+003	 -2.1743984824257836e+003	
  3.2340000000000000e+004	 -4.8920603359472889e+003	 -2.1762537671609348e+003	
  3.2370000000000000e+004	 -4.8896255499672125e+003	 -2.1742352158868366e+003	
  3.2400000000000000e+004	 -4.8953832366536681e+003	 -2.1755710192958531e+003	
  3.2430000000000000e+004	 -4.9024791733744869e+003	 -2.1744869629337186e+003	
  3.2460000000000000e+004	 -4.9023189272578520e+003	 -2.1707365764848541e+003	
  3.2490000000000000e+004	 -4.8986322306998254e+003	 -2.1693679232664490e+003	
  3.2520000000000000e+004	 -4.8948952759775821e+003	 -2.1682945948438119e+003	
  3.2550000000000000e+004	 -4.8904547069562932e+003	 -2.1713558135619187e+003	
  3.2580000000000000e+004	 -4.8999258080977788e+003	 -2.1771657861719846e+003	
  3.2610000000000000e+004	 -4.9017934618032496e+003	 -2.1776610001053159e+003	
  3.2640000000000000e+004	 -4.8926624475102217e+003	 -2.1739903187682562e+003	
  3.2670000000000000e+004	 -4.8967048966655957e+003	 -2.1702093770418933e+003	
  3.2700000000000000e+004	 -4.9005199965124912e+003	 -2.1671999765369469e+003	
  3.2730000000000000e+004	 -4.8736056323343682e+003	 -2.1809198091774856e+003	
  3.2760000000000000e+004	 -4.8652603734915265e+003	 -2.1811368771066327e+003	
  3.2790000000000000e+004	 -4.8777521708341947e+003	 -2.1847386020072036e+003	
  3.2820000000000000e+004	 -4.8969237513033140e+003	 -2.1840290961164387e+003	
  3.2850000000000000e+004	 -4.8888239896353934e+003	 -2.1720645342931161e+003	
  3.2880000000000000e+004	 -4.8854371146878011e+003	 -2.1732333634420334e+003	
  3.2910000000000000e+004	 -4.8907657978053976e+003	 -2.1811702709788460e+003	
  3.2940000000000000e+004	 -4.9008554589266832e+003	 -2.1763279775578494e+003	
  3.2970000000000000e+004	 -4.9030338110832699e+003	 -2.1693892105995606e+003	
  3.3000000000000000e+004	 -4.9119601077480293e+003	 -2.1584152014081947e+003	
  3.3030000000000000e+004	 -4.9112038349814884e+003	 -2.1547362991762620e+003	
  3.3060000000000000e+004	 -4.9112505504568862e+003	 -2.1561181663238240e+003	
  3.3090000000000000e+004	 -4.9111990388593476e+003	 -2.1561172453376321e+003	
  3.3120000000000000e+004	 -4.9156902346321185e+003	 -2.1578621132281087e+003	
  3.3150000000000000e+004	 -4.9213313243238135e+003	 -2.1602435687255324e+003	
  3.3180000000000000e+004	 -4.9269724140155095e+003	 -2.1626250242229553e+003	
  3.3210000000000000e+004	 -4.9326135037072045e+003	 -2.1650064797203790e+003	
  3.3240000000000000e+004	 -4.9413431266812586e+003	 -2.1602426548267281e+003	
  3.3270000000000000e+004	 -4.9223766285974716e+003	 -2.1674782700460578e+003	
  3.3300000000000000e+004	 -4.8966589598382934e+003	 -2.1718474652280897e+003	
  3.3330000000000000e+004	 -4.9057849268064456e+003	 -2.1742718838893429e+003	
  3.3360000000000000e+004	 -4.8882143521173821e+003	 -2.1832296364377380e+003	
  3.3390000000000000e+004	 -4.9077272663620761e+003	 -2.1720756627235792e+003	
  3.3420000000000000e+004	 -4.9081570668523291e+003	 -2.1690432570251974e+003	
  3.3450000000000000e+004	 -4.9133768386418251e+003	 -2.1654581897335365e+003	
  3.3480000000000000e+004	 -4.9185966104313211e+003	 -2.1618731224418761e+003	
  3.3510000000000000e+004	 -4.9040177149337051e+003	 -2.1696287138345619e+003	
  3.3540000000000000e+004	 -4.9085381093332462e+003	 -2.1649117926783561e+003	
