  0.0000000000000000e+000	 -1.5860791618495746e+003	  1.6651138226427629e+003	
  3.0000000000000000e+001	 -1.5959236805037931e+003	  1.6538707922824528e+003	
  6.0000000000000000e+001	 -1.5846986065895885e+003	  1.6388429832797276e+003	
  9.0000000000000000e+001	 -1.3150162792845774e+003	  1.6320248132675033e+003	
  1.2000000000000000e+002	 -1.2163528524257856e+003	  1.4787071533092164e+003	
  1.5000000000000000e+002	 -1.2152389483692673e+003	  1.4287597890755796e+003	
  1.8000000000000000e+002	 -1.2199805713082965e+003	  1.0841498821506300e+003	
  2.1000000000000000e+002	 -1.2217236831759342e+003	  7.7909649576845402e+002	
  2.4000000000000000e+002	 -9.4293421102489799e+002	  7.5687760622716655e+002	
  2.7000000000000000e+002	 -8.6911539221652436e+002	  5.7468862618269748e+002	
  3.0000000000000000e+002	 -6.8042381561849163e+002	  3.5977241615454062e+002	
  3.3000000000000000e+002	 -3.7052979148830093e+002	  1.6553338584186824e+002	
  3.6000000000000000e+002	 -1.4069002562946829e+002	  2.4108962485375251e+001	
  3.9000000000000000e+002	 -9.1408673377659909e+001	  6.1875537102028346e+001	
  4.2000000000000000e+002	 -1.1843343071477966e+002	  1.1771718507153003e+002	
  4.5000000000000000e+002	 -1.4498653244502609e+002	  1.4015868674551723e+002	
  4.8000000000000000e+002	 -9.2531237983018457e+001	  1.2844657607787798e+002	
  5.1000000000000000e+002	 -7.7504933549848417e+001	  1.2329780578031954e+002	
  5.4000000000000000e+002	 -5.1293082100359527e+001	  1.3835655200697335e+002	
  5.7000000000000000e+002	 -3.1027153612245872e+001	  1.3200527178858766e+002	
  6.0000000000000000e+002	 -5.2994922847751262e+001	  1.0401297906826649e+002	
  6.3000000000000000e+002	 -7.5075414448264141e+001	  7.2811829515289290e+001	
  6.6000000000000000e+002	 -9.3573773558088959e+001	  3.9800766602726270e+001	
  6.9000000000000000e+002	 -1.0281814981379652e+002	  3.2544351322911500e+000	
  7.2000000000000000e+002	 -9.9766102854691511e+001	 -2.0144069642574404e+001	
  7.5000000000000000e+002	 -7.5951736978009933e+001	 -3.3524557611716169e+001	
  7.8000000000000000e+002	 -5.7258963042477021e+001	 -6.0004498857247512e+001	
  8.1000000000000000e+002	 -1.9751474075894699e+001	 -4.4153456029551975e+001	
  8.4000000000000000e+002	 -1.8633823008077801e+001	 -4.4271729573848845e+001	
  8.7000000000000000e+002	 -1.8633823008077801e+001	 -4.4271729573848845e+001	
  9.0000000000000000e+002	 -1.8633823008077801e+001	 -4.4271729573848845e+001	
  9.3000000000000000e+002	 -1.8633823008077801e+001	 -4.4271729573848845e+001	
  9.6000000000000000e+002	 -1.8633823008077801e+001	 -4.4271729573848845e+001	
  9.9000000000000000e+002	 -1.8633823008077801e+001	 -4.4271729573848845e+001	
  1.0200000000000000e+003	 -1.8633823008077801e+001	 -4.4271729573848845e+001	
  1.0500000000000000e+003	 -1.8633823008077801e+001	 -4.4271729573848845e+001	
  1.0800000000000000e+003	 -1.8633823008077801e+001	 -4.4271729573848845e+001	
  1.1100000000000000e+003	 -1.8633823008077801e+001	 -4.4271729573848845e+001	
  1.1400000000000000e+003	 -1.8633823008077801e+001	 -4.4271729573848845e+001	
  1.1700000000000000e+003	 -1.8633823008077801e+001	 -4.4271729573848845e+001	
  1.2000000000000000e+003	 -1.8633823008077801e+001	 -4.4271729573848845e+001	
  1.2300000000000000e+003	 -1.8633823008077801e+001	 -4.4271729573848845e+001	
  1.2600000000000000e+003	 -1.8633823008077801e+001	 -4.4271729573848845e+001	
  1.2900000000000000e+003	 -1.8633823008077801e+001	 -4.4271729573848845e+001	
  1.3200000000000000e+003	 -1.8633823008077801e+001	 -4.4271729573848845e+001	
  1.3500000000000000e+003	 -1.8633823008077801e+001	 -4.4271729573848845e+001	
  1.3800000000000000e+003	 -1.8633823008077801e+001	 -4.4271729573848845e+001	
  1.4100000000000000e+003	 -1.8633823008077801e+001	 -4.4271729573848845e+001	
  1.4400000000000000e+003	 -1.8633823008077801e+001	 -4.4271729573848845e+001	
  1.4700000000000000e+003	 -1.8633823008077801e+001	 -4.4271729573848845e+001	
  1.5000000000000000e+003	 -1.8633823008077801e+001	 -4.4271729573848845e+001	
  1.5300000000000000e+003	 -1.8633823008077801e+001	 -4.4271729573848845e+001	
  1.5600000000000000e+003	 -1.8633823008077801e+001	 -4.4271729573848845e+001	
  1.5900000000000000e+003	 -1.8633823008077801e+001	 -4.4271729573848845e+001	
  1.6200000000000000e+003	 -1.8633823008077801e+001	 -4.4271729573848845e+001	
  1.6500000000000000e+003	 -1.8633823008077801e+001	 -4.4271729573848845e+001	
  1.6800000000000000e+003	 -1.8633823008077801e+001	 -4.4271729573848845e+001	
  1.7100000000000000e+003	 -1.8633823008077801e+001	 -4.4271729573848845e+001	
  1.7400000000000000e+003	 -1.8633823008077801e+001	 -4.4271729573848845e+001	
  1.7700000000000000e+003	 -1.8633823008077801e+001	 -4.4271729573848845e+001	
  1.8000000000000000e+003	 -1.8633823008077801e+001	 -4.4271729573848845e+001	
  1.8300000000000000e+003	 -1.8633823008077801e+001	 -4.4271729573848845e+001	
  1.8600000000000000e+003	 -1.8633823008077801e+001	 -4.4271729573848845e+001	
  1.8900000000000000e+003	 -1.8633823008077801e+001	 -4.4271729573848845e+001	
  1.9200000000000000e+003	 -1.8633823008077801e+001	 -4.4271729573848845e+001	
  1.9500000000000000e+003	 -1.8633823008077801e+001	 -4.4271729573848845e+001	
  1.9800000000000000e+003	 -1.8633823008077801e+001	 -4.4271729573848845e+001	
  2.0100000000000000e+003	 -1.8633823008077801e+001	 -4.4271729573848845e+001	
  2.0400000000000000e+003	 -1.8633823008077801e+001	 -4.4271729573848845e+001	
  2.0700000000000000e+003	 -1.8633823008077801e+001	 -4.4271729573848845e+001	
  2.1000000000000000e+003	 -1.8633823008077801e+001	 -4.4271729573848845e+001	
  2.1300000000000000e+003	 -1.8633823008077801e+001	 -4.4271729573848845e+001	
  2.1600000000000000e+003	 -1.8633823008077801e+001	 -4.4271729573848845e+001	
  2.1900000000000000e+003	 -1.8633823008077801e+001	 -4.4271729573848845e+001	
  2.2200000000000000e+003	 -1.8633823008077801e+001	 -4.4271729573848845e+001	
  2.2500000000000000e+003	 -1.8633823008077801e+001	 -4.4271729573848845e+001	
  2.2800000000000000e+003	 -1.8633823008077801e+001	 -4.4271729573848845e+001	
  2.3100000000000000e+003	 -1.8633823008077801e+001	 -4.4271729573848845e+001	
  2.3400000000000000e+003	 -1.8633823008077801e+001	 -4.4271729573848845e+001	
  2.3700000000000000e+003	 -1.8633823008077801e+001	 -4.4271729573848845e+001	
  2.4000000000000000e+003	 -1.8633823008077801e+001	 -4.4271729573848845e+001	
  2.4300000000000000e+003	 -1.8633823008077801e+001	 -4.4271729573848845e+001	
  2.4600000000000000e+003	 -1.8633823008077801e+001	 -4.4271729573848845e+001	
  2.4900000000000000e+003	 -1.8633823008077801e+001	 -4.4271729573848845e+001	
  2.5200000000000000e+003	 -1.8633823008077801e+001	 -4.4271729573848845e+001	
  2.5500000000000000e+003	 -1.8633823008077801e+001	 -4.4271729573848845e+001	
  2.5800000000000000e+003	 -1.8633823008077801e+001	 -4.4271729573848845e+001	
  2.6100000000000000e+003	 -1.8633823008077801e+001	 -4.4271729573848845e+001	
  2.6400000000000000e+003	 -1.8633823008077801e+001	 -4.4271729573848845e+001	
  2.6700000000000000e+003	 -1.8633823008077801e+001	 -4.4271729573848845e+001	
  2.7000000000000000e+003	 -1.8633823008077801e+001	 -4.4271729573848845e+001	
  2.7300000000000000e+003	 -1.8633823008077801e+001	 -4.4271729573848845e+001	
  2.7600000000000000e+003	 -1.8633823008077801e+001	 -4.4271729573848845e+001	
  2.7900000000000000e+003	 -1.8633823008077801e+001	 -4.4271729573848845e+001	
  2.8200000000000000e+003	 -1.8633823008077801e+001	 -4.4271729573848845e+001	
  2.8500000000000000e+003	 -1.8633823008077801e+001	 -4.4271729573848845e+001	
  2.8800000000000000e+003	 -1.8633823008077801e+001	 -4.4271729573848845e+001	
  2.9100000000000000e+003	 -1.8633823008077801e+001	 -4.4271729573848845e+001	
  2.9400000000000000e+003	 -1.8633823008077801e+001	 -4.4271729573848845e+001	
  2.9700000000000000e+003	 -1.8633823008077801e+001	 -4.4271729573848845e+001	
  3.0000000000000000e+003	 -1.8633823008077801e+001	 -4.4271729573848845e+001	
  3.0300000000000000e+003	 -1.8633823008077801e+001	 -4.4271729573848845e+001	
  3.0600000000000000e+003	 -1.8633823008077801e+001	 -4.4271729573848845e+001	
  3.0900000000000000e+003	 -1.8633823008077801e+001	 -4.4271729573848845e+001	
  3.1200000000000000e+003	 -1.8633823008077801e+001	 -4.4271729573848845e+001	
  3.1500000000000000e+003	 -1.8633823008077801e+001	 -4.4271729573848845e+001	
  3.1800000000000000e+003	 -1.8633823008077801e+001	 -4.4271729573848845e+001	
  3.2100000000000000e+003	 -1.8633823008077801e+001	 -4.4271729573848845e+001	
  3.2400000000000000e+003	 -1.8633823008077801e+001	 -4.4271729573848845e+001	
  3.2700000000000000e+003	 -1.8633823008077801e+001	 -4.4271729573848845e+001	
  3.3000000000000000e+003	 -1.8633823008077801e+001	 -4.4271729573848845e+001	
  3.3300000000000000e+003	 -1.8633823008077801e+001	 -4.4271729573848845e+001	
  3.3600000000000000e+003	 -1.8633823008077801e+001	 -4.4271729573848845e+001	
  3.3900000000000000e+003	 -1.8633823008077801e+001	 -4.4271729573848845e+001	
  3.4200000000000000e+003	 -1.8633823008077801e+001	 -4.4271729573848845e+001	
  3.4500000000000000e+003	 -1.8633823008077801e+001	 -4.4271729573848845e+001	
  3.4800000000000000e+003	 -1.8633823008077801e+001	 -4.4271729573848845e+001	
  3.5100000000000000e+003	 -1.8633823008077801e+001	 -4.4271729573848845e+001	
  3.5400000000000000e+003	 -1.8633823008077801e+001	 -4.4271729573848845e+001	
  3.5700000000000000e+003	 -1.8633823008077801e+001	 -4.4271729573848845e+001	
  3.6000000000000000e+003	 -1.8633823008077801e+001	 -4.4271729573848845e+001	
  3.6300000000000000e+003	 -1.8633823008077801e+001	 -4.4271729573848845e+001	
  3.6600000000000000e+003	 -1.8633823008077801e+001	 -4.4271729573848845e+001	
  3.6900000000000000e+003	 -1.8633823008077801e+001	 -4.4271729573848845e+001	
  3.7200000000000000e+003	 -1.8633823008077801e+001	 -4.4271729573848845e+001	
  3.7500000000000000e+003	 -1.8633823008077801e+001	 -4.4271729573848845e+001	
  3.7800000000000000e+003	 -1.8633823008077801e+001	 -4.4271729573848845e+001	
  3.8100000000000000e+003	 -1.8633823008077801e+001	 -4.4271729573848845e+001	
  3.8400000000000000e+003	 -1.8633823008077801e+001	 -4.4271729573848845e+001	
  3.8700000000000000e+003	 -1.8633823008077801e+001	 -4.4271729573848845e+001	
  3.9000000000000000e+003	 -1.8633823008077801e+001	 -4.4271729573848845e+001	
  3.9300000000000000e+003	 -1.8633823008077801e+001	 -4.4271729573848845e+001	
  3.9600000000000000e+003	 -1.8633823008077801e+001	 -4.4271729573848845e+001	
  3.9900000000000000e+003	 -1.8633823008077801e+001	 -4.4271729573848845e+001	
  4.0200000000000000e+003	 -1.8633823008077801e+001	 -4.4271729573848845e+001	
  4.0500000000000000e+003	 -1.8633823008077801e+001	 -4.4271729573848845e+001	
  4.0800000000000000e+003	 -1.8633823008077801e+001	 -4.4271729573848845e+001	
  4.1100000000000000e+003	 -1.8633823008077801e+001	 -4.4271729573848845e+001	
  4.1400000000000000e+003	 -1.8633823008077801e+001	 -4.4271729573848845e+001	
  4.1700000000000000e+003	 -1.8633823008077801e+001	 -4.4271729573848845e+001	
  4.2000000000000000e+003	 -1.8633823008077801e+001	 -4.4271729573848845e+001	
  4.2300000000000000e+003	 -1.8633823008077801e+001	 -4.4271729573848845e+001	
  4.2600000000000000e+003	 -1.8633823008077801e+001	 -4.4271729573848845e+001	
  4.2900000000000000e+003	 -1.8633823008077801e+001	 -4.4271729573848845e+001	
  4.3200000000000000e+003	 -1.8633823008077801e+001	 -4.4271729573848845e+001	
  4.3500000000000000e+003	 -1.8633823008077801e+001	 -4.4271729573848845e+001	
  4.3800000000000000e+003	 -1.8633823008077801e+001	 -4.4271729573848845e+001	
  4.4100000000000000e+003	 -1.8633823008077801e+001	 -4.4271729573848845e+001	
  4.4400000000000000e+003	 -1.8633823008077801e+001	 -4.4271729573848845e+001	
  4.4700000000000000e+003	 -1.8633823008077801e+001	 -4.4271729573848845e+001	
  4.5000000000000000e+003	 -1.8633823008077801e+001	 -4.4271729573848845e+001	
  4.5300000000000000e+003	 -1.8633823008077801e+001	 -4.4271729573848845e+001	
  4.5600000000000000e+003	 -1.8633823008077801e+001	 -4.4271729573848845e+001	
  4.5900000000000000e+003	 -1.8633823008077801e+001	 -4.4271729573848845e+001	
  4.6200000000000000e+003	 -1.8633823008077801e+001	 -4.4271729573848845e+001	
  4.6500000000000000e+003	 -1.8633823008077801e+001	 -4.4271729573848845e+001	
  4.6800000000000000e+003	 -1.8633823008077801e+001	 -4.4271729573848845e+001	
  4.7100000000000000e+003	 -1.8633823008077801e+001	 -4.4271729573848845e+001	
  4.7400000000000000e+003	 -1.8633823008077801e+001	 -4.4271729573848845e+001	
  4.7700000000000000e+003	 -1.8633823008077801e+001	 -4.4271729573848845e+001	
  4.8000000000000000e+003	 -1.8633823008077801e+001	 -4.4271729573848845e+001	
  4.8300000000000000e+003	 -1.8633823008077801e+001	 -4.4271729573848845e+001	
  4.8600000000000000e+003	 -1.8633823008077801e+001	 -4.4271729573848845e+001	
  4.8900000000000000e+003	 -1.8633823008077801e+001	 -4.4271729573848845e+001	
  4.9200000000000000e+003	 -1.8633823008077801e+001	 -4.4271729573848845e+001	
  4.9500000000000000e+003	 -1.8633823008077801e+001	 -4.4271729573848845e+001	
  4.9800000000000000e+003	 -1.8633823008077801e+001	 -4.4271729573848845e+001	
  5.0100000000000000e+003	 -1.8633823008077801e+001	 -4.4271729573848845e+001	
  5.0400000000000000e+003	 -1.8633823008077801e+001	 -4.4271729573848845e+001	
  5.0700000000000000e+003	 -1.8633823008077801e+001	 -4.4271729573848845e+001	
  5.1000000000000000e+003	 -1.8633823008077801e+001	 -4.4271729573848845e+001	
  5.1300000000000000e+003	 -1.8633823008077801e+001	 -4.4271729573848845e+001	
  5.1600000000000000e+003	 -1.8633823008077801e+001	 -4.4271729573848845e+001	
  5.1900000000000000e+003	 -1.8633823008077801e+001	 -4.4271729573848845e+001	
  5.2200000000000000e+003	 -1.8633823008077801e+001	 -4.4271729573848845e+001	
  5.2500000000000000e+003	 -1.8633823008077801e+001	 -4.4271729573848845e+001	
  5.2800000000000000e+003	 -1.8633823008077801e+001	 -4.4271729573848845e+001	
  5.3100000000000000e+003	 -1.8633823008077801e+001	 -4.4271729573848845e+001	
  5.3400000000000000e+003	 -1.8633823008077801e+001	 -4.4271729573848845e+001	
  5.3700000000000000e+003	 -1.8633823008077801e+001	 -4.4271729573848845e+001	
  5.4000000000000000e+003	 -1.8633823008077801e+001	 -4.4271729573848845e+001	
  5.4300000000000000e+003	 -1.8633823008077801e+001	 -4.4271729573848845e+001	
  5.4600000000000000e+003	 -1.8633823008077801e+001	 -4.4271729573848845e+001	
  5.4900000000000000e+003	 -1.8633823008077801e+001	 -4.4271729573848845e+001	
  5.5200000000000000e+003	 -1.8633823008077801e+001	 -4.4271729573848845e+001	
  5.5500000000000000e+003	 -1.8633823008077801e+001	 -4.4271729573848845e+001	
  5.5800000000000000e+003	 -1.8633823008077801e+001	 -4.4271729573848845e+001	
  5.6100000000000000e+003	 -1.8633823008077801e+001	 -4.4271729573848845e+001	
  5.6400000000000000e+003	 -1.8633823008077801e+001	 -4.4271729573848845e+001	
  5.6700000000000000e+003	 -1.8633823008077801e+001	 -4.4271729573848845e+001	
  5.7000000000000000e+003	 -1.8633823008077801e+001	 -4.4271729573848845e+001	
  5.7300000000000000e+003	 -1.8633823008077801e+001	 -4.4271729573848845e+001	
  5.7600000000000000e+003	 -1.8633823008077801e+001	 -4.4271729573848845e+001	
  5.7900000000000000e+003	 -1.8633823008077801e+001	 -4.4271729573848845e+001	
  5.8200000000000000e+003	 -1.8633823008077801e+001	 -4.4271729573848845e+001	
  5.8500000000000000e+003	 -1.8633823008077801e+001	 -4.4271729573848845e+001	
  5.8800000000000000e+003	 -1.8633823008077801e+001	 -4.4271729573848845e+001	
  5.9100000000000000e+003	 -1.8633823008077801e+001	 -4.4271729573848845e+001	
  5.9400000000000000e+003	 -1.8633823008077801e+001	 -4.4271729573848845e+001	
  5.9700000000000000e+003	 -1.8633823008077801e+001	 -4.4271729573848845e+001	
  6.0000000000000000e+003	 -1.8633823008077801e+001	 -4.4271729573848845e+001	
  6.0300000000000000e+003	 -1.8633823008077801e+001	 -4.4271729573848845e+001	
  6.0600000000000000e+003	 -1.8633823008077801e+001	 -4.4271729573848845e+001	
  6.0900000000000000e+003	 -1.8633823008077801e+001	 -4.4271729573848845e+001	
  6.1200000000000000e+003	 -1.8633823008077801e+001	 -4.4271729573848845e+001	
  6.1500000000000000e+003	 -1.8633823008077801e+001	 -4.4271729573848845e+001	
  6.1800000000000000e+003	 -1.8633823008077801e+001	 -4.4271729573848845e+001	
  6.2100000000000000e+003	 -1.8633823008077801e+001	 -4.4271729573848845e+001	
  6.2400000000000000e+003	 -1.8633823008077801e+001	 -4.4271729573848845e+001	
  6.2700000000000000e+003	 -1.8633823008077801e+001	 -4.4271729573848845e+001	
  6.3000000000000000e+003	 -1.8633823008077801e+001	 -4.4271729573848845e+001	
  6.3300000000000000e+003	 -1.8633823008077801e+001	 -4.4271729573848845e+001	
  6.3600000000000000e+003	 -1.8633823008077801e+001	 -4.4271729573848845e+001	
  6.3900000000000000e+003	 -1.8633823008077801e+001	 -4.4271729573848845e+001	
  6.4200000000000000e+003	 -1.8633823008077801e+001	 -4.4271729573848845e+001	
  6.4500000000000000e+003	 -1.8633823008077801e+001	 -4.4271729573848845e+001	
  6.4800000000000000e+003	 -1.8633823008077801e+001	 -4.4271729573848845e+001	
  6.5100000000000000e+003	 -1.8633823008077801e+001	 -4.4271729573848845e+001	
  6.5400000000000000e+003	 -1.8633823008077801e+001	 -4.4271729573848845e+001	
  6.5700000000000000e+003	 -1.8633823008077801e+001	 -4.4271729573848845e+001	
  6.6000000000000000e+003	 -1.8633823008077801e+001	 -4.4271729573848845e+001	
  6.6300000000000000e+003	 -1.8633823008077801e+001	 -4.4271729573848845e+001	
  6.6600000000000000e+003	 -1.8633823008077801e+001	 -4.4271729573848845e+001	
  6.6900000000000000e+003	 -1.8633823008077801e+001	 -4.4271729573848845e+001	
  6.7200000000000000e+003	 -1.8633823008077801e+001	 -4.4271729573848845e+001	
  6.7500000000000000e+003	 -1.8633823008077801e+001	 -4.4271729573848845e+001	
  6.7800000000000000e+003	 -1.8633823008077801e+001	 -4.4271729573848845e+001	
  6.8100000000000000e+003	 -1.8633823008077801e+001	 -4.4271729573848845e+001	
  6.8400000000000000e+003	 -1.8633823008077801e+001	 -4.4271729573848845e+001	
  6.8700000000000000e+003	 -1.8633823008077801e+001	 -4.4271729573848845e+001	
  6.9000000000000000e+003	 -1.8633823008077801e+001	 -4.4271729573848845e+001	
  6.9300000000000000e+003	 -1.8633823008077801e+001	 -4.4271729573848845e+001	
  6.9600000000000000e+003	 -1.8633823008077801e+001	 -4.4271729573848845e+001	
  6.9900000000000000e+003	 -1.8633823008077801e+001	 -4.4271729573848845e+001	
  7.0200000000000000e+003	 -1.8633823008077801e+001	 -4.4271729573848845e+001	
  7.0500000000000000e+003	 -1.8633823008077801e+001	 -4.4271729573848845e+001	
  7.0800000000000000e+003	 -1.8633823008077801e+001	 -4.4271729573848845e+001	
  7.1100000000000000e+003	 -1.8633823008077801e+001	 -4.4271729573848845e+001	
  7.1400000000000000e+003	 -1.8633823008077801e+001	 -4.4271729573848845e+001	
  7.1700000000000000e+003	 -1.8633823008077801e+001	 -4.4271729573848845e+001	
  7.2000000000000000e+003	 -1.8633823008077801e+001	 -4.4271729573848845e+001	
  7.2300000000000000e+003	 -1.8633823008077801e+001	 -4.4271729573848845e+001	
  7.2600000000000000e+003	 -1.8633823008077801e+001	 -4.4271729573848845e+001	
  7.2900000000000000e+003	 -1.8633823008077801e+001	 -4.4271729573848845e+001	
  7.3200000000000000e+003	 -1.8633823008077801e+001	 -4.4271729573848845e+001	
  7.3500000000000000e+003	 -1.8633823008077801e+001	 -4.4271729573848845e+001	
  7.3800000000000000e+003	 -1.8633823008077801e+001	 -4.4271729573848845e+001	
  7.4100000000000000e+003	 -1.8633823008077801e+001	 -4.4271729573848845e+001	
  7.4400000000000000e+003	 -1.8633823008077801e+001	 -4.4271729573848845e+001	
  7.4700000000000000e+003	 -1.8633823008077801e+001	 -4.4271729573848845e+001	
  7.5000000000000000e+003	 -1.8633823008077801e+001	 -4.4271729573848845e+001	
  7.5300000000000000e+003	 -1.8633823008077801e+001	 -4.4271729573848845e+001	
  7.5600000000000000e+003	 -1.8633823008077801e+001	 -4.4271729573848845e+001	
  7.5900000000000000e+003	 -1.8633823008077801e+001	 -4.4271729573848845e+001	
  7.6200000000000000e+003	 -1.8633823008077801e+001	 -4.4271729573848845e+001	
  7.6500000000000000e+003	 -1.8633823008077801e+001	 -4.4271729573848845e+001	
  7.6800000000000000e+003	 -1.8633823008077801e+001	 -4.4271729573848845e+001	
  7.7100000000000000e+003	 -1.8633823008077801e+001	 -4.4271729573848845e+001	
  7.7400000000000000e+003	 -1.8633823008077801e+001	 -4.4271729573848845e+001	
  7.7700000000000000e+003	 -1.8633823008077801e+001	 -4.4271729573848845e+001	
  7.8000000000000000e+003	 -1.8633823008077801e+001	 -4.4271729573848845e+001	
  7.8300000000000000e+003	 -1.8633823008077801e+001	 -4.4271729573848845e+001	
  7.8600000000000000e+003	 -1.8633823008077801e+001	 -4.4271729573848845e+001	
  7.8900000000000000e+003	 -1.8633823008077801e+001	 -4.4271729573848845e+001	
  7.9200000000000000e+003	 -1.8633823008077801e+001	 -4.4271729573848845e+001	
  7.9500000000000000e+003	 -1.8633823008077801e+001	 -4.4271729573848845e+001	
  7.9800000000000000e+003	 -1.8633823008077801e+001	 -4.4271729573848845e+001	
  8.0100000000000000e+003	 -1.8633823008077801e+001	 -4.4271729573848845e+001	
  8.0400000000000000e+003	 -1.8633823008077801e+001	 -4.4271729573848845e+001	
  8.0700000000000000e+003	 -1.8633823008077801e+001	 -4.4271729573848845e+001	
  8.1000000000000000e+003	 -1.8633823008077801e+001	 -4.4271729573848845e+001	
  8.1300000000000000e+003	 -1.8633823008077801e+001	 -4.4271729573848845e+001	
  8.1600000000000000e+003	 -1.8633823008077801e+001	 -4.4271729573848845e+001	
  8.1900000000000000e+003	 -1.8633823008077801e+001	 -4.4271729573848845e+001	
  8.2200000000000000e+003	 -1.8633823008077801e+001	 -4.4271729573848845e+001	
  8.2500000000000000e+003	 -1.8633823008077801e+001	 -4.4271729573848845e+001	
  8.2800000000000000e+003	 -1.8633823008077801e+001	 -4.4271729573848845e+001	
  8.3100000000000000e+003	 -1.8633823008077801e+001	 -4.4271729573848845e+001	
  8.3400000000000000e+003	 -1.8633823008077801e+001	 -4.4271729573848845e+001	
  8.3700000000000000e+003	 -1.8633823008077801e+001	 -4.4271729573848845e+001	
  8.4000000000000000e+003	 -1.8633823008077801e+001	 -4.4271729573848845e+001	
  8.4300000000000000e+003	 -1.8633823008077801e+001	 -4.4271729573848845e+001	
  8.4600000000000000e+003	 -1.8633823008077801e+001	 -4.4271729573848845e+001	
  8.4900000000000000e+003	 -1.8633823008077801e+001	 -4.4271729573848845e+001	
  8.5200000000000000e+003	 -1.8633823008077801e+001	 -4.4271729573848845e+001	
  8.5500000000000000e+003	 -1.8633823008077801e+001	 -4.4271729573848845e+001	
  8.5800000000000000e+003	 -1.8633823008077801e+001	 -4.4271729573848845e+001	
  8.6100000000000000e+003	 -1.8633823008077801e+001	 -4.4271729573848845e+001	
  8.6400000000000000e+003	 -1.8633823008077801e+001	 -4.4271729573848845e+001	
  8.6700000000000000e+003	 -1.8633823008077801e+001	 -4.4271729573848845e+001	
  8.7000000000000000e+003	 -1.8633823008077801e+001	 -4.4271729573848845e+001	
  8.7300000000000000e+003	 -1.8633823008077801e+001	 -4.4271729573848845e+001	
  8.7600000000000000e+003	 -1.8633823008077801e+001	 -4.4271729573848845e+001	
  8.7900000000000000e+003	 -1.8633823008077801e+001	 -4.4271729573848845e+001	
  8.8200000000000000e+003	 -1.8633823008077801e+001	 -4.4271729573848845e+001	
  8.8500000000000000e+003	 -1.8633823008077801e+001	 -4.4271729573848845e+001	
  8.8800000000000000e+003	 -1.8633823008077801e+001	 -4.4271729573848845e+001	
  8.9100000000000000e+003	 -1.8633823008077801e+001	 -4.4271729573848845e+001	
  8.9400000000000000e+003	 -1.8633823008077801e+001	 -4.4271729573848845e+001	
  8.9700000000000000e+003	 -1.8633823008077801e+001	 -4.4271729573848845e+001	
  9.0000000000000000e+003	 -1.8633823008077801e+001	 -4.4271729573848845e+001	
  9.0300000000000000e+003	 -1.8633823008077801e+001	 -4.4271729573848845e+001	
  9.0600000000000000e+003	 -1.8633823008077801e+001	 -4.4271729573848845e+001	
  9.0900000000000000e+003	 -1.8633823008077801e+001	 -4.4271729573848845e+001	
  9.1200000000000000e+003	 -1.8633823008077801e+001	 -4.4271729573848845e+001	
  9.1500000000000000e+003	 -1.8633823008077801e+001	 -4.4271729573848845e+001	
  9.1800000000000000e+003	 -1.8633823008077801e+001	 -4.4271729573848845e+001	
  9.2100000000000000e+003	 -1.8633823008077801e+001	 -4.4271729573848845e+001	
  9.2400000000000000e+003	 -1.8633823008077801e+001	 -4.4271729573848845e+001	
  9.2700000000000000e+003	 -1.8633823008077801e+001	 -4.4271729573848845e+001	
  9.3000000000000000e+003	 -1.8633823008077801e+001	 -4.4271729573848845e+001	
  9.3300000000000000e+003	 -1.8633823008077801e+001	 -4.4271729573848845e+001	
  9.3600000000000000e+003	 -1.8633823008077801e+001	 -4.4271729573848845e+001	
  9.3900000000000000e+003	 -1.8633823008077801e+001	 -4.4271729573848845e+001	
  9.4200000000000000e+003	 -1.8633823008077801e+001	 -4.4271729573848845e+001	
  9.4500000000000000e+003	 -1.8633823008077801e+001	 -4.4271729573848845e+001	
  9.4800000000000000e+003	 -1.8633823008077801e+001	 -4.4271729573848845e+001	
  9.5100000000000000e+003	 -1.8633823008077801e+001	 -4.4271729573848845e+001	
  9.5400000000000000e+003	 -1.8633823008077801e+001	 -4.4271729573848845e+001	
  9.5700000000000000e+003	 -1.8633823008077801e+001	 -4.4271729573848845e+001	
  9.6000000000000000e+003	 -1.8633823008077801e+001	 -4.4271729573848845e+001	
  9.6300000000000000e+003	 -1.8633823008077801e+001	 -4.4271729573848845e+001	
  9.6600000000000000e+003	 -1.8633823008077801e+001	 -4.4271729573848845e+001	
  9.6900000000000000e+003	 -1.8633823008077801e+001	 -4.4271729573848845e+001	
  9.7200000000000000e+003	 -1.8633823008077801e+001	 -4.4271729573848845e+001	
  9.7500000000000000e+003	 -1.8633823008077801e+001	 -4.4271729573848845e+001	
  9.7800000000000000e+003	 -1.8633823008077801e+001	 -4.4271729573848845e+001	
  9.8100000000000000e+003	 -1.8633823008077801e+001	 -4.4271729573848845e+001	
  9.8400000000000000e+003	 -1.8633823008077801e+001	 -4.4271729573848845e+001	
  9.8700000000000000e+003	 -1.8633823008077801e+001	 -4.4271729573848845e+001	
  9.9000000000000000e+003	 -1.8633823008077801e+001	 -4.4271729573848845e+001	
  9.9300000000000000e+003	 -1.8633823008077801e+001	 -4.4271729573848845e+001	
  9.9600000000000000e+003	 -1.8633823008077801e+001	 -4.4271729573848845e+001	
  9.9900000000000000e+003	 -1.8633823008077801e+001	 -4.4271729573848845e+001	
  1.0020000000000000e+004	 -1.8633823008077801e+001	 -4.4271729573848845e+001	
  1.0050000000000000e+004	 -1.8633823008077801e+001	 -4.4271729573848845e+001	
  1.0080000000000000e+004	 -1.8633823008077801e+001	 -4.4271729573848845e+001	
  1.0110000000000000e+004	 -1.8633823008077801e+001	 -4.4271729573848845e+001	
  1.0140000000000000e+004	 -1.8633823008077801e+001	 -4.4271729573848845e+001	
  1.0170000000000000e+004	 -1.8633823008077801e+001	 -4.4271729573848845e+001	
  1.0200000000000000e+004	 -1.8633823008077801e+001	 -4.4271729573848845e+001	
  1.0230000000000000e+004	 -1.8633823008077801e+001	 -4.4271729573848845e+001	
  1.0260000000000000e+004	 -1.8633823008077801e+001	 -4.4271729573848845e+001	
  1.0290000000000000e+004	 -1.8633823008077801e+001	 -4.4271729573848845e+001	
  1.0320000000000000e+004	 -1.8633823008077801e+001	 -4.4271729573848845e+001	
  1.0350000000000000e+004	 -1.8633823008077801e+001	 -4.4271729573848845e+001	
  1.0380000000000000e+004	 -1.8633823008077801e+001	 -4.4271729573848845e+001	
  1.0410000000000000e+004	 -1.8633823008077801e+001	 -4.4271729573848845e+001	
  1.0440000000000000e+004	 -1.8633823008077801e+001	 -4.4271729573848845e+001	
  1.0470000000000000e+004	 -1.8633823008077801e+001	 -4.4271729573848845e+001	
  1.0500000000000000e+004	 -1.8633823008077801e+001	 -4.4271729573848845e+001	
  1.0530000000000000e+004	 -1.8633823008077801e+001	 -4.4271729573848845e+001	
  1.0560000000000000e+004	 -1.8712906095140887e+001	 -4.3857543181007529e+001	
  1.0590000000000000e+004	 -2.6252332212164578e+001	 -4.3708738630473167e+000	
  1.0620000000000000e+004	 -3.3791758329188269e+001	  3.5115795454912899e+001	
  1.0650000000000000e+004	 -4.1331184446211971e+001	  7.4602464772873105e+001	
  1.0680000000000000e+004	 -4.8870610563235658e+001	  1.1408913409083330e+002	
  1.0710000000000000e+004	 -5.6410036680259346e+001	  1.5357580340879352e+002	
  1.0740000000000000e+004	 -6.3949462797283040e+001	  1.9306247272675375e+002	
  1.0770000000000000e+004	 -7.1488888914306727e+001	  2.3254914204471393e+002	
  1.0800000000000000e+004	 -7.9028315031330436e+001	  2.7203581136267422e+002	
  1.0830000000000000e+004	 -8.6567741148354102e+001	  3.1152248068063437e+002	
  1.0860000000000000e+004	 -9.4107167265377811e+001	  3.5100914999859458e+002	
  1.0890000000000000e+004	 -1.0164659338240149e+002	  3.9049581931655479e+002	
  1.0920000000000000e+004	 -1.0918601949942519e+002	  4.2998248863451505e+002	
  1.0950000000000000e+004	 -1.1672544561644889e+002	  4.6946915795247526e+002	
  1.0980000000000000e+004	 -1.2426487173347256e+002	  5.0895582727043541e+002	
  1.1010000000000000e+004	 -1.3180429785049625e+002	  5.4844249658839567e+002	
  1.1040000000000000e+004	 -1.3934372396751994e+002	  5.8792916590635582e+002	
  1.1070000000000000e+004	 -1.4688315008454364e+002	  6.2741583522431608e+002	
  1.1100000000000000e+004	 -1.4247771813220658e+002	  6.2638923662386151e+002	
  1.1130000000000000e+004	 -1.4218668343619680e+002	  6.1828782560132925e+002	
  1.1160000000000000e+004	 -1.4218668343619680e+002	  6.1828782560132925e+002	
  1.1190000000000000e+004	 -1.4218668343619680e+002	  6.1828782560132925e+002	
  1.1220000000000000e+004	 -1.4218668343619680e+002	  6.1828782560132925e+002	
  1.1250000000000000e+004	 -1.4218668343619680e+002	  6.1828782560132925e+002	
  1.1280000000000000e+004	 -1.4218668343619680e+002	  6.1828782560132925e+002	
  1.1310000000000000e+004	 -1.4218668343619680e+002	  6.1828782560132925e+002	
  1.1340000000000000e+004	 -1.4218668343619680e+002	  6.1828782560132925e+002	
  1.1370000000000000e+004	 -1.4218668343619680e+002	  6.1828782560132925e+002	
  1.1400000000000000e+004	 -1.4218668343619680e+002	  6.1828782560132925e+002	
  1.1430000000000000e+004	 -1.4218668343619680e+002	  6.1828782560132925e+002	
  1.1460000000000000e+004	 -1.4218668343619680e+002	  6.1828782560132925e+002	
  1.1490000000000000e+004	 -1.4218668343619680e+002	  6.1828782560132925e+002	
  1.1520000000000000e+004	 -1.4218668343619680e+002	  6.1828782560132925e+002	
  1.1550000000000000e+004	 -1.4218668343619680e+002	  6.1828782560132925e+002	
  1.1580000000000000e+004	 -1.4218668343619680e+002	  6.1828782560132925e+002	
  1.1610000000000000e+004	 -1.4218668343619680e+002	  6.1828782560132925e+002	
  1.1640000000000000e+004	 -1.4218668343619680e+002	  6.1828782560132925e+002	
  1.1670000000000000e+004	 -1.4218668343619680e+002	  6.1828782560132925e+002	
  1.1700000000000000e+004	 -1.4218668343619680e+002	  6.1828782560132925e+002	
  1.1730000000000000e+004	 -1.4218668343619680e+002	  6.1828782560132925e+002	
  1.1760000000000000e+004	 -1.4218668343619680e+002	  6.1828782560132925e+002	
  1.1790000000000000e+004	 -1.4218668343619680e+002	  6.1828782560132925e+002	
  1.1820000000000000e+004	 -1.4218668343619680e+002	  6.1828782560132925e+002	
  1.1850000000000000e+004	 -1.4218668343619680e+002	  6.1828782560132925e+002	
  1.1880000000000000e+004	 -1.4218668343619680e+002	  6.1828782560132925e+002	
  1.1910000000000000e+004	 -1.4218668343619680e+002	  6.1828782560132925e+002	
  1.1940000000000000e+004	 -1.4218668343619680e+002	  6.1828782560132925e+002	
  1.1970000000000000e+004	 -1.4218668343619680e+002	  6.1828782560132925e+002	
  1.2000000000000000e+004	 -1.4218668343619680e+002	  6.1828782560132925e+002	
  1.2030000000000000e+004	 -1.4218668343619680e+002	  6.1828782560132925e+002	
  1.2060000000000000e+004	 -1.4218668343619680e+002	  6.1828782560132925e+002	
  1.2090000000000000e+004	 -1.4218668343619680e+002	  6.1828782560132925e+002	
  1.2120000000000000e+004	 -1.4218668343619680e+002	  6.1828782560132925e+002	
  1.2150000000000000e+004	 -1.4218668343619680e+002	  6.1828782560132925e+002	
  1.2180000000000000e+004	 -1.4218668343619680e+002	  6.1828782560132925e+002	
  1.2210000000000000e+004	 -1.4218668343619680e+002	  6.1828782560132925e+002	
  1.2240000000000000e+004	 -1.4218668343619680e+002	  6.1828782560132925e+002	
  1.2270000000000000e+004	 -1.4218668343619680e+002	  6.1828782560132925e+002	
  1.2300000000000000e+004	 -1.4218668343619680e+002	  6.1828782560132925e+002	
  1.2330000000000000e+004	 -1.4218668343619680e+002	  6.1828782560132925e+002	
  1.2360000000000000e+004	 -1.4218668343619680e+002	  6.1828782560132925e+002	
  1.2390000000000000e+004	 -1.4218668343619680e+002	  6.1828782560132925e+002	
  1.2420000000000000e+004	 -1.4218668343619680e+002	  6.1828782560132925e+002	
  1.2450000000000000e+004	 -1.4218668343619680e+002	  6.1828782560132925e+002	
  1.2480000000000000e+004	 -1.4218668343619680e+002	  6.1828782560132925e+002	
  1.2510000000000000e+004	 -1.4218668343619680e+002	  6.1828782560132925e+002	
  1.2540000000000000e+004	 -1.4218668343619680e+002	  6.1828782560132925e+002	
  1.2570000000000000e+004	 -1.4218668343619680e+002	  6.1828782560132925e+002	
  1.2600000000000000e+004	 -1.4218668343619680e+002	  6.1828782560132925e+002	
  1.2630000000000000e+004	 -1.4218668343619680e+002	  6.1828782560132925e+002	
  1.2660000000000000e+004	 -1.4218668343619680e+002	  6.1828782560132925e+002	
  1.2690000000000000e+004	 -1.4218668343619680e+002	  6.1828782560132925e+002	
  1.2720000000000000e+004	 -1.4218668343619680e+002	  6.1828782560132925e+002	
  1.2750000000000000e+004	 -1.4218668343619680e+002	  6.1828782560132925e+002	
  1.2780000000000000e+004	 -1.4218668343619680e+002	  6.1828782560132925e+002	
  1.2810000000000000e+004	 -1.4218668343619680e+002	  6.1828782560132925e+002	
  1.2840000000000000e+004	 -1.4218668343619680e+002	  6.1828782560132925e+002	
  1.2870000000000000e+004	 -1.4218668343619680e+002	  6.1828782560132925e+002	
  1.2900000000000000e+004	 -1.4218668343619680e+002	  6.1828782560132925e+002	
  1.2930000000000000e+004	 -1.4218668343619680e+002	  6.1828782560132925e+002	
  1.2960000000000000e+004	 -1.4218668343619680e+002	  6.1828782560132925e+002	
  1.2990000000000000e+004	 -1.4218668343619680e+002	  6.1828782560132925e+002	
  1.3020000000000000e+004	 -1.4218668343619680e+002	  6.1828782560132925e+002	
  1.3050000000000000e+004	 -1.4218668343619680e+002	  6.1828782560132925e+002	
  1.3080000000000000e+004	 -1.4218668343619680e+002	  6.1828782560132925e+002	
  1.3110000000000000e+004	 -1.4218668343619680e+002	  6.1828782560132925e+002	
  1.3140000000000000e+004	 -1.4218668343619680e+002	  6.1828782560132925e+002	
  1.3170000000000000e+004	 -1.4218668343619680e+002	  6.1828782560132925e+002	
  1.3200000000000000e+004	 -1.4218668343619680e+002	  6.1828782560132925e+002	
  1.3230000000000000e+004	 -1.4218668343619680e+002	  6.1828782560132925e+002	
  1.3260000000000000e+004	 -1.4218668343619680e+002	  6.1828782560132925e+002	
  1.3290000000000000e+004	 -1.4218668343619680e+002	  6.1828782560132925e+002	
  1.3320000000000000e+004	 -1.4218668343619680e+002	  6.1828782560132925e+002	
  1.3350000000000000e+004	 -1.4218668343619680e+002	  6.1828782560132925e+002	
  1.3380000000000000e+004	 -1.4218668343619680e+002	  6.1828782560132925e+002	
  1.3410000000000000e+004	 -1.4218668343619680e+002	  6.1828782560132925e+002	
  1.3440000000000000e+004	 -1.4950234531878377e+002	  6.3142324516940141e+002	
  1.3470000000000000e+004	 -1.3606079975998642e+002	  6.3041496965149338e+002	
  1.3500000000000000e+004	 -1.3778031072735592e+002	  6.2970853605000150e+002	
  1.3530000000000000e+004	 -1.3889945082714738e+002	  6.2918928077115640e+002	
  1.3560000000000000e+004	 -1.3923349056164443e+002	  6.2891479714500338e+002	
  1.3590000000000000e+004	 -1.3956753029614148e+002	  6.2864031351885035e+002	
  1.3620000000000000e+004	 -1.3945464574874777e+002	  6.2940562146764353e+002	
  1.3650000000000000e+004	 -1.3980130043131672e+002	  6.2923618659535850e+002	
  1.3680000000000000e+004	 -1.4078579325133691e+002	  6.2820245851518462e+002	
  1.3710000000000000e+004	 -1.4162874162575167e+002	  6.2864773825026350e+002	
  1.3740000000000000e+004	 -1.4992064494383152e+002	  6.2049073067363634e+002	
  1.3770000000000000e+004	 -1.6110392327922216e+002	  6.0850203295254278e+002	
  1.3800000000000000e+004	 -1.9646700378930302e+002	  6.0771269364852412e+002	
  1.3830000000000000e+004	 -2.5286699785628922e+001	  5.0596887058545889e+002	
  1.3860000000000000e+004	  2.1243269538076120e+002	  3.4493754347690253e+002	
  1.3890000000000000e+004	  1.3312785539217442e+001	  2.2794648931889114e+002	
  1.3920000000000000e+004	 -5.1960422114087407e+001	  1.2047776178162076e+002	
  1.3950000000000000e+004	 -5.1960422114087407e+001	  1.2047776178162076e+002	
  1.3980000000000000e+004	 -5.4694533854655468e+001	  1.1434520857365823e+002	
  1.4010000000000000e+004	 -8.6551656310739475e+001	  1.1212902080596712e+002	
  1.4040000000000000e+004	 -4.2053823960672361e+001	  1.4206634960549636e+002	
  1.4070000000000000e+004	 -5.3343700720730915e+001	  1.0427823516782949e+002	
  1.4100000000000000e+004	 -7.3656428163522250e+001	  7.2289924030079135e+001	
  1.4130000000000000e+004	 -9.4489500778930150e+001	  3.9921376850974582e+001	
  1.4160000000000000e+004	 -1.0376104954378893e+002	  4.4345884931342106e+000	
  1.4190000000000000e+004	 -1.0097221964659694e+002	 -1.8408977123453223e+001	
  1.4220000000000000e+004	 -8.7861254327187808e+001	 -3.8357951277890223e+001	
  1.4250000000000000e+004	 -5.7951389575443550e+001	 -6.6520188392090418e+001	
  1.4280000000000000e+004	 -2.5452463849519241e+001	 -6.3891325357979298e+001	
  1.4310000000000000e+004	 -2.3420273653362326e+001	 -5.7073162854924561e+001	
  1.4340000000000000e+004	 -2.3420273653362326e+001	 -5.7073162854924561e+001	
  1.4370000000000000e+004	 -2.3420273653362326e+001	 -5.7073162854924561e+001	
  1.4400000000000000e+004	 -2.3420273653362326e+001	 -5.7073162854924561e+001	
  1.4430000000000000e+004	 -2.3420273653362326e+001	 -5.7073162854924561e+001	
  1.4460000000000000e+004	 -2.3420273653362326e+001	 -5.7073162854924561e+001	
  1.4490000000000000e+004	 -2.3420273653362326e+001	 -5.7073162854924561e+001	
  1.4520000000000000e+004	 -2.3420273653362326e+001	 -5.7073162854924561e+001	
  1.4550000000000000e+004	 -2.3420273653362326e+001	 -5.7073162854924561e+001	
  1.4580000000000000e+004	 -2.3420273653362326e+001	 -5.7073162854924561e+001	
  1.4610000000000000e+004	 -2.3420273653362326e+001	 -5.7073162854924561e+001	
  1.4640000000000000e+004	 -2.3420273653362326e+001	 -5.7073162854924561e+001	
  1.4670000000000000e+004	 -2.3420273653362326e+001	 -5.7073162854924561e+001	
  1.4700000000000000e+004	 -2.3420273653362326e+001	 -5.7073162854924561e+001	
  1.4730000000000000e+004	 -2.3420273653362326e+001	 -5.7073162854924561e+001	
  1.4760000000000000e+004	 -2.3420273653362326e+001	 -5.7073162854924561e+001	
  1.4790000000000000e+004	 -2.3420273653362326e+001	 -5.7073162854924561e+001	
  1.4820000000000000e+004	 -2.3420273653362326e+001	 -5.7073162854924561e+001	
  1.4850000000000000e+004	 -2.3420273653362326e+001	 -5.7073162854924561e+001	
  1.4880000000000000e+004	 -2.3420273653362326e+001	 -5.7073162854924561e+001	
  1.4910000000000000e+004	 -2.3420273653362326e+001	 -5.7073162854924561e+001	
  1.4940000000000000e+004	 -2.3420273653362326e+001	 -5.7073162854924561e+001	
  1.4970000000000000e+004	 -2.3420273653362326e+001	 -5.7073162854924561e+001	
  1.5000000000000000e+004	 -2.3420273653362326e+001	 -5.7073162854924561e+001	
  1.5030000000000000e+004	 -2.3420273653362326e+001	 -5.7073162854924561e+001	
  1.5060000000000000e+004	 -2.3420273653362326e+001	 -5.7073162854924561e+001	
  1.5090000000000000e+004	 -2.3420273653362326e+001	 -5.7073162854924561e+001	
  1.5120000000000000e+004	 -2.3420273653362326e+001	 -5.7073162854924561e+001	
  1.5150000000000000e+004	 -2.3420273653362326e+001	 -5.7073162854924561e+001	
  1.5180000000000000e+004	 -2.3420273653362326e+001	 -5.7073162854924561e+001	
  1.5210000000000000e+004	 -2.3420273653362326e+001	 -5.7073162854924561e+001	
  1.5240000000000000e+004	 -2.3420273653362326e+001	 -5.7073162854924561e+001	
  1.5270000000000000e+004	 -2.3420273653362326e+001	 -5.7073162854924561e+001	
  1.5300000000000000e+004	 -2.3420273653362326e+001	 -5.7073162854924561e+001	
  1.5330000000000000e+004	 -2.3420273653362326e+001	 -5.7073162854924561e+001	
  1.5360000000000000e+004	 -2.3420273653362326e+001	 -5.7073162854924561e+001	
  1.5390000000000000e+004	 -2.3420273653362326e+001	 -5.7073162854924561e+001	
  1.5420000000000000e+004	 -2.3420273653362326e+001	 -5.7073162854924561e+001	
  1.5450000000000000e+004	 -2.3420273653362326e+001	 -5.7073162854924561e+001	
  1.5480000000000000e+004	 -2.3420273653362326e+001	 -5.7073162854924561e+001	
  1.5510000000000000e+004	 -2.3420273653362326e+001	 -5.7073162854924561e+001	
  1.5540000000000000e+004	 -2.3420273653362326e+001	 -5.7073162854924561e+001	
  1.5570000000000000e+004	 -2.3420273653362326e+001	 -5.7073162854924561e+001	
  1.5600000000000000e+004	 -2.3420273653362326e+001	 -5.7073162854924561e+001	
  1.5630000000000000e+004	 -2.3420273653362326e+001	 -5.7073162854924561e+001	
  1.5660000000000000e+004	 -2.3420273653362326e+001	 -5.7073162854924561e+001	
  1.5690000000000000e+004	 -2.3420273653362326e+001	 -5.7073162854924561e+001	
  1.5720000000000000e+004	 -2.3420273653362326e+001	 -5.7073162854924561e+001	
  1.5750000000000000e+004	 -2.3420273653362326e+001	 -5.7073162854924561e+001	
  1.5780000000000000e+004	 -2.3420273653362326e+001	 -5.7073162854924561e+001	
  1.5810000000000000e+004	 -2.3420273653362326e+001	 -5.7073162854924561e+001	
  1.5840000000000000e+004	 -2.3420273653362326e+001	 -5.7073162854924561e+001	
  1.5870000000000000e+004	 -2.3420273653362326e+001	 -5.7073162854924561e+001	
  1.5900000000000000e+004	 -2.3420273653362326e+001	 -5.7073162854924561e+001	
  1.5930000000000000e+004	 -2.3420273653362326e+001	 -5.7073162854924561e+001	
  1.5960000000000000e+004	 -2.3420273653362326e+001	 -5.7073162854924561e+001	
  1.5990000000000000e+004	 -2.3420273653362326e+001	 -5.7073162854924561e+001	
  1.6020000000000000e+004	 -2.3420273653362326e+001	 -5.7073162854924561e+001	
  1.6050000000000000e+004	 -2.3420273653362326e+001	 -5.7073162854924561e+001	
  1.6080000000000000e+004	 -2.3420273653362326e+001	 -5.7073162854924561e+001	
  1.6110000000000000e+004	 -2.3420273653362326e+001	 -5.7073162854924561e+001	
  1.6140000000000000e+004	 -2.3420273653362326e+001	 -5.7073162854924561e+001	
  1.6170000000000000e+004	 -2.3420273653362326e+001	 -5.7073162854924561e+001	
  1.6200000000000000e+004	 -2.3420273653362326e+001	 -5.7073162854924561e+001	
  1.6230000000000000e+004	 -2.3420273653362326e+001	 -5.7073162854924561e+001	
  1.6260000000000000e+004	 -2.3420273653362326e+001	 -5.7073162854924561e+001	
  1.6290000000000000e+004	 -2.3420273653362326e+001	 -5.7073162854924561e+001	
  1.6320000000000000e+004	 -2.3420273653362326e+001	 -5.7073162854924561e+001	
  1.6350000000000000e+004	 -2.3420273653362326e+001	 -5.7073162854924561e+001	
  1.6380000000000000e+004	 -2.3420273653362326e+001	 -5.7073162854924561e+001	
  1.6410000000000000e+004	 -2.3420273653362326e+001	 -5.7073162854924561e+001	
  1.6440000000000000e+004	 -2.3420273653362326e+001	 -5.7073162854924561e+001	
  1.6470000000000000e+004	 -2.3420273653362326e+001	 -5.7073162854924561e+001	
  1.6500000000000000e+004	 -2.3420273653362326e+001	 -5.7073162854924561e+001	
  1.6530000000000000e+004	 -2.3420273653362326e+001	 -5.7073162854924561e+001	
  1.6560000000000000e+004	 -2.3420273653362326e+001	 -5.7073162854924561e+001	
  1.6590000000000000e+004	 -2.3420273653362326e+001	 -5.7073162854924561e+001	
  1.6620000000000000e+004	 -2.3420273653362326e+001	 -5.7073162854924561e+001	
  1.6650000000000000e+004	 -2.3420273653362326e+001	 -5.7073162854924561e+001	
  1.6680000000000000e+004	 -2.3420273653362326e+001	 -5.7073162854924561e+001	
  1.6710000000000000e+004	 -2.3420273653362326e+001	 -5.7073162854924561e+001	
  1.6740000000000000e+004	 -2.3420273653362326e+001	 -5.7073162854924561e+001	
  1.6770000000000000e+004	 -2.3420273653362326e+001	 -5.7073162854924561e+001	
  1.6800000000000000e+004	 -2.3420273653362326e+001	 -5.7073162854924561e+001	
  1.6830000000000000e+004	 -2.3420273653362326e+001	 -5.7073162854924561e+001	
  1.6860000000000000e+004	 -2.3420273653362326e+001	 -5.7073162854924561e+001	
  1.6890000000000000e+004	 -2.3420273653362326e+001	 -5.7073162854924561e+001	
  1.6920000000000000e+004	 -2.3420273653362326e+001	 -5.7073162854924561e+001	
  1.6950000000000000e+004	 -2.3420273653362326e+001	 -5.7073162854924561e+001	
  1.6980000000000000e+004	 -2.3420273653362326e+001	 -5.7073162854924561e+001	
  1.7010000000000000e+004	 -2.3420273653362326e+001	 -5.7073162854924561e+001	
  1.7040000000000000e+004	 -2.3420273653362326e+001	 -5.7073162854924561e+001	
  1.7070000000000000e+004	 -2.3420273653362326e+001	 -5.7073162854924561e+001	
  1.7100000000000000e+004	 -2.3420273653362326e+001	 -5.7073162854924561e+001	
  1.7130000000000000e+004	 -2.3420273653362326e+001	 -5.7073162854924561e+001	
  1.7160000000000000e+004	 -2.3420273653362326e+001	 -5.7073162854924561e+001	
  1.7190000000000000e+004	 -2.3420273653362326e+001	 -5.7073162854924561e+001	
  1.7220000000000000e+004	 -2.3420273653362326e+001	 -5.7073162854924561e+001	
  1.7250000000000000e+004	 -2.3420273653362326e+001	 -5.7073162854924561e+001	
  1.7280000000000000e+004	 -2.3420273653362326e+001	 -5.7073162854924561e+001	
  1.7310000000000000e+004	 -2.3420273653362326e+001	 -5.7073162854924561e+001	
  1.7340000000000000e+004	 -2.3420273653362326e+001	 -5.7073162854924561e+001	
  1.7370000000000000e+004	 -2.3420273653362326e+001	 -5.7073162854924561e+001	
  1.7400000000000000e+004	 -2.3420273653362326e+001	 -5.7073162854924561e+001	
  1.7430000000000000e+004	 -2.3420273653362326e+001	 -5.7073162854924561e+001	
  1.7460000000000000e+004	 -2.3420273653362326e+001	 -5.7073162854924561e+001	
  1.7490000000000000e+004	 -2.3420273653362326e+001	 -5.7073162854924561e+001	
  1.7520000000000000e+004	 -2.3420273653362326e+001	 -5.7073162854924561e+001	
  1.7550000000000000e+004	 -2.3420273653362326e+001	 -5.7073162854924561e+001	
  1.7580000000000000e+004	 -2.3420273653362326e+001	 -5.7073162854924561e+001	
  1.7610000000000000e+004	 -2.3420273653362326e+001	 -5.7073162854924561e+001	
  1.7640000000000000e+004	 -2.3420273653362326e+001	 -5.7073162854924561e+001	
  1.7670000000000000e+004	 -2.3420273653362326e+001	 -5.7073162854924561e+001	
  1.7700000000000000e+004	 -2.3420273653362326e+001	 -5.7073162854924561e+001	
  1.7730000000000000e+004	 -2.3420273653362326e+001	 -5.7073162854924561e+001	
  1.7760000000000000e+004	 -2.3420273653362326e+001	 -5.7073162854924561e+001	
  1.7790000000000000e+004	 -2.3420273653362326e+001	 -5.7073162854924561e+001	
  1.7820000000000000e+004	 -2.3420273653362326e+001	 -5.7073162854924561e+001	
  1.7850000000000000e+004	 -2.3420273653362326e+001	 -5.7073162854924561e+001	
  1.7880000000000000e+004	 -2.3420273653362326e+001	 -5.7073162854924561e+001	
  1.7910000000000000e+004	 -2.3420273653362326e+001	 -5.7073162854924561e+001	
  1.7940000000000000e+004	 -2.3420273653362326e+001	 -5.7073162854924561e+001	
  1.7970000000000000e+004	 -2.3420273653362326e+001	 -5.7073162854924561e+001	
  1.8000000000000000e+004	 -2.3420273653362326e+001	 -5.7073162854924561e+001	
  1.8030000000000000e+004	 -2.3420273653362326e+001	 -5.7073162854924561e+001	
  1.8060000000000000e+004	 -2.3420273653362326e+001	 -5.7073162854924561e+001	
  1.8090000000000000e+004	 -2.3420273653362326e+001	 -5.7073162854924561e+001	
  1.8120000000000000e+004	 -2.3420273653362326e+001	 -5.7073162854924561e+001	
  1.8150000000000000e+004	 -2.3420273653362326e+001	 -5.7073162854924561e+001	
  1.8180000000000000e+004	 -2.3420273653362326e+001	 -5.7073162854924561e+001	
  1.8210000000000000e+004	 -2.3420273653362326e+001	 -5.7073162854924561e+001	
  1.8240000000000000e+004	 -2.3420273653362326e+001	 -5.7073162854924561e+001	
  1.8270000000000000e+004	 -2.3420273653362326e+001	 -5.7073162854924561e+001	
  1.8300000000000000e+004	 -2.3420273653362326e+001	 -5.7073162854924561e+001	
  1.8330000000000000e+004	 -2.3420273653362326e+001	 -5.7073162854924561e+001	
  1.8360000000000000e+004	 -2.3420273653362326e+001	 -5.7073162854924561e+001	
  1.8390000000000000e+004	 -2.3420273653362326e+001	 -5.7073162854924561e+001	
  1.8420000000000000e+004	 -2.3420273653362326e+001	 -5.7073162854924561e+001	
  1.8450000000000000e+004	 -2.3420273653362326e+001	 -5.7073162854924561e+001	
  1.8480000000000000e+004	 -2.3420273653362326e+001	 -5.7073162854924561e+001	
  1.8510000000000000e+004	 -2.3420273653362326e+001	 -5.7073162854924561e+001	
  1.8540000000000000e+004	 -2.3420273653362326e+001	 -5.7073162854924561e+001	
  1.8570000000000000e+004	 -2.3420273653362326e+001	 -5.7073162854924561e+001	
  1.8600000000000000e+004	 -2.3420273653362326e+001	 -5.7073162854924561e+001	
  1.8630000000000000e+004	 -2.3420273653362326e+001	 -5.7073162854924561e+001	
  1.8660000000000000e+004	 -2.3420273653362326e+001	 -5.7073162854924561e+001	
  1.8690000000000000e+004	 -2.3420273653362326e+001	 -5.7073162854924561e+001	
  1.8720000000000000e+004	 -2.3420273653362326e+001	 -5.7073162854924561e+001	
  1.8750000000000000e+004	 -2.3420273653362326e+001	 -5.7073162854924561e+001	
  1.8780000000000000e+004	 -2.3420273653362326e+001	 -5.7073162854924561e+001	
  1.8810000000000000e+004	 -2.3420273653362326e+001	 -5.7073162854924561e+001	
  1.8840000000000000e+004	 -2.3420273653362326e+001	 -5.7073162854924561e+001	
  1.8870000000000000e+004	 -2.3420273653362326e+001	 -5.7073162854924561e+001	
  1.8900000000000000e+004	 -2.3420273653362326e+001	 -5.7073162854924561e+001	
  1.8930000000000000e+004	 -2.3420273653362326e+001	 -5.7073162854924561e+001	
  1.8960000000000000e+004	 -2.3420273653362326e+001	 -5.7073162854924561e+001	
  1.8990000000000000e+004	 -2.3420273653362326e+001	 -5.7073162854924561e+001	
  1.9020000000000000e+004	 -2.3420273653362326e+001	 -5.7073162854924561e+001	
  1.9050000000000000e+004	 -4.7786743413761144e+001	 -8.5754205915431328e+001	
  1.9080000000000000e+004	 -8.3787951904998152e+001	 -6.9496112813000195e+001	
  1.9110000000000000e+004	 -1.1049845852905423e+002	 -3.1772335349294273e+001	
  1.9140000000000000e+004	 -1.0875146562962786e+002	  7.5132916202484479e+000	
  1.9170000000000000e+004	 -9.8473452651643015e+001	  4.4225713900461258e+001	
  1.9200000000000000e+004	 -7.6220805745046789e+001	  7.5805382211825275e+001	
  1.9230000000000000e+004	 -5.5758490620111864e+001	  1.0657486917400172e+002	
  1.9260000000000000e+004	 -5.2953871685987856e+001	  1.3677109153301788e+002	
  1.9290000000000000e+004	 -7.3365410275852540e+001	  1.4806211952856171e+002	
  1.9320000000000000e+004	 -8.8302397391009066e+001	  1.1463789156603396e+002	
  1.9350000000000000e+004	 -1.2617339340268474e+002	  1.2411762582278051e+002	
  1.9380000000000000e+004	 -9.1410035427468358e+001	  1.4138228615695272e+002	
  1.9410000000000000e+004	  3.1998133042305188e+001	  2.4831432773699171e+002	
  1.9440000000000000e+004	  1.8452743221013566e+002	  2.7535164910270657e+002	
  1.9470000000000000e+004	  2.4851318840711514e+002	  3.9277175550906293e+002	
  1.9500000000000000e+004	  7.8998878947904203e+001	  4.9689652373481067e+002	
  1.9530000000000000e+004	  5.0398616559653732e+001	  8.2360602772889183e+002	
  1.9560000000000000e+004	  5.1935069406715243e+001	  8.3909489094088815e+002	
  1.9590000000000000e+004	  5.1004414241741944e+002	  7.5215775846521888e+002	
  1.9620000000000000e+004	  5.9738638198985291e+002	  9.9106651943597433e+002	
  1.9650000000000000e+004	  7.1455719860805198e+002	  1.0978418813565843e+003	
  1.9680000000000000e+004	  4.8944291927814481e+002	  1.2716078740902478e+003	
  1.9710000000000000e+004	  4.3051128854825748e+002	  1.1573965310639228e+003	
  1.9740000000000000e+004	  4.4316340857213083e+002	  1.1703515385479570e+003	
  1.9770000000000000e+004	  4.5834595260077890e+002	  1.1858975475287980e+003	
  1.9800000000000000e+004	  4.3429070425593716e+002	  1.1769969005025841e+003	
  1.9830000000000000e+004	  4.1331500076037059e+002	  1.1587991259385890e+003	
  1.9860000000000000e+004	  3.9772634840426639e+002	  1.1308727024668242e+003	
  1.9890000000000000e+004	  3.6253107263361164e+002	  1.1453464543246173e+003	
  1.9920000000000000e+004	  3.2769480044024237e+002	  1.1591998667217797e+003	
  1.9950000000000000e+004	  2.8723745989617720e+002	  1.1741887138912625e+003	
  1.9980000000000000e+004	  2.5037472042072227e+002	  1.1909029788842013e+003	
  2.0010000000000000e+004	  2.2537204479124367e+002	  1.2206153623924058e+003	
  2.0040000000000000e+004	  1.9442355611997445e+002	  1.2366543046609897e+003	
  2.0070000000000000e+004	  1.9090122156248682e+002	  1.2266762458345029e+003	
  2.0100000000000000e+004	  1.9632022045586947e+002	  1.2221830818245217e+003	
  2.0130000000000000e+004	  1.9632022045586947e+002	  1.2221830818245217e+003	
  2.0160000000000000e+004	  1.9632022045586947e+002	  1.2221830818245217e+003	
  2.0190000000000000e+004	  1.9632022045586947e+002	  1.2221830818245217e+003	
  2.0220000000000000e+004	  1.9632022045586947e+002	  1.2221830818245217e+003	
  2.0250000000000000e+004	  1.9632022045586947e+002	  1.2221830818245217e+003	
  2.0280000000000000e+004	  1.9632022045586947e+002	  1.2221830818245217e+003	
  2.0310000000000000e+004	  1.9632022045586947e+002	  1.2221830818245217e+003	
  2.0340000000000000e+004	  1.9632022045586947e+002	  1.2221830818245217e+003	
  2.0370000000000000e+004	  1.9632022045586947e+002	  1.2221830818245217e+003	
  2.0400000000000000e+004	  1.9632022045586947e+002	  1.2221830818245217e+003	
  2.0430000000000000e+004	  1.9632022045586947e+002	  1.2221830818245217e+003	
  2.0460000000000000e+004	  1.9632022045586947e+002	  1.2221830818245217e+003	
  2.0490000000000000e+004	  1.9632022045586947e+002	  1.2221830818245217e+003	
  2.0520000000000000e+004	  1.9632022045586947e+002	  1.2221830818245217e+003	
  2.0550000000000000e+004	  1.9632022045586947e+002	  1.2221830818245217e+003	
  2.0580000000000000e+004	  1.9632022045586947e+002	  1.2221830818245217e+003	
  2.0610000000000000e+004	  1.9632022045586947e+002	  1.2221830818245217e+003	
  2.0640000000000000e+004	  1.9632022045586947e+002	  1.2221830818245217e+003	
  2.0670000000000000e+004	  1.9632022045586947e+002	  1.2221830818245217e+003	
  2.0700000000000000e+004	  1.9632022045586947e+002	  1.2221830818245217e+003	
  2.0730000000000000e+004	  1.9632022045586947e+002	  1.2221830818245217e+003	
  2.0760000000000000e+004	  1.9632022045586947e+002	  1.2221830818245217e+003	
  2.0790000000000000e+004	  1.9632022045586947e+002	  1.2221830818245217e+003	
  2.0820000000000000e+004	  1.9632022045586947e+002	  1.2221830818245217e+003	
  2.0850000000000000e+004	  1.9632022045586947e+002	  1.2221830818245217e+003	
  2.0880000000000000e+004	  1.9632022045586947e+002	  1.2221830818245217e+003	
  2.0910000000000000e+004	  1.9632022045586947e+002	  1.2221830818245217e+003	
  2.0940000000000000e+004	  1.9632022045586947e+002	  1.2221830818245217e+003	
  2.0970000000000000e+004	  1.9632022045586947e+002	  1.2221830818245217e+003	
  2.1000000000000000e+004	  1.9632022045586947e+002	  1.2221830818245217e+003	
  2.1030000000000000e+004	  1.9632022045586947e+002	  1.2221830818245217e+003	
  2.1060000000000000e+004	  1.9632022045586947e+002	  1.2221830818245217e+003	
  2.1090000000000000e+004	  1.9632022045586947e+002	  1.2221830818245217e+003	
  2.1120000000000000e+004	  1.9632022045586947e+002	  1.2221830818245217e+003	
  2.1150000000000000e+004	  1.9632022045586947e+002	  1.2221830818245217e+003	
  2.1180000000000000e+004	  1.9632022045586947e+002	  1.2221830818245217e+003	
  2.1210000000000000e+004	  1.9632022045586947e+002	  1.2221830818245217e+003	
  2.1240000000000000e+004	  1.9632022045586947e+002	  1.2221830818245217e+003	
  2.1270000000000000e+004	  1.9632022045586947e+002	  1.2221830818245217e+003	
  2.1300000000000000e+004	  1.9632022045586947e+002	  1.2221830818245217e+003	
  2.1330000000000000e+004	  1.9632022045586947e+002	  1.2221830818245217e+003	
  2.1360000000000000e+004	  1.9632022045586947e+002	  1.2221830818245217e+003	
  2.1390000000000000e+004	  1.9632022045586947e+002	  1.2221830818245217e+003	
  2.1420000000000000e+004	  1.9632022045586947e+002	  1.2221830818245217e+003	
  2.1450000000000000e+004	  1.9632022045586947e+002	  1.2221830818245217e+003	
  2.1480000000000000e+004	  1.9632022045586947e+002	  1.2221830818245217e+003	
  2.1510000000000000e+004	  1.9632022045586947e+002	  1.2221830818245217e+003	
  2.1540000000000000e+004	  1.9632022045586947e+002	  1.2221830818245217e+003	
  2.1570000000000000e+004	  1.9632022045586947e+002	  1.2221830818245217e+003	
  2.1600000000000000e+004	  1.9632022045586947e+002	  1.2221830818245217e+003	
  2.1630000000000000e+004	  1.9632022045586947e+002	  1.2221830818245217e+003	
  2.1660000000000000e+004	  1.9632022045586947e+002	  1.2221830818245217e+003	
  2.1690000000000000e+004	  1.9632022045586947e+002	  1.2221830818245217e+003	
  2.1720000000000000e+004	  1.9632022045586947e+002	  1.2221830818245217e+003	
  2.1750000000000000e+004	  1.9632022045586947e+002	  1.2221830818245217e+003	
  2.1780000000000000e+004	  1.9632022045586947e+002	  1.2221830818245217e+003	
  2.1810000000000000e+004	  1.9632022045586947e+002	  1.2221830818245217e+003	
  2.1840000000000000e+004	  1.9632022045586947e+002	  1.2221830818245217e+003	
  2.1870000000000000e+004	  1.9632022045586947e+002	  1.2221830818245217e+003	
  2.1900000000000000e+004	  1.9632022045586947e+002	  1.2221830818245217e+003	
  2.1930000000000000e+004	  1.9632022045586947e+002	  1.2221830818245217e+003	
  2.1960000000000000e+004	  1.9632022045586947e+002	  1.2221830818245217e+003	
  2.1990000000000000e+004	  1.9632022045586947e+002	  1.2221830818245217e+003	
  2.2020000000000000e+004	  1.9632022045586947e+002	  1.2221830818245217e+003	
  2.2050000000000000e+004	  1.9632022045586947e+002	  1.2221830818245217e+003	
  2.2080000000000000e+004	  1.9632022045586947e+002	  1.2221830818245217e+003	
  2.2110000000000000e+004	  1.9632022045586947e+002	  1.2221830818245217e+003	
  2.2140000000000000e+004	  1.9632022045586947e+002	  1.2221830818245217e+003	
  2.2170000000000000e+004	  1.9632022045586947e+002	  1.2221830818245217e+003	
  2.2200000000000000e+004	  1.9632022045586947e+002	  1.2221830818245217e+003	
  2.2230000000000000e+004	  1.9632022045586947e+002	  1.2221830818245217e+003	
  2.2260000000000000e+004	  1.9632022045586947e+002	  1.2221830818245217e+003	
  2.2290000000000000e+004	  1.9632022045586947e+002	  1.2221830818245217e+003	
  2.2320000000000000e+004	  1.9632022045586947e+002	  1.2221830818245217e+003	
  2.2350000000000000e+004	  1.9632022045586947e+002	  1.2221830818245217e+003	
  2.2380000000000000e+004	  1.9632022045586947e+002	  1.2221830818245217e+003	
  2.2410000000000000e+004	  1.9632022045586947e+002	  1.2221830818245217e+003	
  2.2440000000000000e+004	  1.9632022045586947e+002	  1.2221830818245217e+003	
  2.2470000000000000e+004	  1.9632022045586947e+002	  1.2221830818245217e+003	
  2.2500000000000000e+004	  1.9632022045586947e+002	  1.2221830818245217e+003	
  2.2530000000000000e+004	  1.9632022045586947e+002	  1.2221830818245217e+003	
  2.2560000000000000e+004	  1.9632022045586947e+002	  1.2221830818245217e+003	
  2.2590000000000000e+004	  1.9632022045586947e+002	  1.2221830818245217e+003	
  2.2620000000000000e+004	  1.9632022045586947e+002	  1.2221830818245217e+003	
  2.2650000000000000e+004	  1.9632022045586947e+002	  1.2221830818245217e+003	
  2.2680000000000000e+004	  1.9632022045586947e+002	  1.2221830818245217e+003	
  2.2710000000000000e+004	  1.9632022045586947e+002	  1.2221830818245217e+003	
  2.2740000000000000e+004	  1.9632022045586947e+002	  1.2221830818245217e+003	
  2.2770000000000000e+004	  1.9632022045586947e+002	  1.2221830818245217e+003	
  2.2800000000000000e+004	  1.9632022045586947e+002	  1.2221830818245217e+003	
  2.2830000000000000e+004	  1.9632022045586947e+002	  1.2221830818245217e+003	
  2.2860000000000000e+004	  1.9632022045586947e+002	  1.2221830818245217e+003	
  2.2890000000000000e+004	  1.9632022045586947e+002	  1.2221830818245217e+003	
  2.2920000000000000e+004	  1.9632022045586947e+002	  1.2221830818245217e+003	
  2.2950000000000000e+004	  1.9632022045586947e+002	  1.2221830818245217e+003	
  2.2980000000000000e+004	  1.9632022045586947e+002	  1.2221830818245217e+003	
  2.3010000000000000e+004	  1.9632022045586947e+002	  1.2221830818245217e+003	
  2.3040000000000000e+004	  1.9632022045586947e+002	  1.2221830818245217e+003	
  2.3070000000000000e+004	  1.9632022045586947e+002	  1.2221830818245217e+003	
  2.3100000000000000e+004	  1.9632022045586947e+002	  1.2221830818245217e+003	
  2.3130000000000000e+004	  1.9632022045586947e+002	  1.2221830818245217e+003	
  2.3160000000000000e+004	  1.9632022045586947e+002	  1.2221830818245217e+003	
  2.3190000000000000e+004	  1.9632022045586947e+002	  1.2221830818245217e+003	
  2.3220000000000000e+004	  1.9632022045586947e+002	  1.2221830818245217e+003	
  2.3250000000000000e+004	  1.9632022045586947e+002	  1.2221830818245217e+003	
  2.3280000000000000e+004	  1.9632022045586947e+002	  1.2221830818245217e+003	
  2.3310000000000000e+004	  1.9632022045586947e+002	  1.2221830818245217e+003	
  2.3340000000000000e+004	  1.9632022045586947e+002	  1.2221830818245217e+003	
  2.3370000000000000e+004	  1.9632022045586947e+002	  1.2221830818245217e+003	
  2.3400000000000000e+004	  1.9632022045586947e+002	  1.2221830818245217e+003	
  2.3430000000000000e+004	  1.9632022045586947e+002	  1.2221830818245217e+003	
  2.3460000000000000e+004	  1.9632022045586947e+002	  1.2221830818245217e+003	
  2.3490000000000000e+004	  1.9632022045586947e+002	  1.2221830818245217e+003	
  2.3520000000000000e+004	  1.9632022045586947e+002	  1.2221830818245217e+003	
  2.3550000000000000e+004	  1.9632022045586947e+002	  1.2221830818245217e+003	
  2.3580000000000000e+004	  1.9632022045586947e+002	  1.2221830818245217e+003	
  2.3610000000000000e+004	  1.9632022045586947e+002	  1.2221830818245217e+003	
  2.3640000000000000e+004	  1.9632022045586947e+002	  1.2221830818245217e+003	
  2.3670000000000000e+004	  1.9632022045586947e+002	  1.2221830818245217e+003	
  2.3700000000000000e+004	  1.9632022045586947e+002	  1.2221830818245217e+003	
  2.3730000000000000e+004	  1.9632022045586947e+002	  1.2221830818245217e+003	
  2.3760000000000000e+004	  1.9632022045586947e+002	  1.2221830818245217e+003	
  2.3790000000000000e+004	  1.9632022045586947e+002	  1.2221830818245217e+003	
  2.3820000000000000e+004	  1.9632022045586947e+002	  1.2221830818245217e+003	
  2.3850000000000000e+004	  1.9632022045586947e+002	  1.2221830818245217e+003	
  2.3880000000000000e+004	  1.9632022045586947e+002	  1.2221830818245217e+003	
  2.3910000000000000e+004	  1.9632022045586947e+002	  1.2221830818245217e+003	
  2.3940000000000000e+004	  1.9632022045586947e+002	  1.2221830818245217e+003	
  2.3970000000000000e+004	  1.9632022045586947e+002	  1.2221830818245217e+003	
  2.4000000000000000e+004	  1.9632022045586947e+002	  1.2221830818245217e+003	
  2.4030000000000000e+004	  1.9632022045586947e+002	  1.2221830818245217e+003	
  2.4060000000000000e+004	  1.9632022045586947e+002	  1.2221830818245217e+003	
  2.4090000000000000e+004	  1.9632022045586947e+002	  1.2221830818245217e+003	
  2.4120000000000000e+004	  1.9632022045586947e+002	  1.2221830818245217e+003	
  2.4150000000000000e+004	  1.9632022045586947e+002	  1.2221830818245217e+003	
  2.4180000000000000e+004	  1.9632022045586947e+002	  1.2221830818245217e+003	
  2.4210000000000000e+004	  1.9632022045586947e+002	  1.2221830818245217e+003	
  2.4240000000000000e+004	  1.9632022045586947e+002	  1.2221830818245217e+003	
  2.4270000000000000e+004	  1.9632022045586947e+002	  1.2221830818245217e+003	
  2.4300000000000000e+004	  1.9632022045586947e+002	  1.2221830818245217e+003	
  2.4330000000000000e+004	  1.9632022045586947e+002	  1.2221830818245217e+003	
  2.4360000000000000e+004	  1.9632022045586947e+002	  1.2221830818245217e+003	
  2.4390000000000000e+004	  1.9632022045586947e+002	  1.2221830818245217e+003	
  2.4420000000000000e+004	  1.9632022045586947e+002	  1.2221830818245217e+003	
  2.4450000000000000e+004	  1.9632022045586947e+002	  1.2221830818245217e+003	
  2.4480000000000000e+004	  1.9632022045586947e+002	  1.2221830818245217e+003	
  2.4510000000000000e+004	  1.9632022045586947e+002	  1.2221830818245217e+003	
  2.4540000000000000e+004	  1.9632022045586947e+002	  1.2221830818245217e+003	
  2.4570000000000000e+004	  1.9632022045586947e+002	  1.2221830818245217e+003	
  2.4600000000000000e+004	  1.9632022045586947e+002	  1.2221830818245217e+003	
  2.4630000000000000e+004	  1.9632022045586947e+002	  1.2221830818245217e+003	
  2.4660000000000000e+004	  1.9632022045586947e+002	  1.2221830818245217e+003	
  2.4690000000000000e+004	  1.9632022045586947e+002	  1.2221830818245217e+003	
  2.4720000000000000e+004	  1.9632022045586947e+002	  1.2221830818245217e+003	
  2.4750000000000000e+004	  1.9632022045586947e+002	  1.2221830818245217e+003	
  2.4780000000000000e+004	  1.9632022045586947e+002	  1.2221830818245217e+003	
  2.4810000000000000e+004	  1.9632022045586947e+002	  1.2221830818245217e+003	
  2.4840000000000000e+004	  1.9632022045586947e+002	  1.2221830818245217e+003	
  2.4870000000000000e+004	  1.9632022045586947e+002	  1.2221830818245217e+003	
  2.4900000000000000e+004	  1.9632022045586947e+002	  1.2221830818245217e+003	
  2.4930000000000000e+004	  1.9632022045586947e+002	  1.2221830818245217e+003	
  2.4960000000000000e+004	  1.9632022045586947e+002	  1.2221830818245217e+003	
  2.4990000000000000e+004	  1.9632022045586947e+002	  1.2221830818245217e+003	
  2.5020000000000000e+004	  1.9632022045586947e+002	  1.2221830818245217e+003	
  2.5050000000000000e+004	  1.9632022045586947e+002	  1.2221830818245217e+003	
  2.5080000000000000e+004	  1.9632022045586947e+002	  1.2221830818245217e+003	
  2.5110000000000000e+004	  1.9632022045586947e+002	  1.2221830818245217e+003	
  2.5140000000000000e+004	  1.9632022045586947e+002	  1.2221830818245217e+003	
  2.5170000000000000e+004	  1.9632022045586947e+002	  1.2221830818245217e+003	
  2.5200000000000000e+004	  1.9632022045586947e+002	  1.2221830818245217e+003	
  2.5230000000000000e+004	  1.9632022045586947e+002	  1.2221830818245217e+003	
  2.5260000000000000e+004	  1.9632022045586947e+002	  1.2221830818245217e+003	
  2.5290000000000000e+004	  1.9632022045586947e+002	  1.2221830818245217e+003	
  2.5320000000000000e+004	  1.9632022045586947e+002	  1.2221830818245217e+003	
  2.5350000000000000e+004	  1.9632022045586947e+002	  1.2221830818245217e+003	
  2.5380000000000000e+004	  1.9632022045586947e+002	  1.2221830818245217e+003	
  2.5410000000000000e+004	  1.9632022045586947e+002	  1.2221830818245217e+003	
  2.5440000000000000e+004	  1.9632022045586947e+002	  1.2221830818245217e+003	
  2.5470000000000000e+004	  1.9632022045586947e+002	  1.2221830818245217e+003	
  2.5500000000000000e+004	  1.9632022045586947e+002	  1.2221830818245217e+003	
  2.5530000000000000e+004	  1.9632022045586947e+002	  1.2221830818245217e+003	
  2.5560000000000000e+004	  1.9632022045586947e+002	  1.2221830818245217e+003	
  2.5590000000000000e+004	  1.9632022045586947e+002	  1.2221830818245217e+003	
  2.5620000000000000e+004	  1.9632022045586947e+002	  1.2221830818245217e+003	
  2.5650000000000000e+004	  1.9632022045586947e+002	  1.2221830818245217e+003	
  2.5680000000000000e+004	  1.9632022045586947e+002	  1.2221830818245217e+003	
  2.5710000000000000e+004	  1.9632022045586947e+002	  1.2221830818245217e+003	
  2.5740000000000000e+004	  1.9632022045586947e+002	  1.2221830818245217e+003	
  2.5770000000000000e+004	  1.9632022045586947e+002	  1.2221830818245217e+003	
  2.5800000000000000e+004	  1.9632022045586947e+002	  1.2221830818245217e+003	
  2.5830000000000000e+004	  1.9632022045586947e+002	  1.2221830818245217e+003	
  2.5860000000000000e+004	  1.9632022045586947e+002	  1.2221830818245217e+003	
  2.5890000000000000e+004	  1.9632022045586947e+002	  1.2221830818245217e+003	
  2.5920000000000000e+004	  1.9632022045586947e+002	  1.2221830818245217e+003	
  2.5950000000000000e+004	  1.9632022045586947e+002	  1.2221830818245217e+003	
  2.5980000000000000e+004	  1.9632022045586947e+002	  1.2221830818245217e+003	
  2.6010000000000000e+004	  1.9632022045586947e+002	  1.2221830818245217e+003	
  2.6040000000000000e+004	  1.9632022045586947e+002	  1.2221830818245217e+003	
  2.6070000000000000e+004	  1.9632022045586947e+002	  1.2221830818245217e+003	
  2.6100000000000000e+004	  1.9632022045586947e+002	  1.2221830818245217e+003	
  2.6130000000000000e+004	  1.9632022045586947e+002	  1.2221830818245217e+003	
  2.6160000000000000e+004	  1.9632022045586947e+002	  1.2221830818245217e+003	
  2.6190000000000000e+004	  1.9632022045586947e+002	  1.2221830818245217e+003	
  2.6220000000000000e+004	  1.9632022045586947e+002	  1.2221830818245217e+003	
  2.6250000000000000e+004	  1.9632022045586947e+002	  1.2221830818245217e+003	
  2.6280000000000000e+004	  1.9632022045586947e+002	  1.2221830818245217e+003	
  2.6310000000000000e+004	  1.9632022045586947e+002	  1.2221830818245217e+003	
  2.6340000000000000e+004	  1.9632022045586947e+002	  1.2221830818245217e+003	
  2.6370000000000000e+004	  1.9632022045586947e+002	  1.2221830818245217e+003	
  2.6400000000000000e+004	  1.9632022045586947e+002	  1.2221830818245217e+003	
  2.6430000000000000e+004	  1.9632022045586947e+002	  1.2221830818245217e+003	
  2.6460000000000000e+004	  1.9632022045586947e+002	  1.2221830818245217e+003	
  2.6490000000000000e+004	  1.9632022045586947e+002	  1.2221830818245217e+003	
  2.6520000000000000e+004	  1.9632022045586947e+002	  1.2221830818245217e+003	
  2.6550000000000000e+004	  1.9632022045586947e+002	  1.2221830818245217e+003	
  2.6580000000000000e+004	  1.9632022045586947e+002	  1.2221830818245217e+003	
  2.6610000000000000e+004	  1.9632022045586947e+002	  1.2221830818245217e+003	
  2.6640000000000000e+004	  1.9632022045586947e+002	  1.2221830818245217e+003	
  2.6670000000000000e+004	  1.9632022045586947e+002	  1.2221830818245217e+003	
  2.6700000000000000e+004	  1.9632022045586947e+002	  1.2221830818245217e+003	
  2.6730000000000000e+004	  1.9632022045586947e+002	  1.2221830818245217e+003	
  2.6760000000000000e+004	  1.9632022045586947e+002	  1.2221830818245217e+003	
  2.6790000000000000e+004	  1.9632022045586947e+002	  1.2221830818245217e+003	
  2.6820000000000000e+004	  1.9632022045586947e+002	  1.2221830818245217e+003	
  2.6850000000000000e+004	  1.9632022045586947e+002	  1.2221830818245217e+003	
  2.6880000000000000e+004	  1.9632022045586947e+002	  1.2221830818245217e+003	
  2.6910000000000000e+004	  1.9632022045586947e+002	  1.2221830818245217e+003	
  2.6940000000000000e+004	  1.9632022045586947e+002	  1.2221830818245217e+003	
  2.6970000000000000e+004	  1.9632022045586947e+002	  1.2221830818245217e+003	
  2.7000000000000000e+004	  1.9632022045586947e+002	  1.2221830818245217e+003	
  2.7030000000000000e+004	  1.9632022045586947e+002	  1.2221830818245217e+003	
  2.7060000000000000e+004	  1.9632022045586947e+002	  1.2221830818245217e+003	
  2.7090000000000000e+004	  1.9632022045586947e+002	  1.2221830818245217e+003	
  2.7120000000000000e+004	  1.9632022045586947e+002	  1.2221830818245217e+003	
  2.7150000000000000e+004	  1.9632022045586947e+002	  1.2221830818245217e+003	
  2.7180000000000000e+004	  1.9632022045586947e+002	  1.2221830818245217e+003	
  2.7210000000000000e+004	  1.9632022045586947e+002	  1.2221830818245217e+003	
  2.7240000000000000e+004	  1.9632022045586947e+002	  1.2221830818245217e+003	
  2.7270000000000000e+004	  1.9632022045586947e+002	  1.2221830818245217e+003	
  2.7300000000000000e+004	  1.9632022045586947e+002	  1.2221830818245217e+003	
  2.7330000000000000e+004	  1.9632022045586947e+002	  1.2221830818245217e+003	
  2.7360000000000000e+004	  1.9632022045586947e+002	  1.2221830818245217e+003	
  2.7390000000000000e+004	  1.9632022045586947e+002	  1.2221830818245217e+003	
  2.7420000000000000e+004	  1.9632022045586947e+002	  1.2221830818245217e+003	
  2.7450000000000000e+004	  1.9632022045586947e+002	  1.2221830818245217e+003	
  2.7480000000000000e+004	  1.9632022045586947e+002	  1.2221830818245217e+003	
  2.7510000000000000e+004	  1.9632022045586947e+002	  1.2221830818245217e+003	
  2.7540000000000000e+004	  1.9632022045586947e+002	  1.2221830818245217e+003	
  2.7570000000000000e+004	  1.9632022045586947e+002	  1.2221830818245217e+003	
  2.7600000000000000e+004	  1.9632022045586947e+002	  1.2221830818245217e+003	
  2.7630000000000000e+004	  1.9632022045586947e+002	  1.2221830818245217e+003	
  2.7660000000000000e+004	  1.9632022045586947e+002	  1.2221830818245217e+003	
  2.7690000000000000e+004	  1.9632022045586947e+002	  1.2221830818245217e+003	
  2.7720000000000000e+004	  1.9632022045586947e+002	  1.2221830818245217e+003	
  2.7750000000000000e+004	  1.9632022045586947e+002	  1.2221830818245217e+003	
  2.7780000000000000e+004	  1.9632022045586947e+002	  1.2221830818245217e+003	
  2.7810000000000000e+004	  1.9632022045586947e+002	  1.2221830818245217e+003	
  2.7840000000000000e+004	  1.9632022045586947e+002	  1.2221830818245217e+003	
  2.7870000000000000e+004	  1.9632022045586947e+002	  1.2221830818245217e+003	
  2.7900000000000000e+004	  1.9632022045586947e+002	  1.2221830818245217e+003	
  2.7930000000000000e+004	  1.9632022045586947e+002	  1.2221830818245217e+003	
  2.7960000000000000e+004	  1.9632022045586947e+002	  1.2221830818245217e+003	
  2.7990000000000000e+004	  1.9632022045586947e+002	  1.2221830818245217e+003	
  2.8020000000000000e+004	  1.9632022045586947e+002	  1.2221830818245217e+003	
  2.8050000000000000e+004	  1.9632022045586947e+002	  1.2221830818245217e+003	
  2.8080000000000000e+004	  1.9632022045586947e+002	  1.2221830818245217e+003	
  2.8110000000000000e+004	  1.9632022045586947e+002	  1.2221830818245217e+003	
  2.8140000000000000e+004	  1.9632022045586947e+002	  1.2221830818245217e+003	
  2.8170000000000000e+004	  1.9632022045586947e+002	  1.2221830818245217e+003	
  2.8200000000000000e+004	  1.9632022045586947e+002	  1.2221830818245217e+003	
  2.8230000000000000e+004	  1.9632022045586947e+002	  1.2221830818245217e+003	
  2.8260000000000000e+004	  1.9632022045586947e+002	  1.2221830818245217e+003	
  2.8290000000000000e+004	  1.9632022045586947e+002	  1.2221830818245217e+003	
  2.8320000000000000e+004	  1.9632022045586947e+002	  1.2221830818245217e+003	
  2.8350000000000000e+004	  1.9632022045586947e+002	  1.2221830818245217e+003	
  2.8380000000000000e+004	  1.9632022045586947e+002	  1.2221830818245217e+003	
  2.8410000000000000e+004	  1.9632022045586947e+002	  1.2221830818245217e+003	
  2.8440000000000000e+004	  1.9632022045586947e+002	  1.2221830818245217e+003	
  2.8470000000000000e+004	  1.9632022045586947e+002	  1.2221830818245217e+003	
  2.8500000000000000e+004	  1.9632022045586947e+002	  1.2221830818245217e+003	
  2.8530000000000000e+004	  1.9632022045586947e+002	  1.2221830818245217e+003	
  2.8560000000000000e+004	  1.9632022045586947e+002	  1.2221830818245217e+003	
  2.8590000000000000e+004	  1.9632022045586947e+002	  1.2221830818245217e+003	
  2.8620000000000000e+004	  1.9632022045586947e+002	  1.2221830818245217e+003	
  2.8650000000000000e+004	  1.9632022045586947e+002	  1.2221830818245217e+003	
  2.8680000000000000e+004	  1.9632022045586947e+002	  1.2221830818245217e+003	
  2.8710000000000000e+004	  1.9632022045586947e+002	  1.2221830818245217e+003	
  2.8740000000000000e+004	  1.9632022045586947e+002	  1.2221830818245217e+003	
  2.8770000000000000e+004	  1.9632022045586947e+002	  1.2221830818245217e+003	
  2.8800000000000000e+004	  1.9632022045586947e+002	  1.2221830818245217e+003	
  2.8830000000000000e+004	  1.9632022045586947e+002	  1.2221830818245217e+003	
  2.8860000000000000e+004	  1.9632022045586947e+002	  1.2221830818245217e+003	
  2.8890000000000000e+004	  1.9632022045586947e+002	  1.2221830818245217e+003	
  2.8920000000000000e+004	  1.9632022045586947e+002	  1.2221830818245217e+003	
  2.8950000000000000e+004	  1.9632022045586947e+002	  1.2221830818245217e+003	
  2.8980000000000000e+004	  1.9632022045586947e+002	  1.2221830818245217e+003	
  2.9010000000000000e+004	  1.9632022045586947e+002	  1.2221830818245217e+003	
  2.9040000000000000e+004	  1.9632022045586947e+002	  1.2221830818245217e+003	
  2.9070000000000000e+004	  1.9632022045586947e+002	  1.2221830818245217e+003	
  2.9100000000000000e+004	  1.9632022045586947e+002	  1.2221830818245217e+003	
  2.9130000000000000e+004	  1.9632022045586947e+002	  1.2221830818245217e+003	
  2.9160000000000000e+004	  1.9632022045586947e+002	  1.2221830818245217e+003	
  2.9190000000000000e+004	  1.9632022045586947e+002	  1.2221830818245217e+003	
  2.9220000000000000e+004	  1.9632022045586947e+002	  1.2221830818245217e+003	
  2.9250000000000000e+004	  1.9632022045586947e+002	  1.2221830818245217e+003	
  2.9280000000000000e+004	  1.9632022045586947e+002	  1.2221830818245217e+003	
  2.9310000000000000e+004	  1.9632022045586947e+002	  1.2221830818245217e+003	
  2.9340000000000000e+004	  1.9632022045586947e+002	  1.2221830818245217e+003	
  2.9370000000000000e+004	  1.9632022045586947e+002	  1.2221830818245217e+003	
  2.9400000000000000e+004	  1.9632022045586947e+002	  1.2221830818245217e+003	
  2.9430000000000000e+004	  1.9632022045586947e+002	  1.2221830818245217e+003	
  2.9460000000000000e+004	  1.9632022045586947e+002	  1.2221830818245217e+003	
  2.9490000000000000e+004	  1.9632022045586947e+002	  1.2221830818245217e+003	
  2.9520000000000000e+004	  1.9632022045586947e+002	  1.2221830818245217e+003	
  2.9550000000000000e+004	  1.8678940930178516e+002	  1.2095632381325142e+003	
  2.9580000000000000e+004	  2.1131275803111001e+002	  1.2355411300879100e+003	
  2.9610000000000000e+004	  2.2784071223665319e+002	  1.2371061202460767e+003	
  2.9640000000000000e+004	  2.4386780817217451e+002	  1.2090223650627693e+003	
  2.9670000000000000e+004	  2.6619749022538457e+002	  1.1902179508346223e+003	
  2.9700000000000000e+004	  2.9263989308299995e+002	  1.1766172840029583e+003	
  2.9730000000000000e+004	  3.2050560967747003e+002	  1.1589549678637798e+003	
  2.9760000000000000e+004	  3.5015798553405608e+002	  1.1357482804079480e+003	
  2.9790000000000000e+004	  3.7849710730061889e+002	  1.1162092050909594e+003	
  2.9820000000000000e+004	  4.0151963814091357e+002	  1.1130923287974156e+003	
  2.9850000000000000e+004	  4.0095366652278943e+002	  1.1328473972355175e+003	
  2.9880000000000000e+004	  4.0571937153699201e+002	  1.1353557419461642e+003	
  2.9910000000000000e+004	  4.1524777963345088e+002	  1.1450403311236512e+003	
  2.9940000000000000e+004	  4.2500197610737666e+002	  1.1594002358677430e+003	
  2.9970000000000000e+004	  4.2440877234263365e+002	  1.1547170144533691e+003	
  3.0000000000000000e+004	  4.2381556857789076e+002	  1.1500337930389949e+003	
  3.0030000000000000e+004	  4.2322236481314775e+002	  1.1453505716246209e+003	
  3.0060000000000000e+004	  4.2262916104840485e+002	  1.1406673502102469e+003	
  3.0090000000000000e+004	  4.2203595728366184e+002	  1.1359841287958727e+003	
  3.0120000000000000e+004	  4.1515746329517378e+002	  1.1206247836915854e+003	
  3.0150000000000000e+004	  3.9400947658184936e+002	  1.1165602826968809e+003	
  3.0180000000000000e+004	  4.1753580304951589e+002	  1.1457453409721745e+003	
  3.0210000000000000e+004	  4.1046099315030847e+002	  1.1864401735218869e+003	
  3.0240000000000000e+004	  4.2429234696449214e+002	  1.2043723483494302e+003	
  3.0270000000000000e+004	  4.0955390941794440e+002	  1.1743796436893326e+003	
  3.0300000000000000e+004	  4.3967925632529324e+002	  1.1341312587585383e+003	
  3.0330000000000000e+004	  4.1992454225342107e+002	  1.1140941794511186e+003	
  3.0360000000000000e+004	  4.1776159823464485e+002	  1.0994977247537688e+003	
  3.0390000000000000e+004	  4.2200100686109545e+002	  1.1002921246524566e+003	
  3.0420000000000000e+004	  4.2409470932373608e+002	  1.1045044653629407e+003	
  3.0450000000000000e+004	  4.2618841178637655e+002	  1.1087168060734248e+003	
  3.0480000000000000e+004	  4.2828211424901724e+002	  1.1129291467839087e+003	
  3.0510000000000000e+004	  4.3037581671165776e+002	  1.1171414874943928e+003	
  3.0540000000000000e+004	  4.3246951917429845e+002	  1.1213538282048767e+003	
  3.0570000000000000e+004	  4.5703429501402775e+002	  1.1640013472652483e+003	
  3.0600000000000000e+004	  4.3839500912803982e+002	  1.1816744041626739e+003	
  3.0630000000000000e+004	  4.5476412441898657e+002	  1.1783809536932524e+003	
  3.0660000000000000e+004	  4.7113323970993343e+002	  1.1750875032238309e+003	
  3.0690000000000000e+004	  4.8750235500088030e+002	  1.1717940527544092e+003	
  3.0720000000000000e+004	  5.0387147029182717e+002	  1.1685006022849877e+003	
  3.0750000000000000e+004	  4.4115575572583413e+002	  1.1788330213438330e+003	
  3.0780000000000000e+004	  4.3236779975908252e+002	  1.1763822780333915e+003	
  3.0810000000000000e+004	  4.3590520117694888e+002	  1.1715585371042580e+003	
  3.0840000000000000e+004	  3.7499310999511653e+002	  1.1175515561258051e+003	
  3.0870000000000000e+004	  3.7585908608127835e+002	  1.1177349012368195e+003	
  3.0900000000000000e+004	  4.1605367954968682e+002	  1.1525927695374803e+003	
  3.0930000000000000e+004	  4.3914885303218676e+002	  1.2089363458789057e+003	
  3.0960000000000000e+004	  4.3737536509170980e+002	  1.2236302023426247e+003	
  3.0990000000000000e+004	  4.0188091647505945e+002	  1.1207732044284080e+003	
  3.1020000000000000e+004	  6.0511920302527085e+002	  9.9453961728461707e+002	
  3.1050000000000000e+004	  4.2590514691327917e+002	  7.9739702722026220e+002	
  3.1080000000000000e+004	 -4.7984213998489150e-001	  8.8138578097597963e+002	
  3.1110000000000000e+004	 -9.7341949397812115e+001	  9.0628196200235243e+002	
  3.1140000000000000e+004	 -1.1119617609669329e+002	  9.1428418803890031e+002	
  3.1170000000000000e+004	 -1.4430424946098287e+002	  9.2750010683292487e+002	
  3.1200000000000000e+004	 -1.4392138951995972e+002	  9.2742750867446830e+002	
  3.1230000000000000e+004	 -1.4353852957893653e+002	  9.2735491051601150e+002	
  3.1260000000000000e+004	 -1.4388716960366219e+002	  9.2768410539808201e+002	
  3.1290000000000000e+004	 -1.4594264288180187e+002	  9.2895081737471594e+002	
  3.1320000000000000e+004	 -1.4799811615994156e+002	  9.3021752935134964e+002	
  3.1350000000000000e+004	 -2.4623148336582798e+002	  8.3910384286404212e+002	
  3.1380000000000000e+004	 -5.2463258989194492e+002	  4.5011550572675509e+002	
  3.1410000000000000e+004	 -7.0147906485304941e+002	  3.1003488543931951e+002	
  3.1440000000000000e+004	 -1.0743248851963062e+003	 -2.7586334636187047e+001	
  3.1470000000000000e+004	 -1.5850598758435895e+003	 -3.4168700787723816e+002	
  3.1500000000000000e+004	 -1.8359552628829688e+003	 -4.3295377725075440e+002	
  3.1530000000000000e+004	 -2.1263276329425025e+003	 -5.4518262754758393e+002	
  3.1560000000000000e+004	 -2.1548935021340517e+003	 -6.7688664697066156e+002	
  3.1590000000000000e+004	 -2.1300865265746602e+003	 -6.4645997632185060e+002	
  3.1620000000000000e+004	 -2.1242366408565163e+003	 -6.5597991386684828e+002	
  3.1650000000000000e+004	 -2.1009518767998770e+003	 -6.4532825438505006e+002	
  3.1680000000000000e+004	 -2.0966392556885439e+003	 -6.4538391043866056e+002	
  3.1710000000000000e+004	 -2.0966392556885439e+003	 -6.4538391043866056e+002	
  3.1740000000000000e+004	 -2.0966392556885439e+003	 -6.4538391043866056e+002	
  3.1770000000000000e+004	 -2.0966392556885439e+003	 -6.4538391043866056e+002	
  3.1800000000000000e+004	 -2.0966392556885439e+003	 -6.4538391043866056e+002	
  3.1830000000000000e+004	 -2.0966392556885439e+003	 -6.4538391043866056e+002	
  3.1860000000000000e+004	 -2.0966392556885439e+003	 -6.4538391043866056e+002	
  3.1890000000000000e+004	 -2.0966392556885439e+003	 -6.4538391043866056e+002	
  3.1920000000000000e+004	 -2.0966392556885439e+003	 -6.4538391043866056e+002	
  3.1950000000000000e+004	 -2.1091643251812534e+003	 -6.7158827183815993e+002	
  3.1980000000000000e+004	 -2.1265004422901670e+003	 -7.0785808082009385e+002	
  3.2010000000000000e+004	 -2.1359834509367433e+003	 -7.0632306411266893e+002	
  3.2040000000000000e+004	 -2.1273469217962102e+003	 -6.3859356825413715e+002	
  3.2070000000000000e+004	 -2.1323594956814909e+003	 -6.3152493022816475e+002	
  3.2100000000000000e+004	 -2.1392042082131725e+003	 -6.2701658070580231e+002	
  3.2130000000000000e+004	 -2.1886267754694527e+003	 -4.0233694204646213e+002	
  3.2160000000000000e+004	 -2.2159375300074894e+003	 -2.7151925777413447e+002	
  3.2190000000000000e+004	 -2.1816112969957849e+003	 -4.0797729020885004e+002	
  3.2220000000000000e+004	 -2.1305983190337797e+003	 -6.5668815514634377e+002	
  3.2250000000000000e+004	 -2.1294806513757403e+003	 -6.3985980137418596e+002	
  3.2280000000000000e+004	 -2.1304601899496220e+003	 -6.3890787384811051e+002	
  3.2310000000000000e+004	 -2.1706763403473215e+003	 -6.7457682219014873e+002	
  3.2340000000000000e+004	 -2.2231987041707862e+003	 -5.8961404317347399e+002	
  3.2370000000000000e+004	 -2.6482031097499967e+003	 -6.1900176112185386e+002	
  3.2400000000000000e+004	 -2.8721391678507498e+003	 -6.0358940953408171e+002	
  3.2430000000000000e+004	 -3.1848346082084922e+003	 -5.9834625221051658e+002	
  3.2460000000000000e+004	 -3.6208006591540598e+003	 -8.7667301202281146e+002	
  3.2490000000000000e+004	 -3.9276289344315851e+003	 -1.2463849287544670e+003	
  3.2520000000000000e+004	 -3.9340865760957304e+003	 -1.8462171179566371e+003	
  3.2550000000000000e+004	 -4.0071814912434729e+003	 -2.4242311576520137e+003	
  3.2580000000000000e+004	 -4.0911823713252429e+003	 -2.6215592693878916e+003	
  3.2610000000000000e+004	 -4.3295638788107335e+003	 -2.4800646348168270e+003	
  3.2640000000000000e+004	 -4.7925373994177698e+003	 -2.2752666160819040e+003	
  3.2670000000000000e+004	 -4.8101388258037741e+003	 -2.1543985099673459e+003	
  3.2700000000000000e+004	 -4.8097607853572918e+003	 -2.0386732516377645e+003	
  3.2730000000000000e+004	 -4.8335050348497607e+003	 -1.9194081118206350e+003	
  3.2760000000000000e+004	 -4.8477472781172100e+003	 -1.8374701670993247e+003	
  3.2790000000000000e+004	 -4.8447946178062348e+003	 -1.8414861412282637e+003	
  3.2820000000000000e+004	 -4.8360392144966963e+003	 -1.8504504439721927e+003	
  3.2850000000000000e+004	 -4.8207703876119167e+003	 -1.8533970716118795e+003	
  3.2880000000000000e+004	 -4.8213509940106160e+003	 -1.8489443894132778e+003	
  3.2910000000000000e+004	 -4.8198459687782661e+003	 -1.8467638811366380e+003	
