  0.0000000000000000e+000	  3.4514971245587788e+002	 -3.4016288190658355e+002	
  3.0000000000000000e+001	  3.3630147019339290e+002	 -3.5418883213422544e+002	
  6.0000000000000000e+001	  3.3819752692246072e+002	 -3.6398473027219370e+002	
  9.0000000000000000e+001	  3.4551086413317211e+002	 -3.4038551354365200e+002	
  1.2000000000000000e+002	  3.4433711012288506e+002	 -3.4060813225615516e+002	
  1.5000000000000000e+002	  3.3864897543510313e+002	 -3.3348384805606537e+002	
  1.8000000000000000e+002	  3.3891983040442153e+002	 -3.3159145596977766e+002	
  2.1000000000000000e+002	  3.4090616625051462e+002	 -3.4405898177298582e+002	
  2.4000000000000000e+002	  3.3946157051492457e+002	 -3.4172132359113840e+002	
  2.7000000000000000e+002	  3.2230683966569205e+002	 -3.5608120279140712e+002	
  3.0000000000000000e+002	  3.0244347396019526e+002	 -3.6409604877515926e+002	
  3.3000000000000000e+002	  2.7860743410817236e+002	 -3.5964335664176389e+002	
  3.6000000000000000e+002	  2.5558399617375082e+002	 -3.6353945081668581e+002	
  3.9000000000000000e+002	  2.4014473692761945e+002	 -3.7188825423590180e+002	
  4.2000000000000000e+002	  2.3391486814581825e+002	 -3.6821478549215948e+002	
  4.5000000000000000e+002	  2.2750441075790138e+002	 -3.7311273588004923e+002	
  4.8000000000000000e+002	  2.2073283556718877e+002	 -3.5708306304118184e+002	
  5.1000000000000000e+002	  2.2578894279447286e+002	 -3.4350237817750315e+002	
  5.4000000000000000e+002	  2.2578894279447286e+002	 -3.4350237817750315e+002	
  5.7000000000000000e+002	  2.2578894279447286e+002	 -3.4350237817750315e+002	
  6.0000000000000000e+002	  2.2578894279447286e+002	 -3.4350237817750315e+002	
  6.3000000000000000e+002	  2.2578894279447286e+002	 -3.4350237817750315e+002	
  6.6000000000000000e+002	  2.2578894279447286e+002	 -3.4350237817750315e+002	
  6.9000000000000000e+002	  2.2578894279447286e+002	 -3.4350237817750315e+002	
  7.2000000000000000e+002	  2.2578894279447286e+002	 -3.4350237817750315e+002	
  7.5000000000000000e+002	  2.2578894279447286e+002	 -3.4350237817750315e+002	
  7.8000000000000000e+002	  2.2578894279447286e+002	 -3.4350237817750315e+002	
  8.1000000000000000e+002	  2.2578894279447286e+002	 -3.4350237817750315e+002	
  8.4000000000000000e+002	  2.1080167731132795e+002	 -3.6399697996737046e+002	
  8.7000000000000000e+002	  1.8707223518951787e+002	 -3.9644622613099756e+002	
  9.0000000000000000e+002	  1.6334279306770785e+002	 -4.2889547229462465e+002	
  9.3000000000000000e+002	  1.5410930466811959e+002	 -4.1407743154371917e+002	
  9.6000000000000000e+002	  1.8129499798953000e+002	 -5.5260042476430624e+002	
  9.9000000000000000e+002	  1.8217981924451868e+002	 -5.5745385171154157e+002	
  1.0200000000000000e+003	  1.8217981924451868e+002	 -5.5745385171154157e+002	
  1.0500000000000000e+003	  1.8217981924451868e+002	 -5.5745385171154157e+002	
  1.0800000000000000e+003	  1.8217981924451868e+002	 -5.5745385171154157e+002	
  1.1100000000000000e+003	  1.8217981924451868e+002	 -5.5745385171154157e+002	
  1.1400000000000000e+003	  1.8340543809199451e+002	 -5.3709943002156274e+002	
  1.1700000000000000e+003	  1.8582166004967988e+002	 -4.9697210926062479e+002	
  1.2000000000000000e+003	  1.8823788200736524e+002	 -4.5684478849968690e+002	
  1.2300000000000000e+003	  1.9065410396505061e+002	 -4.1671746773874895e+002	
  1.2600000000000000e+003	  1.9307032592273598e+002	 -3.7659014697781100e+002	
  1.2900000000000000e+003	  2.1680528226950605e+002	 -3.1294584147917976e+002	
  1.3200000000000000e+003	  2.0678331101497278e+002	 -3.0342822462604357e+002	
  1.3500000000000000e+003	  1.9969570496340157e+002	 -2.9652657151211497e+002	
  1.3800000000000000e+003	  1.8448218790540292e+002	 -3.0186979547696075e+002	
  1.4100000000000000e+003	  1.6795947614079714e+002	 -3.0671209783955635e+002	
  1.4400000000000000e+003	  1.7220301455496536e+002	 -3.0398481229481860e+002	
  1.4700000000000000e+003	  1.7373790310840860e+002	 -3.0726867091481506e+002	
  1.5000000000000000e+003	  1.7008123484394719e+002	 -3.0576589306700470e+002	
  1.5300000000000000e+003	  1.7057782157221953e+002	 -3.0520929659088716e+002	
  1.5600000000000000e+003	  1.7039726604951304e+002	 -3.0704602211190922e+002	
  1.5900000000000000e+003	  1.7143556317435775e+002	 -3.0587721722409998e+002	
  1.6200000000000000e+003	  1.7373790504044183e+002	 -3.0175846883511758e+002	
  1.6500000000000000e+003	  1.7459563559815396e+002	 -2.9836331809942732e+002	
  1.6800000000000000e+003	  1.7473107892351476e+002	 -2.9919819942302911e+002	
  1.7100000000000000e+003	  1.7274475861767445e+002	 -3.0548759075614350e+002	
  1.7400000000000000e+003	  1.6236162043631643e+002	 -3.0443007940992715e+002	
  1.7700000000000000e+003	  1.4737381649169697e+002	 -3.1094213436488405e+002	
  1.8000000000000000e+003	  1.3243113478126952e+002	 -3.0860448562350319e+002	
  1.8300000000000000e+003	  1.1279350164671567e+002	 -3.1105344892923364e+002	
  1.8600000000000000e+003	  8.5661996826496832e+001	 -3.1689761262418529e+002	
  1.8900000000000000e+003	  6.8010685008404238e+001	 -3.1817775451274736e+002	
  1.9200000000000000e+003	  6.3722050263008931e+001	 -3.1823339962481930e+002	
  1.9500000000000000e+003	  5.8891586927512279e+001	 -3.1895697756170074e+002	
  1.9800000000000000e+003	  5.8440144709254604e+001	 -3.2029277071529475e+002	
  2.0100000000000000e+003	  5.7943622001527068e+001	 -3.2112764166676965e+002	
  2.0400000000000000e+003	  5.7988762069530324e+001	 -3.2157292222130150e+002	
  2.0700000000000000e+003	  5.8756202301369150e+001	 -3.2162858055480217e+002	
  2.1000000000000000e+003	  6.1239091110448172e+001	 -3.2135028691604685e+002	
  2.1300000000000000e+003	  6.1239091110448172e+001	 -3.2040407764311760e+002	
  2.1600000000000000e+003	  6.1013428583691756e+001	 -3.2185121783617467e+002	
  2.1900000000000000e+003	  6.1239134321968166e+001	 -3.2201819066257610e+002	
  2.2200000000000000e+003	  6.1419691906305118e+001	 -3.2212950228055524e+002	
  2.2500000000000000e+003	  6.2232313913027497e+001	 -3.2168423906297414e+002	
  2.2800000000000000e+003	  6.1871109946582848e+001	 -3.2096067525544879e+002	
  2.3100000000000000e+003	  6.1825948337792667e+001	 -3.2307570594441796e+002	
  2.3400000000000000e+003	  6.3405974984115801e+001	 -3.2285305615889501e+002	
  2.3700000000000000e+003	  7.1261042293950823e+001	 -3.2485678422803585e+002	
  2.4000000000000000e+003	  7.1125630232751178e+001	 -3.2240780823128677e+002	
  2.4300000000000000e+003	  6.4850622384088496e+001	 -3.2073804547111814e+002	
  2.4600000000000000e+003	  4.3948985647059502e+001	 -3.2218515987595464e+002	
  2.4900000000000000e+003	  2.8058404397375380e+001	 -3.2624823847355145e+002	
  2.5200000000000000e+003	  2.8690455484615278e+001	 -3.2814062825692417e+002	
  2.5500000000000000e+003	  2.7516724922326102e+001	 -3.3481964956074506e+002	
  2.5800000000000000e+003	  2.3318416028952271e+001	 -3.4617399239759345e+002	
  2.6100000000000000e+003	  2.4446988965035121e+001	 -3.4995877588692474e+002	
  2.6400000000000000e+003	  2.6929849250672191e+001	 -3.6097916974615725e+002	
  2.6700000000000000e+003	  2.6568664750304798e+001	 -3.7478249345919892e+002	
  2.7000000000000000e+003	  2.3860061773082418e+001	 -3.8118322818627405e+002	
  2.7300000000000000e+003	  2.2776660801096106e+001	 -3.8352088792832626e+002	
  2.7600000000000000e+003	  2.4221187081437986e+001	 -3.8251901801544398e+002	
  2.7900000000000000e+003	  1.5283066309492748e+001	 -3.9053386094781052e+002	
  2.8200000000000000e+003	  8.7824813179945629e+000	 -3.9348378019046470e+002	
  2.8500000000000000e+003	  8.0149441719442223e+000	 -3.9398468297076124e+002	
  2.8800000000000000e+003	  9.3692835855479135e+000	 -3.9509785970679820e+002	
  2.9100000000000000e+003	  5.3975331724543754e+000	 -3.9632235055416538e+002	
  2.9400000000000000e+003	  3.9528873830588451e+000	 -3.9543181626803300e+002	
  2.9700000000000000e+003	 -3.5000751976432083e+000	 -4.0083069704218116e+002	
  3.0000000000000000e+003	 -4.9441368388751226e+000	 -4.0372494343808972e+002	
  3.0300000000000000e+003	 -5.2146059564466558e+000	 -4.0433718526531908e+002	
  3.0600000000000000e+003	 -3.4994379438000438e+000	 -4.0227780882492993e+002	
  3.0900000000000000e+003	 -4.4026511294795059e+000	 -4.0450416146215804e+002	
  3.1200000000000000e+003	 -5.3951001329832025e+000	 -4.0294570235065333e+002	
  3.1500000000000000e+003	 -6.0269314695245866e+000	 -4.0283440014034073e+002	
  3.1800000000000000e+003	 -6.2973882303828788e+000	 -4.0300138207258851e+002	
  3.2100000000000000e+003	 -6.7947523404026411e+000	 -4.0528337266879299e+002	
  3.2400000000000000e+003	 -7.4712595773509687e+000	 -4.0684181500349132e+002	
  3.2700000000000000e+003	 -8.5545027782322869e+000	 -4.0767670430530723e+002	
  3.3000000000000000e+003	 -9.2768894393583246e+000	 -4.0712010647652005e+002	
  3.3300000000000000e+003	 -9.9537265867430218e+000	 -3.9899395213805872e+002	
  3.3600000000000000e+003	 -1.1172900671232807e+001	 -3.9810342539748581e+002	
  3.3900000000000000e+003	 -1.1398370192828033e+001	 -3.9927224736041370e+002	
  3.4200000000000000e+003	 -1.2572178950473660e+001	 -4.0055239652274986e+002	
  3.4500000000000000e+003	 -1.3745800451573231e+001	 -3.9877132497957945e+002	
  3.4800000000000000e+003	 -2.0201325991958690e+001	 -3.9559878444269543e+002	
  3.5100000000000000e+003	 -2.0743026982161229e+001	 -3.9632234984756826e+002	
  3.5400000000000000e+003	 -1.9027449385284690e+001	 -3.9632234151849190e+002	
  3.5700000000000000e+003	 -1.7221840848392670e+001	 -3.9587708263406631e+002	
  3.6000000000000000e+003	 -1.6860699654916793e+001	 -3.9626668887255471e+002	
  3.6300000000000000e+003	 -1.6228699941078141e+001	 -3.9643366577568128e+002	
  3.6600000000000000e+003	 -1.5822310537774660e+001	 -3.9687893911685012e+002	
  3.6900000000000000e+003	 -1.5686797371352265e+001	 -3.9671196000689707e+002	
  3.7200000000000000e+003	 -1.5100051916289157e+001	 -3.9509786013374867e+002	
  3.7500000000000000e+003	 -1.5506277947131332e+001	 -3.9776948064878405e+002	
  3.7800000000000000e+003	 -1.6815366725711932e+001	 -3.9626669062837180e+002	
  3.8100000000000000e+003	 -1.7763375470881289e+001	 -3.9259323403407518e+002	
  3.8400000000000000e+003	 -1.8756666786266344e+001	 -3.9148006068069549e+002	
  3.8700000000000000e+003	 -1.8666459332302217e+001	 -3.8891976727341591e+002	
  3.9000000000000000e+003	 -1.6860682711814359e+001	 -3.9654497666998884e+002	
  3.9300000000000000e+003	 -1.8124518227683541e+001	 -4.0133162333657856e+002	
  3.9600000000000000e+003	 -1.7131472626538937e+001	 -3.9148006207160910e+002	
  3.9900000000000000e+003	 -1.7131495275701226e+001	 -3.9114610155743594e+002	
  4.0200000000000000e+003	 -1.8124660980875561e+001	 -3.9320547760139107e+002	
  4.0500000000000000e+003	 -1.9885320088853319e+001	 -3.9448561586608855e+002	
  4.0800000000000000e+003	 -2.0065739741259701e+001	 -3.9532049370649349e+002	
  4.1100000000000000e+003	 -1.9524127257072923e+001	 -3.9548747725529040e+002	
  4.1400000000000000e+003	 -1.9930300758662028e+001	 -3.9431864077860337e+002	
  4.1700000000000000e+003	 -1.8621215548577574e+001	 -3.9136873169660419e+002	
  4.2000000000000000e+003	 -1.4738938118071678e+001	 -3.8402180899418045e+002	
  4.2300000000000000e+003	 -1.5370838421113451e+001	 -3.8903108741973881e+002	
  4.2600000000000000e+003	 -1.4739070180260637e+001	 -3.9392903445053599e+002	
  4.2900000000000000e+003	 -1.5280582841589695e+001	 -3.9598840020498363e+002	
  4.3200000000000000e+003	 -1.5325669028752554e+001	 -3.9487521748447784e+002	
  4.3500000000000000e+003	 -1.9614316101666780e+001	 -3.9086781228640507e+002	
  4.3800000000000000e+003	 -1.7673169618288870e+001	 -3.8953200146376355e+002	
  4.4100000000000000e+003	 -1.3520123559663597e+001	 -3.8853015125352005e+002	
  4.4400000000000000e+003	 -1.4558580348282305e+001	 -3.8558026701113374e+002	
  4.4700000000000000e+003	 -1.5596626424073737e+001	 -3.8602551693879832e+002	
  4.5000000000000000e+003	 -2.8101234257621364e+001	 -3.7333537150628337e+002	
  4.5300000000000000e+003	 -3.4511781094297646e+001	 -3.6192536991583199e+002	
  4.5600000000000000e+003	 -2.1104099389723100e+001	 -3.4912390054966528e+002	
  4.5900000000000000e+003	 -1.3881269443837033e+001	 -3.4233354840494604e+002	
  4.6200000000000000e+003	 -1.1624114366624747e+001	 -3.4116474018967011e+002	
  4.6500000000000000e+003	 -1.2752748781432469e+001	 -3.4305713493571221e+002	
  4.6800000000000000e+003	 -1.4106931300892308e+001	 -3.4706453755230251e+002	
  4.7100000000000000e+003	 -1.3790887084180039e+001	 -3.4862297175553095e+002	
  4.7400000000000000e+003	 -1.4377892755310279e+001	 -3.4712019048935360e+002	
  4.7700000000000000e+003	 -1.4919402002861748e+001	 -3.4700885992017982e+002	
  4.8000000000000000e+003	 -1.4693773343821226e+001	 -3.4739849203376758e+002	
  4.8300000000000000e+003	 -1.4648621824054718e+001	 -3.4801073463014757e+002	
  4.8600000000000000e+003	 -1.4919582444995223e+001	 -3.4806638927948421e+002	
  4.8900000000000000e+003	 -1.4738984815290019e+001	 -3.4695322214987129e+002	
  4.9200000000000000e+003	 -1.5054846288999380e+001	 -3.4389200804692803e+002	
  4.9500000000000000e+003	 -1.6002928019091677e+001	 -3.4517214851690312e+002	
  4.9800000000000000e+003	 -1.4874252239298778e+001	 -3.4361371291432692e+002	
  5.0100000000000000e+003	 -2.0491882425791337e+000	 -3.3576585572464944e+002	
  5.0400000000000000e+003	  1.3070979643411189e+001	 -3.2363229001644140e+002	
  5.0700000000000000e+003	  1.7630409582859794e+001	 -3.2001447301654332e+002	
  5.1000000000000000e+003	  2.0203415773784926e+001	 -3.2040408848406605e+002	
  5.1300000000000000e+003	  2.3544088571906350e+001	 -3.2274174328781112e+002	
  5.1600000000000000e+003	  2.6794492152716089e+001	 -3.2302002898268108e+002	
  5.1900000000000000e+003	  2.6794408939016723e+001	 -3.2235214545825977e+002	
  5.2200000000000000e+003	  2.8193747692556236e+001	 -3.2012579987174223e+002	
  5.2500000000000000e+003	  3.4784812747678529e+001	 -3.1105345701360937e+002	
  5.2800000000000000e+003	  5.1442877883385293e+001	 -3.0398482437966550e+002	
  5.3100000000000000e+003	  6.3451119475082884e+001	 -3.0036701661403163e+002	
  5.3400000000000000e+003	  6.4173413560917254e+001	 -3.0114622194945224e+002	
  5.3700000000000000e+003	  6.6250063145298824e+001	 -3.0186978751845618e+002	
  5.4000000000000000e+003	  6.7875292036828569e+001	 -3.0186979649006759e+002	
  5.4300000000000000e+003	  8.6519701718882772e+001	 -3.0042266976105356e+002	
  5.4600000000000000e+003	  9.2072430855030049e+001	 -3.0064532223521320e+002	
  5.4900000000000000e+003	  9.0356972496477141e+001	 -3.0142452751021858e+002	
  5.5200000000000000e+003	  9.4284479875421809e+001	 -3.0504232887850475e+002	
  5.5500000000000000e+003	  9.9295450034019652e+001	 -3.0493103144178502e+002	
  5.5800000000000000e+003	  1.0493845346953719e+002	 -3.0632248129688651e+002	
  5.6100000000000000e+003	  1.0949799606804690e+002	 -3.0821486618218842e+002	
  5.6400000000000000e+003	  1.0945285964888610e+002	 -3.1094213675390296e+002	
  5.6700000000000000e+003	  1.1062661789398355e+002	 -3.0999593983011243e+002	
  5.7000000000000000e+003	  1.1297410673361824e+002	 -3.1550614536826174e+002	
  5.7300000000000000e+003	  1.0891111200613946e+002	 -3.1767682152336437e+002	
  5.7600000000000000e+003	  1.0791799685091391e+002	 -3.1394769018563903e+002	
  5.7900000000000000e+003	  1.1062659150443702e+002	 -3.1428165041638715e+002	
  5.8200000000000000e+003	  1.0850485040545807e+002	 -3.2001448921142116e+002	
  5.8500000000000000e+003	  1.1414781502097487e+002	 -3.1912394432068811e+002	
  5.8800000000000000e+003	  1.1595358833616611e+002	 -3.1194399714352357e+002	
  5.9100000000000000e+003	  1.2624644104344566e+002	 -3.0871580195377362e+002	
  5.9400000000000000e+003	  1.4908929348481414e+002	 -3.0270468852814849e+002	
  5.9700000000000000e+003	  1.6917835892291188e+002	 -2.9007018479718323e+002	
  6.0000000000000000e+003	  1.7698827975448495e+002	 -2.7676777370611734e+002	
  6.0300000000000000e+003	  1.7504709512846389e+002	 -2.6045983014127512e+002	
  6.0600000000000000e+003	  1.7278988701097418e+002	 -2.5194408429915165e+002	
  6.0900000000000000e+003	  1.6917837318591580e+002	 -2.4866021854915797e+002	
  6.1200000000000000e+003	  1.4818640973046394e+002	 -2.3374374295750067e+002	
  6.1500000000000000e+003	  1.2457609317844303e+002	 -2.1520945035778951e+002	
  6.1800000000000000e+003	  1.0597677554633405e+002	 -1.8788109367316196e+002	
  6.2100000000000000e+003	  9.0988978167240703e+001	 -1.5821508256002025e+002	
  6.2400000000000000e+003	  8.7016312481419732e+001	 -1.2498693017192613e+002	
  6.2700000000000000e+003	  9.1756429407132316e+001	 -9.1313549646842233e+001	
  6.3000000000000000e+003	  1.0502876937260812e+002	 -5.6471337131944175e+001	
  6.3300000000000000e+003	  1.2936136367567997e+002	 -2.9087412550364451e+001	
  6.3600000000000000e+003	  1.6303876747574947e+002	 -1.4004335503126047e+001	
  6.3900000000000000e+003	  2.0398439131024068e+002	 -1.6453005864068192e+001	
  6.4200000000000000e+003	  2.4113790835229284e+002	 -2.5747826741811984e+001	
  6.4500000000000000e+003	  2.7418333310338704e+002	 -4.0330339688741574e+001	
  6.4800000000000000e+003	  2.9987026218003098e+002	 -5.0460292280849387e+001	
  6.5100000000000000e+003	  3.1792787075777085e+002	 -5.8308061003459009e+001	
  6.5400000000000000e+003	  3.4388567088763995e+002	 -6.5933224049208363e+001	
  6.5700000000000000e+003	  3.5539740503395331e+002	 -7.2222637795899573e+001	
  6.6000000000000000e+003	  3.5657113985873565e+002	 -7.2055704562221536e+001	
  6.6300000000000000e+003	  3.5634542664942290e+002	 -6.9272719696811265e+001	
  6.6600000000000000e+003	  3.5584883799235934e+002	 -6.9606733830263181e+001	
  6.6900000000000000e+003	  3.5792546811166477e+002	 -7.2055695006710351e+001	
  6.7200000000000000e+003	  3.5571340660593080e+002	 -7.4226397904565857e+001	
  6.7500000000000000e+003	  3.5517168672883855e+002	 -7.5729178735619342e+001	
  6.7800000000000000e+003	  3.5354649239409594e+002	 -7.3781138225786549e+001	
  6.8100000000000000e+003	  3.5571340786926999e+002	 -7.3224524301532412e+001	
  6.8400000000000000e+003	  3.5797060801068039e+002	 -7.4337684096364200e+001	
  6.8700000000000000e+003	  3.5968608688944664e+002	 -7.6230130231825385e+001	
  6.9000000000000000e+003	  3.6483250106065219e+002	 -6.3373008711427588e+001	
  6.9300000000000000e+003	  3.7029492670830507e+002	 -6.0868372101026786e+001	
  6.9600000000000000e+003	  3.7187496089903897e+002	 -6.0590072562852342e+001	
  6.9900000000000000e+003	  3.7390644967368189e+002	 -6.0534373710498812e+001	
  7.0200000000000000e+003	  3.7553162529373651e+002	 -6.3484311451424261e+001	
  7.0500000000000000e+003	  3.7372586336711737e+002	 -6.5488026429991550e+001	
  7.0800000000000000e+003	  3.7237154690516337e+002	 -6.4319137400660296e+001	
  7.1100000000000000e+003	  3.6492279075792942e+002	 -7.2667948186172325e+001	
  7.1400000000000000e+003	  3.6027296210317252e+002	 -6.8048304659685058e+001	
  7.1700000000000000e+003	  3.5982151601592659e+002	 -6.8215283092169642e+001	
  7.2000000000000000e+003	  3.5616484651311356e+002	 -7.0886876954546381e+001	
  7.2300000000000000e+003	  3.5720316356007305e+002	 -6.9050144593233966e+001	
  7.2600000000000000e+003	  3.5526196957143884e+002	 -7.3168888211974107e+001	
  7.2900000000000000e+003	  3.5368192673404599e+002	 -6.8994476894050479e+001	
  7.3200000000000000e+003	  3.5142473457151834e+002	 -7.6452626354032674e+001	
  7.3500000000000000e+003	  3.5476538589968760e+002	 -7.4671666233443560e+001	
  7.3800000000000000e+003	  3.5444937878229314e+002	 -7.3113167190317199e+001	
  7.4100000000000000e+003	  3.5277905160770143e+002	 -6.6322903939113331e+001	
  7.4400000000000000e+003	  3.5372707071723482e+002	 -6.8215283092169642e+001	
  7.4700000000000000e+003	  3.5503625362171715e+002	 -6.7324680985364992e+001	
  7.5000000000000000e+003	  3.5639056950845799e+002	 -7.5673547826865729e+001	
  7.5300000000000000e+003	  3.5833175949921298e+002	 -7.4838585079415225e+001	
  7.5600000000000000e+003	  3.5535226189241405e+002	 -6.9717975886278552e+001	
  7.5900000000000000e+003	  3.5670658337390358e+002	 -7.2111367440137727e+001	
  7.6200000000000000e+003	  3.5675171743045553e+002	 -6.6155898265874683e+001	
  7.6500000000000000e+003	  3.5652600205247626e+002	 -6.9773678125757186e+001	
  7.6800000000000000e+003	  3.5964094106723928e+002	 -6.8604914873912634e+001	
  7.7100000000000000e+003	  3.6058896128044609e+002	 -7.0218995381158805e+001	
  7.7400000000000000e+003	  3.5548768893416911e+002	 -6.5042645157603403e+001	
  7.7700000000000000e+003	  3.5652599808428386e+002	 -6.4541803719216418e+001	
  7.8000000000000000e+003	  3.6131125864806853e+002	 -7.0608545099751808e+001	
  7.8300000000000000e+003	  3.5878319588012994e+002	 -7.1276422075833722e+001	
  7.8600000000000000e+003	  3.6104039979383390e+002	 -7.3391510994120793e+001	
  7.8900000000000000e+003	  3.6641253668531027e+002	 -7.6675331252446895e+001	
  7.9200000000000000e+003	  3.8618560901096708e+002	 -8.7695723463692161e+001	
  7.9500000000000000e+003	  4.0279861301982351e+002	 -9.7436011662186843e+001	
  7.9800000000000000e+003	  4.1728984309197870e+002	 -1.0823376373598464e+002	
  8.0100000000000000e+003	  4.3552802427212748e+002	 -1.2220400939040933e+002	
  8.0400000000000000e+003	  4.4726546185704922e+002	 -1.3923549604384098e+002	
  8.0700000000000000e+003	  4.5128328665591579e+002	 -1.5532086809660214e+002	
  8.1000000000000000e+003	  4.5679084658054745e+002	 -1.7240804350463878e+002	
  8.1300000000000000e+003	  4.6058294467862544e+002	 -1.8760281433878291e+002	
  8.1600000000000000e+003	  4.5552682085070217e+002	 -1.9422617258478635e+002	
  8.1900000000000000e+003	  4.3900411229165695e+002	 -2.0669368155001840e+002	
  8.2200000000000000e+003	  4.2582205468013615e+002	 -2.0914265674447324e+002	
  8.2500000000000000e+003	  4.1733497667799946e+002	 -2.0135045103722700e+002	
  8.2800000000000000e+003	  4.0338548094016107e+002	 -1.8548780454819195e+002	
  8.3100000000000000e+003	  3.9440181898155237e+002	 -1.7446739566376473e+002	
  8.3400000000000000e+003	  3.9534984711498612e+002	 -1.6784399812076987e+002	
  8.3700000000000000e+003	  3.9209947427824989e+002	 -1.6572899581643699e+002	
  8.4000000000000000e+003	  3.8713363682319510e+002	 -1.6728742117538550e+002	
  8.4300000000000000e+003	  3.8632104704807574e+002	 -1.6650821313865293e+002	
  8.4600000000000000e+003	  3.8388327061411599e+002	 -1.6578464627791382e+002	
  8.4900000000000000e+003	  3.7805969628093408e+002	 -1.6628558592781175e+002	
  8.5200000000000000e+003	  3.8203236662914065e+002	 -1.6444885186433149e+002	
  8.5500000000000000e+003	  3.8957141526931264e+002	 -1.7018166832096648e+002	
  8.5800000000000000e+003	  3.8519244319360337e+002	 -1.7886441888075734e+002	
  8.6100000000000000e+003	  3.7620878198102253e+002	 -1.9617421643199464e+002	
  8.6400000000000000e+003	  3.7015949494277891e+002	 -2.0346546473675903e+002	
  8.6700000000000000e+003	  3.6839887467704943e+002	 -2.0741725383884349e+002	
  8.7000000000000000e+003	  3.6546451538261988e+002	 -2.0697197523330752e+002	
  8.7300000000000000e+003	  3.6564509349426487e+002	 -2.1259347887644472e+002	
  8.7600000000000000e+003	  3.5751916829741958e+002	 -2.1615564171612650e+002	
  8.7900000000000000e+003	  3.4356967111389531e+002	 -2.1031149423065821e+002	
  8.8200000000000000e+003	  3.2966531442842120e+002	 -2.0519091511621045e+002	
  8.8500000000000000e+003	  3.1725071164446751e+002	 -1.9956939037517341e+002	
  8.8800000000000000e+003	  3.0605499464806610e+002	 -1.8982915235513798e+002	
  8.9100000000000000e+003	  3.0384293533001079e+002	 -1.8487554332724525e+002	
  8.9400000000000000e+003	  3.0266919238772442e+002	 -1.8571041803129316e+002	
  8.9700000000000000e+003	  3.0090858496573446e+002	 -1.8398498150161620e+002	
  9.0000000000000000e+003	  3.0343663964236879e+002	 -1.8782543417432470e+002	
  9.0300000000000000e+003	  3.0659672449215748e+002	 -2.0140612907677161e+002	
  9.0600000000000000e+003	  2.8813281927226990e+002	 -2.0179572360426323e+002	
  9.0900000000000000e+003	  2.8172237685827167e+002	 -2.0257493020914308e+002	
  9.1200000000000000e+003	  2.8109036714468749e+002	 -1.9684212125379239e+002	
  9.1500000000000000e+003	  2.8262525887129851e+002	 -2.0196269275647222e+002	
  9.1800000000000000e+003	  2.7513135556919957e+002	 -1.9890149133091305e+002	
  9.2100000000000000e+003	  2.8939686166780473e+002	 -1.8799240361593496e+002	
  9.2400000000000000e+003	  2.9923825159020879e+002	 -1.8465288208991217e+002	
  9.2700000000000000e+003	  2.9905767491774361e+002	 -1.8465288208991217e+002	
  9.3000000000000000e+003	  2.9937368806084993e+002	 -1.8370669281941858e+002	
  9.3300000000000000e+003	  3.0271433577947471e+002	 -1.8186998027356253e+002	
  9.3600000000000000e+003	  3.0122458607673724e+002	 -1.8292751519033348e+002	
  9.3900000000000000e+003	  3.0027656201885515e+002	 -1.8181431648591985e+002	
  9.4200000000000000e+003	  2.9838051596931848e+002	 -1.7886440371491082e+002	
  9.4500000000000000e+003	  2.9896740019749814e+002	 -1.8103510094633356e+002	
  9.4800000000000000e+003	  2.9955426385076390e+002	 -1.8153601348684839e+002	
  9.5100000000000000e+003	  2.9819994349281831e+002	 -1.8103508780997959e+002	
  9.5400000000000000e+003	  2.9720677027754817e+002	 -1.8153602209223970e+002	
  9.5700000000000000e+003	  2.9652961413356832e+002	 -1.8148036525575981e+002	
  9.6000000000000000e+003	  3.0086342784645598e+002	 -1.7830784284428267e+002	
  9.6300000000000000e+003	  2.9973483477560541e+002	 -1.7958795869496521e+002	
  9.6600000000000000e+003	  3.0136002581657772e+002	 -1.7919833031934846e+002	
  9.6900000000000000e+003	  3.0045713494829641e+002	 -1.8036721152171938e+002	
  9.7200000000000000e+003	  3.0555841820590337e+002	 -1.8426328154360959e+002	
  9.7500000000000000e+003	  3.1824388172086594e+002	 -1.9584026409971406e+002	
  9.7800000000000000e+003	  3.2636979894330528e+002	 -2.0635972800068822e+002	
  9.8100000000000000e+003	  3.4636860396392422e+002	 -2.1977343299940520e+002	
  9.8400000000000000e+003	  3.5783517384040454e+002	 -2.2867880405232671e+002	
  9.8700000000000000e+003	  3.5702257934772086e+002	 -2.3268620805655027e+002	
  9.9000000000000000e+003	  3.5715801643337659e+002	 -2.3062684752976435e+002	
  9.9300000000000000e+003	  3.5769973623130801e+002	 -2.3435596915640514e+002	
  9.9600000000000000e+003	  3.5891863519316075e+002	 -2.3357676401943769e+002	
  9.9900000000000000e+003	  3.6523879266973080e+002	 -2.2327992975058538e+002	
  1.0020000000000000e+004	  3.6474221615983788e+002	 -2.2545061744675849e+002	
  1.0050000000000000e+004	  3.6429077241398886e+002	 -2.2500533671275952e+002	
  1.0080000000000000e+004	  3.6411019652071110e+002	 -2.2762128770555128e+002	
  1.0110000000000000e+004	  3.6239472555910936e+002	 -2.3185134677909792e+002	
  1.0140000000000000e+004	  3.5873805367103898e+002	 -2.5289029446655468e+002	
  1.0170000000000000e+004	  3.5219217827875906e+002	 -2.6658228037489528e+002	
  1.0200000000000000e+004	  3.4636859589036129e+002	 -2.7632251712182028e+002	
  1.0230000000000000e+004	  3.4266679057293061e+002	 -2.8277891205898146e+002	
  1.0260000000000000e+004	  3.4162847889563608e+002	 -2.8366944621206585e+002	
  1.0290000000000000e+004	  3.3417970962115743e+002	 -2.8750988592779078e+002	
  1.0320000000000000e+004	  3.2370630505826909e+002	 -2.9674921419807799e+002	
  1.0350000000000000e+004	  3.2623436186319282e+002	 -3.0175849200956765e+002	
  1.0380000000000000e+004	  3.4198963315266235e+002	 -3.2302003997453573e+002	
  1.0410000000000000e+004	  3.3797181404721914e+002	 -3.3626676999287611e+002	
  1.0440000000000000e+004	  3.2754353721928544e+002	 -3.4422596151169557e+002	
  1.0470000000000000e+004	  3.0226289063748175e+002	 -3.5407750827155331e+002	
  1.0500000000000000e+004	  2.8406986582969131e+002	 -3.5290867276029815e+002	
  1.0530000000000000e+004	  2.6510937755308919e+002	 -3.2814064799770222e+002	
  1.0560000000000000e+004	  2.5278506599349367e+002	 -3.0982898385949528e+002	
  1.0590000000000000e+004	  2.4249222714563030e+002	 -2.8940228690244857e+002	
  1.0620000000000000e+004	  2.3382457821544321e+002	 -2.7704608937721008e+002	
  1.0650000000000000e+004	  2.1797904231794624e+002	 -2.8867871737927527e+002	
  1.0680000000000000e+004	  1.9251780976456115e+002	 -3.0732433636233537e+002	
  1.0710000000000000e+004	  1.7012638972533469e+002	 -3.1144305927782148e+002	
  1.0740000000000000e+004	  1.4854757015357319e+002	 -3.2151726893682309e+002	
  1.0770000000000000e+004	  1.3035451106056371e+002	 -3.1266754500978857e+002	
  1.0800000000000000e+004	  1.2416980446430378e+002	 -3.0949500939165785e+002	
  1.0830000000000000e+004	  1.1735305580737452e+002	 -3.1010724446733161e+002	
  1.0860000000000000e+004	  9.5593660442878644e+001	 -3.0754696192914446e+002	
  1.0890000000000000e+004	  7.4014861660306366e+001	 -3.0526496603577118e+002	
  1.0920000000000000e+004	  6.8191262968885525e+001	 -3.0298296450629891e+002	
  1.0950000000000000e+004	  6.7875264530332359e+001	 -3.0175848270004434e+002	
  1.0980000000000000e+004	  7.5414280382295104e+001	 -3.0593285694974116e+002	
  1.1010000000000000e+004	  1.0250070317474555e+002	 -3.0827052426979554e+002	
  1.1040000000000000e+004	  1.1419298133731613e+002	 -3.0843747612880588e+002	
  1.1070000000000000e+004	  1.0480303411271666e+002	 -3.0676774066625433e+002	
  1.1100000000000000e+004	  9.8121721435378532e+001	 -3.0415180579331889e+002	
  1.1130000000000000e+004	  9.7173676170973891e+001	 -3.0504233647598238e+002	
  1.1160000000000000e+004	  1.0263612764926415e+002	 -3.0648944699251945e+002	
  1.1190000000000000e+004	  1.1229695632235703e+002	 -3.0576589416845297e+002	
  1.1220000000000000e+004	  1.1920396439067103e+002	 -3.0726867091481506e+002	
  1.1250000000000000e+004	  1.2123546582386089e+002	 -3.0359520904140908e+002	
  1.1280000000000000e+004	  1.1974569734229927e+002	 -3.0955066631704972e+002	
  1.1310000000000000e+004	  1.1830111132980505e+002	 -3.1149872385080528e+002	
  1.1340000000000000e+004	  1.1970054042101719e+002	 -3.1077516507620334e+002	
  1.1370000000000000e+004	  1.2349265163665864e+002	 -3.0793657115869962e+002	
  1.1400000000000000e+004	  1.1879765616818403e+002	 -3.0693472174627260e+002	
  1.1430000000000000e+004	  1.1622445360638294e+002	 -3.0565457812617194e+002	
  1.1460000000000000e+004	  1.1360611290872598e+002	 -3.0854881488846979e+002	
  1.1490000000000000e+004	  1.1857194199566747e+002	 -3.0793656996977154e+002	
  1.1520000000000000e+004	  1.4516177446064245e+002	 -3.0994026351758328e+002	
  1.1550000000000000e+004	  1.7197729169234731e+002	 -3.0776959091433525e+002	
  1.1580000000000000e+004	  1.9951514982055647e+002	 -2.9697184700192253e+002	
  1.1610000000000000e+004	  2.2095854013003253e+002	 -2.8250061478683779e+002	
  1.1640000000000000e+004	  2.4434313232600925e+002	 -2.8550618289403246e+002	
  1.1670000000000000e+004	  2.7291928937053399e+002	 -2.9179559546562166e+002	
  1.1700000000000000e+004	  3.0339150487455845e+002	 -2.9958778948472201e+002	
  1.1730000000000000e+004	  3.3047789823899785e+002	 -3.0827052052074350e+002	
  1.1760000000000000e+004	  3.5666143425961957e+002	 -3.1099779606488607e+002	
  1.1790000000000000e+004	  3.8537301814324030e+002	 -3.0231507138529889e+002	
  1.1820000000000000e+004	  4.1331715995709499e+002	 -2.9079374496326420e+002	
  1.1850000000000000e+004	  4.3525715805555211e+002	 -2.8300154497290976e+002	
  1.1880000000000000e+004	  4.6252413806034644e+002	 -2.7331696044398893e+002	
  1.1910000000000000e+004	  4.8798536520808648e+002	 -2.5912404208120142e+002	
  1.1940000000000000e+004	  5.1746440162228782e+002	 -2.4710180158235244e+002	
  1.1970000000000000e+004	  5.4446051722554398e+002	 -2.3229662913365900e+002	
  1.2000000000000000e+004	  5.7326240640674530e+002	 -2.1632260618047593e+002	
  1.2030000000000000e+004	  6.1226683090191614e+002	 -2.0418904934942313e+002	
  1.2060000000000000e+004	  6.4815631892487875e+002	 -2.0096084498467386e+002	
  1.2090000000000000e+004	  6.7510729855096702e+002	 -1.7697199751184274e+002	
  1.2120000000000000e+004	  6.9510609536789082e+002	 -1.7201840297048676e+002	
  1.2150000000000000e+004	  7.1198995778764834e+002	 -1.7635975806131842e+002	
  1.2180000000000000e+004	  7.4359076421022496e+002	 -1.8287181575734385e+002	
  1.2210000000000000e+004	  7.7446927027966683e+002	 -1.8097944979669364e+002	
  1.2240000000000000e+004	  8.0945587874595037e+002	 -1.8404065830231235e+002	
  1.2270000000000000e+004	  8.3712916011543348e+002	 -2.1047846570745159e+002	
  1.2300000000000000e+004	  8.5189125067676321e+002	 -2.1704617172426524e+002	
  1.2330000000000000e+004	  8.5324557123765044e+002	 -2.1671221939079760e+002	
  1.2360000000000000e+004	  8.6299667907492881e+002	 -2.1348404413972486e+002	
  1.2390000000000000e+004	  8.8809675101095524e+002	 -2.1654525362861750e+002	
  1.2420000000000000e+004	  8.9775757033132379e+002	 -2.1454151130670607e+002	
